image_name,x_0,y_0,z_0,x_1,y_1,z_1,x_2,y_2,z_2,x_3,y_3,z_3,x_4,y_4,z_4,x_5,y_5,z_5,x_6,y_6,z_6,x_7,y_7,z_7,x_8,y_8,z_8,x_9,y_9,z_9,x_10,y_10,z_10,x_11,y_11,z_11,x_12,y_12,z_12,x_13,y_13,z_13,x_14,y_14,z_14,x_15,y_15,z_15,x_16,y_16,z_16,x_17,y_17,z_17,x_18,y_18,z_18,x_19,y_19,z_19,x_20,y_20,z_20,x_21,y_21,z_21,x_22,y_22,z_22,x_23,y_23,z_23,x_24,y_24,z_24,x_25,y_25,z_25,x_26,y_26,z_26,x_27,y_27,z_27,x_28,y_28,z_28,x_29,y_29,z_29,x_30,y_30,z_30,x_31,y_31,z_31,x_32,y_32,z_32
frame_00000.jpg,0.6321805119514465,0.4670330286026001,0.04296351224184036,0.63136887550354,0.4624313712120056,0.03046334907412529,0.6306552290916443,0.4625999331474304,0.03033147193491459,0.6298559904098511,0.4627322852611542,0.030377870425581932,0.6339900493621826,0.46168288588523865,0.037797436118125916,0.6351736187934875,0.4613446891307831,0.03771444037556648,0.636367917060852,0.46099454164505005,0.03771834075450897,0.6310214400291443,0.46460574865341187,-0.0121677927672863,0.6396457552909851,0.4628087878227234,0.02089446783065796,0.6318604946136475,0.4730420708656311,0.03093818947672844,0.6339386105537415,0.47183525562286377,0.03964986652135849,0.6315436959266663,0.49319663643836975,-0.06427966803312302,0.6475396156311035,0.4938703775405884,0.038410037755966187,0.6372087001800537,0.5301171541213989,-0.15971402823925018,0.6487295031547546,0.527420163154602,0.005789423361420631,0.6283891797065735,0.5641265511512756,-0.24789898097515106,0.6402664184570312,0.5651803612709045,-0.0529504232108593,0.6274148225784302,0.5765266418457031,-0.2734939157962799,0.6373902559280396,0.5712675452232361,-0.06251879781484604,0.6235637664794922,0.570872962474823,-0.2689248323440552,0.6340572237968445,0.573276162147522,-0.07330723851919174,0.624654233455658,0.568682074546814,-0.24746286869049072,0.6339424848556519,0.5723413228988647,-0.059855036437511444,0.6350382566452026,0.5931588411331177,-0.02819804847240448,0.6542406678199768,0.5908564925193787,0.028114330023527145,0.633772075176239,0.6448683142662048,0.004430792760103941,0.646318793296814,0.6402409672737122,0.0360148623585701,0.6287919878959656,0.7011985182762146,-0.006135264877229929,0.6466338634490967,0.6911903023719788,0.048106856644153595,0.6314429640769958,0.7118397951126099,-0.009897055104374886,0.6484721899032593,0.700760006904602,0.04795131832361221,0.616130530834198,0.7098726034164429,-0.049173977226018906,0.6444149613380432,0.7061662673950195,0.02010624296963215
frame_00001.jpg,0.6320090889930725,0.46677765250205994,0.028261935338377953,0.631300151348114,0.4617301821708679,0.014704021625220776,0.6305655241012573,0.4618073105812073,0.014600761234760284,0.6297622323036194,0.46188414096832275,0.014647225849330425,0.6339890360832214,0.4610191285610199,0.02643400803208351,0.6351801753044128,0.4606311619281769,0.026358187198638916,0.6364082098007202,0.4602349102497101,0.026365751400589943,0.6307761073112488,0.463609516620636,-0.02996136248111725,0.6399121880531311,0.4618021845817566,0.020949814468622208,0.6316952109336853,0.47224897146224976,0.01558787189424038,0.6339387893676758,0.47130265831947327,0.030040139332413673,0.6344970464706421,0.49108707904815674,-0.08742882311344147,0.6527549028396606,0.4938640594482422,0.052799858152866364,0.6373259425163269,0.5293058156967163,-0.1734236776828766,0.6543914675712585,0.52843177318573,0.055087096989154816,0.6209886074066162,0.5596522092819214,-0.2438403069972992,0.6409409642219543,0.5612601637840271,0.025872567668557167,0.6187520623207092,0.5677239298820496,-0.2685618996620178,0.6380314230918884,0.5684745907783508,0.02262265980243683,0.6166964769363403,0.5657710433006287,-0.2614612281322479,0.6355389952659607,0.5682675838470459,0.011403226293623447,0.6174236536026001,0.5629154443740845,-0.24163779616355896,0.6356135606765747,0.5662497282028198,0.019487503916025162,0.6365258693695068,0.585843026638031,-0.04105702415108681,0.6543306112289429,0.5865200161933899,0.0410073958337307,0.6330912113189697,0.6329203844070435,0.008848940953612328,0.6504345536231995,0.6341304779052734,0.07134896516799927,0.6294278502464294,0.6951233148574829,0.031093621626496315,0.6546831130981445,0.6918443441390991,0.09920800477266312,0.634078860282898,0.7064694166183472,0.03094310127198696,0.6577977538108826,0.7016094923019409,0.10047534853219986,0.6191851496696472,0.7082614302635193,-0.0018380082910880446,0.6441478133201599,0.7060052156448364,0.0788685530424118
frame_00002.jpg,0.6319789886474609,0.4648364782333374,0.04246526211500168,0.6312968134880066,0.45962920784950256,0.029310744255781174,0.6305540800094604,0.45977315306663513,0.02921956777572632,0.6297423243522644,0.4598875641822815,0.029253637418150902,0.6340206861495972,0.4587155282497406,0.04027504846453667,0.6352162957191467,0.4583292603492737,0.040204405784606934,0.6364272832870483,0.45796772837638855,0.040216363966464996,0.6306055784225464,0.4619095027446747,-0.019922124221920967,0.6399866938591003,0.46010521054267883,0.03000958263874054,0.6316270232200623,0.4703249931335449,0.02767084538936615,0.6339412927627563,0.46930992603302,0.041508302092552185,0.6351131200790405,0.49042922258377075,-0.08118526637554169,0.654130756855011,0.49359744787216187,0.05299096181988716,0.63814377784729,0.5293312072753906,-0.15555688738822937,0.6534565687179565,0.5292078256607056,0.03877883404493332,0.6197165846824646,0.5580384135246277,-0.21659500896930695,0.640502393245697,0.5544669032096863,-0.0020499401725828648,0.6160392761230469,0.5655396580696106,-0.2390361726284027,0.6380219459533691,0.5654028654098511,-0.0077576288022100925,0.614827573299408,0.5643879175186157,-0.23278169333934784,0.6355032324790955,0.5655511021614075,-0.017500024288892746,0.6160696744918823,0.5615018606185913,-0.2147241085767746,0.6354995965957642,0.5642067790031433,-0.008153253234922886,0.636572539806366,0.581960916519165,-0.037841156125068665,0.6545507907867432,0.5824496746063232,0.037779200822114944,0.630606472492218,0.6294280886650085,0.004820772912353277,0.6543234586715698,0.6318483352661133,0.05800585821270943,0.6281353235244751,0.6919277906417847,0.025171775370836258,0.6582534909248352,0.6918410062789917,0.08522908389568329,0.6339505314826965,0.7020934820175171,0.027627939358353615,0.6609342098236084,0.701637864112854,0.09293042123317719,0.6176335215568542,0.7075148224830627,-0.02165171317756176,0.6446806192398071,0.7064259648323059,0.05116848275065422
frame_00003.jpg,0.6317459344863892,0.4649822413921356,0.03556167334318161,0.6311811208724976,0.4596875309944153,0.022354744374752045,0.6304522156715393,0.4598831236362457,0.02226085402071476,0.6296764016151428,0.4600315988063812,0.02230052463710308,0.6339408755302429,0.45883578062057495,0.03341395780444145,0.635148823261261,0.4584941267967224,0.03335051238536835,0.6363793611526489,0.45814934372901917,0.03334736078977585,0.6305987238883972,0.4620434641838074,-0.024167178198695183,0.6400126218795776,0.46024030447006226,0.027550268918275833,0.6315636038780212,0.4704661965370178,0.021710066124796867,0.6339386105537415,0.46943399310112,0.03534179553389549,0.6351393461227417,0.490433007478714,-0.08001387864351273,0.6568764448165894,0.4936702847480774,0.04304524511098862,0.6394473314285278,0.5268755555152893,-0.15956541895866394,0.6605930328369141,0.5277084708213806,0.012732135131955147,0.619563639163971,0.5556086897850037,-0.22620348632335663,0.6455143690109253,0.5463186502456665,-0.036994658410549164,0.6151832938194275,0.5623515844345093,-0.2490301877260208,0.6421636939048767,0.5526137948036194,-0.045933037996292114,0.6139346957206726,0.5606516599655151,-0.24368131160736084,0.6407797336578369,0.550764262676239,-0.050418414175510406,0.615625262260437,0.5580779314041138,-0.2247084379196167,0.6410518884658813,0.5490173697471619,-0.041418060660362244,0.6365219354629517,0.5816668272018433,-0.03670909255743027,0.6544241905212402,0.5823765397071838,0.03664702922105789,0.6308005452156067,0.6289421319961548,0.009784352965652943,0.654310941696167,0.6315891742706299,0.06686939299106598,0.6282262802124023,0.6914737224578857,0.028251778334379196,0.6586757898330688,0.6922610402107239,0.08606988936662674,0.6337711215019226,0.7019003629684448,0.027741068974137306,0.6611232161521912,0.7023089528083801,0.08681018650531769,0.6186245679855347,0.706680417060852,-0.006376857403665781,0.6452771425247192,0.7064241170883179,0.062346767634153366
frame_00004.jpg,0.631746232509613,0.4653940498828888,0.019288429990410805,0.6312180757522583,0.4598003625869751,0.0069927251897752285,0.6304848194122314,0.45991086959838867,0.006886597722768784,0.6297139525413513,0.46011415123939514,0.0069181122817099094,0.6340326070785522,0.4589550793170929,0.018451282754540443,0.635224461555481,0.458552747964859,0.01837894693017006,0.6364284753799438,0.45817989110946655,0.0183950737118721,0.6307152509689331,0.46213656663894653,-0.03424050286412239,0.6400514841079712,0.46029984951019287,0.019123783335089684,0.6315644979476929,0.47055190801620483,0.007544717751443386,0.6339403986930847,0.469466894865036,0.021807322278618813,0.6385215520858765,0.48910781741142273,-0.0834786519408226,0.6559562683105469,0.4935314357280731,0.05196503922343254,0.6434236764907837,0.5255710482597351,-0.14888474345207214,0.6493338942527771,0.5295592546463013,0.0575520284473896,0.620374858379364,0.5520561933517456,-0.19574430584907532,0.633999764919281,0.5488884449005127,0.021056655794382095,0.6152377128601074,0.5593302249908447,-0.21787425875663757,0.6313276290893555,0.5566458106040955,0.016606707125902176,0.613562285900116,0.5573221445083618,-0.21189478039741516,0.6291280388832092,0.5564030408859253,0.0040906197391450405,0.6158705949783325,0.5547887086868286,-0.19355149567127228,0.6293684840202332,0.5549955368041992,0.014003081247210503,0.6369060277938843,0.5813843011856079,-0.03988425061106682,0.652908205986023,0.582640528678894,0.0398474782705307,0.6311439275741577,0.6310539245605469,0.008596617728471756,0.6533569097518921,0.6324636936187744,0.0667400136590004,0.6282404661178589,0.6920589804649353,0.030579576268792152,0.6576484441757202,0.6931659579277039,0.0927170068025589,0.6338859796524048,0.7079538106918335,0.03042510151863098,0.6601298451423645,0.7029303312301636,0.09380309283733368,0.6170900464057922,0.7104934453964233,-0.0027647661045193672,0.644645094871521,0.7073114514350891,0.07109041512012482
frame_00005.jpg,0.6318502426147461,0.46592220664024353,-0.006391390226781368,0.6313296556472778,0.4602605104446411,-0.018240252509713173,0.6305663585662842,0.4602520763874054,-0.018355214968323708,0.6297764778137207,0.46033334732055664,-0.018323464319109917,0.6342524290084839,0.459378182888031,-0.005563484970480204,0.6354411244392395,0.45887765288352966,-0.005645155441015959,0.6366091966629028,0.45842382311820984,-0.005642536096274853,0.6308302283287048,0.46221473813056946,-0.05527465417981148,0.6400692462921143,0.46038591861724854,0.003043476026505232,0.6316622495651245,0.47065046429634094,-0.016658319160342216,0.6340617537498474,0.469641774892807,-0.0007705105235800147,0.6403802633285522,0.4891640841960907,-0.09934636950492859,0.6531510353088379,0.49334269762039185,0.0501016303896904,0.6448073983192444,0.5253756642341614,-0.1521100103855133,0.6441251635551453,0.531119167804718,0.058352213352918625,0.6208559274673462,0.5506590008735657,-0.1973857581615448,0.6278437376022339,0.5519132018089294,0.012295872904360294,0.6154757738113403,0.5574778914451599,-0.2195395678281784,0.6247669458389282,0.5589550733566284,0.006429801229387522,0.6135719418525696,0.5552709102630615,-0.21393850445747375,0.622300386428833,0.5588036179542542,-0.007475921418517828,0.6161018013954163,0.552499532699585,-0.19516626000404358,0.6228820085525513,0.5574538707733154,0.004368429072201252,0.638553261756897,0.5818325281143188,-0.042785774916410446,0.6500623226165771,0.5826759338378906,0.04276035353541374,0.6359867453575134,0.632325291633606,0.00010222716809948906,0.6461046934127808,0.6327381730079651,0.06355467438697815,0.6362020969390869,0.6946704983711243,0.034176308661699295,0.6566819548606873,0.6931247711181641,0.09712091833353043,0.6408482789993286,0.70807284116745,0.034919120371341705,0.6595080494880676,0.7028987407684326,0.09884154796600342,0.623319149017334,0.7094218134880066,-0.002813349710777402,0.6397110819816589,0.7075608372688293,0.07183492928743362
frame_00006.jpg,0.6317728757858276,0.46711671352386475,-0.016792261973023415,0.6313297152519226,0.46141868829727173,-0.028158461675047874,0.6305681467056274,0.46123892068862915,-0.02827443554997444,0.629784882068634,0.46113789081573486,-0.028246456757187843,0.6342517137527466,0.46065643429756165,-0.013997380621731281,0.6354407668113708,0.4600605070590973,-0.014081604778766632,0.6366086006164551,0.4595012366771698,-0.014092803001403809,0.6311601400375366,0.46243610978126526,-0.062093645334243774,0.640031635761261,0.4606787860393524,0.002511737635359168,0.6316496729850769,0.4712190330028534,-0.026086267083883286,0.6339923143386841,0.47046950459480286,-0.008220541290938854,0.6419427990913391,0.4888684153556824,-0.10405902564525604,0.6500175595283508,0.49310532212257385,0.05320940166711807,0.6454445123672485,0.5252987742424011,-0.15187816321849823,0.6405817866325378,0.5328144431114197,0.06547161191701889,0.6211304068565369,0.5506462454795837,-0.18072853982448578,0.6217853426933289,0.552636981010437,0.014930561184883118,0.6152251958847046,0.5582903027534485,-0.2010120153427124,0.6176459193229675,0.5587712526321411,0.008889345452189445,0.613340437412262,0.5555636882781982,-0.19609926640987396,0.6162484884262085,0.5590358376502991,-0.006049856543540955,0.6162256598472595,0.5527246594429016,-0.1783515065908432,0.6174575686454773,0.5577245950698853,0.006346681620925665,0.6409494280815125,0.5814408659934998,-0.044592928141355515,0.6473193764686584,0.5823676586151123,0.04455738142132759,0.6384004354476929,0.6374433040618896,-0.01215574610978365,0.6416126489639282,0.632344126701355,0.06273745000362396,0.6424540281295776,0.696484386920929,0.02653525210916996,0.6451976299285889,0.6926787495613098,0.1002289429306984,0.6465675830841064,0.7085608839988708,0.02683638595044613,0.6486293077468872,0.7064082622528076,0.10214535892009735,0.6300938129425049,0.7084389328956604,-0.012569879181683064,0.6285953521728516,0.7075416445732117,0.07188938558101654
frame_00007.jpg,0.6317650675773621,0.468100905418396,-0.026123475283384323,0.6313366293907166,0.4625174105167389,-0.03696955740451813,0.6305749416351318,0.46233364939689636,-0.0370950922369957,0.6298002004623413,0.4622233211994171,-0.037065062671899796,0.6342794299125671,0.46173813939094543,-0.02210012450814247,0.6354790925979614,0.4611109495162964,-0.02219163440167904,0.636649489402771,0.46051886677742004,-0.02221483364701271,0.6313916444778442,0.463103324174881,-0.06776122748851776,0.6400324106216431,0.46121111512184143,0.0005597621784545481,0.6316578984260559,0.4719153344631195,-0.03444727137684822,0.6339915990829468,0.47135135531425476,-0.01553289033472538,0.6440760493278503,0.4890146255493164,-0.10660558938980103,0.6457716226577759,0.4930932819843292,0.053907234221696854,0.6458346247673035,0.525326132774353,-0.14479544758796692,0.635280966758728,0.5340039730072021,0.07069684565067291,0.6210848093032837,0.550765872001648,-0.16370703279972076,0.6174162030220032,0.5531687140464783,0.020357269793748856,0.61483234167099,0.5587347149848938,-0.18291090428829193,0.6121684908866882,0.5586036443710327,0.014399668201804161,0.6131101846694946,0.5557142496109009,-0.1794152855873108,0.6104066967964172,0.5587684512138367,-0.0013984364923089743,0.6161603331565857,0.5528544783592224,-0.16167141497135162,0.6119171977043152,0.5572704076766968,0.01137633714824915,0.6468323469161987,0.5819584131240845,-0.044764354825019836,0.6407200694084167,0.5816920399665833,0.04472336545586586,0.646328330039978,0.6367093920707703,-0.019342143088579178,0.6367636919021606,0.6317479610443115,0.07383338361978531,0.6509722471237183,0.694959282875061,0.03205930069088936,0.6350380182266235,0.6927940249443054,0.12443453073501587,0.6527776718139648,0.7046287655830383,0.034002188593149185,0.6386071443557739,0.7059181332588196,0.12745057046413422,0.6394863128662109,0.7085602879524231,-0.011988716199994087,0.618720293045044,0.7065363526344299,0.0940079614520073
frame_00008.jpg,0.6308765411376953,0.4687362611293793,-0.012084728106856346,0.6304637789726257,0.46306291222572327,-0.02318827621638775,0.6298568844795227,0.4628688097000122,-0.02329426072537899,0.6292204260826111,0.46272486448287964,-0.023259876295924187,0.6331335306167603,0.46246078610420227,-0.009284025058150291,0.6343625783920288,0.4618851840496063,-0.009370305575430393,0.6355452537536621,0.4613126814365387,-0.009378817863762379,0.6311572790145874,0.46365848183631897,-0.05725761502981186,0.6389673948287964,0.46151551604270935,0.005279495380818844,0.6312328577041626,0.47261282801628113,-0.021629460155963898,0.6331517696380615,0.4720138907432556,-0.00402827188372612,0.6429211497306824,0.48911917209625244,-0.09850922226905823,0.6457849144935608,0.49252933263778687,0.056328315287828445,0.6450948715209961,0.5254534482955933,-0.14287632703781128,0.635097861289978,0.5339696407318115,0.06766723096370697,0.6211808919906616,0.5514422059059143,-0.17042484879493713,0.6206049919128418,0.5533867478370667,0.018796788528561592,0.6150327920913696,0.5592550039291382,-0.19030338525772095,0.6147345304489136,0.5585643649101257,0.012996776029467583,0.6130145788192749,0.5564749240875244,-0.18630936741828918,0.6139091849327087,0.5581170320510864,-0.0013157071080058813,0.6161521673202515,0.5536708235740662,-0.16850033402442932,0.6159998774528503,0.5565351843833923,0.010573584586381912,0.6445602178573608,0.5800225138664246,-0.044226713478565216,0.643754780292511,0.5800838470458984,0.044184595346450806,0.6431907415390015,0.6384754180908203,-0.020695026963949203,0.639639675617218,0.6320731043815613,0.059693388640880585,0.6449064612388611,0.6962716579437256,0.012164738029241562,0.636018693447113,0.6927056908607483,0.09847725182771683,0.6476362347602844,0.7062334418296814,0.012256553396582603,0.6431282758712769,0.708271861076355,0.09983718395233154,0.6388846635818481,0.7072230577468872,-0.032925091683864594,0.6268801689147949,0.7070728540420532,0.062849260866642
frame_00009.jpg,0.6306696534156799,0.4688785672187805,-0.003204038832336664,0.6300943493843079,0.46324121952056885,-0.014629125595092773,0.6294652223587036,0.46305570006370544,-0.014733536168932915,0.6288145780563354,0.4628986716270447,-0.014698227867484093,0.6328546404838562,0.46268588304519653,-0.0017501183319836855,0.6341186165809631,0.46213439106941223,-0.0018333373591303825,0.6353322863578796,0.4615713655948639,-0.0018377111991867423,0.6306403875350952,0.46396276354789734,-0.05108019709587097,0.6386655569076538,0.461593896150589,0.00768802547827363,0.631011962890625,0.4729126989841461,-0.013574549928307533,0.6329106092453003,0.47223225235939026,0.0027466232422739267,0.6421773433685303,0.48915213346481323,-0.09504397213459015,0.6462571024894714,0.49233290553092957,0.0573078989982605,0.6447882652282715,0.5256471037864685,-0.13861778378486633,0.6364294290542603,0.5338746905326843,0.06582124531269073,0.6205459237098694,0.5519263744354248,-0.1632510870695114,0.6211098432540894,0.5530852675437927,0.020044488832354546,0.614376425743103,0.5599265694618225,-0.181888148188591,0.6150139570236206,0.5581420660018921,0.015012593939900398,0.6121832132339478,0.5570679306983948,-0.17786362767219543,0.6137946844100952,0.5585671663284302,0.0015088202198967338,0.6151964664459229,0.5542926788330078,-0.16124582290649414,0.6166821122169495,0.555647075176239,0.012285826727747917,0.6443969011306763,0.5794622302055359,-0.044158924371004105,0.6449629068374634,0.5793654918670654,0.044117216020822525,0.6425041556358337,0.6347160339355469,-0.01815924607217312,0.6410133838653564,0.6317437887191772,0.05235537141561508,0.6382278203964233,0.6950408816337585,0.006129569839686155,0.6476553678512573,0.6933264136314392,0.07437430322170258,0.6417140960693359,0.7088176012039185,0.005469493102282286,0.6507580876350403,0.7078836560249329,0.0746205598115921,0.6204813718795776,0.7070473432540894,-0.035659659653902054,0.6333487033843994,0.7073280811309814,0.04517032206058502
frame_00010.jpg,0.6283636093139648,0.4687335789203644,0.01188442949205637,0.6279997825622559,0.4631980061531067,0.00015629720292054117,0.6276928186416626,0.4630177319049835,7.234641816467047e-05,0.6273335218429565,0.46287456154823303,9.365165897179395e-05,0.6299508810043335,0.462669312953949,0.013640600256621838,0.6310270428657532,0.4621122479438782,0.013557873666286469,0.6321001052856445,0.4615340828895569,0.01355801708996296,0.6297067999839783,0.4639641046524048,-0.03912591561675072,0.6360595226287842,0.4615268111228943,0.02225693315267563,0.6296074390411377,0.4726356863975525,0.0005362065858207643,0.6306589245796204,0.47204869985580444,0.017535153776407242,0.6417352557182312,0.48908156156539917,-0.08155588805675507,0.646070122718811,0.4912792146205902,0.06438592076301575,0.6433886289596558,0.5263162851333618,-0.11861836910247803,0.6417755484580994,0.5334344506263733,0.0681082084774971,0.6176706552505493,0.5507323741912842,-0.13331292569637299,0.628539502620697,0.5570076107978821,0.02330516278743744,0.6122011542320251,0.5591973662376404,-0.14928372204303741,0.6260174512863159,0.5626032948493958,0.018554868176579475,0.6098819971084595,0.5568658113479614,-0.1444019377231598,0.6231446862220764,0.5625183582305908,0.0068725706078112125,0.6126836538314819,0.5537850856781006,-0.13055485486984253,0.623803973197937,0.5600980520248413,0.016226064413785934,0.6403549909591675,0.5756201148033142,-0.043447669595479965,0.6456006169319153,0.5741475224494934,0.04339928179979324,0.637681245803833,0.6361180543899536,-0.024061521515250206,0.6420916318893433,0.6319381594657898,0.04407033696770668,0.6389889121055603,0.6959339380264282,-0.0013621089747175574,0.6484985947608948,0.693004846572876,0.0601208321750164,0.643936038017273,0.7088413834571838,-0.002142671961337328,0.6503961682319641,0.704602062702179,0.05969090387225151,0.6210742592811584,0.7049559950828552,-0.044015832245349884,0.6337164640426636,0.7068361043930054,0.0281892828643322
frame_00011.jpg,0.6276243925094604,0.4687199294567108,-0.004373031668365002,0.6274139285087585,0.46319249272346497,-0.015572123229503632,0.6272006630897522,0.4630013406276703,-0.015665961429476738,0.6269274353981018,0.4628582000732422,-0.015644477680325508,0.6291497349739075,0.4626396596431732,-0.0018910985672846437,0.6301824450492859,0.4620870351791382,-0.0019838802982121706,0.6312271356582642,0.4615141451358795,-0.001994339283555746,0.6294890642166138,0.46395397186279297,-0.04951666668057442,0.6353451013565063,0.4615083634853363,0.013937209732830524,0.6290887594223022,0.4725300669670105,-0.013645218685269356,0.6299165487289429,0.472016841173172,0.0036374018527567387,0.6418606638908386,0.48904556035995483,-0.08183081448078156,0.6446572542190552,0.4905451238155365,0.06081432104110718,0.6428712010383606,0.5270299911499023,-0.11541493982076645,0.6426449418067932,0.5331354141235352,0.06676632165908813,0.6174359321594238,0.5500887036323547,-0.12361608445644379,0.6315678358078003,0.5584347248077393,0.025255581364035606,0.6120044589042664,0.5586037039756775,-0.13914847373962402,0.6298026442527771,0.5647439956665039,0.020451366901397705,0.6095501184463501,0.5564975738525391,-0.1352660208940506,0.6269518733024597,0.5647401809692383,0.007976217195391655,0.6121709942817688,0.5534996390342712,-0.12112035602331161,0.6272671222686768,0.5621482133865356,0.01794777810573578,0.6403039693832397,0.5747948884963989,-0.043216340243816376,0.6437351107597351,0.5740448832511902,0.04315400868654251,0.6411358118057251,0.6319154500961304,-0.024380290880799294,0.6403213739395142,0.6302959322929382,0.04780300706624985,0.6445192098617554,0.6929556727409363,0.0005381397204473615,0.6414846181869507,0.691276490688324,0.06077905371785164,0.6525884866714478,0.7110772728919983,-0.0003046611091122031,0.644407331943512,0.7017642855644226,0.06023908779025078,0.6317077875137329,0.705194354057312,-0.046477802097797394,0.6236305236816406,0.7044234871864319,0.04029632359743118
frame_00012.jpg,0.6279637813568115,0.46869853138923645,0.06983356177806854,0.6275923848152161,0.4631820619106293,0.05827939510345459,0.6272466778755188,0.4630102515220642,0.05820756405591965,0.6268547773361206,0.46289241313934326,0.05822454020380974,0.629623532295227,0.462616890668869,0.0685308426618576,0.6307151913642883,0.46206897497177124,0.06846669316291809,0.6318052411079407,0.4614996910095215,0.06848622858524323,0.6289186477661133,0.46395349502563477,0.013272307813167572,0.6355139017105103,0.4615149199962616,0.06030728667974472,0.6291236281394958,0.4725005030632019,0.056230586022138596,0.6302664279937744,0.4719034433364868,0.06901676952838898,0.6371723413467407,0.4885764718055725,-0.03706775978207588,0.6471204161643982,0.48909732699394226,0.0795711949467659,0.6418792009353638,0.5269044041633606,-0.08478094637393951,0.6466336846351624,0.5329741835594177,0.07231029123067856,0.6179630160331726,0.5491076111793518,-0.1093362346291542,0.6343308091163635,0.5582722425460815,0.03860523924231529,0.6122463941574097,0.5576670169830322,-0.12338198721408844,0.6325477361679077,0.5646486878395081,0.03557981550693512,0.6098183989524841,0.5559088587760925,-0.11779004335403442,0.6294414401054382,0.5645430684089661,0.02703135274350643,0.6126804947853088,0.5529564619064331,-0.10653331130743027,0.6293022036552429,0.5621231198310852,0.033255673944950104,0.636752724647522,0.5704642534255981,-0.03687254339456558,0.6477171182632446,0.5708678960800171,0.03681353107094765,0.6361595392227173,0.6271084547042847,-0.023118842393159866,0.6460071802139282,0.6296330690383911,0.01679246872663498,0.6347236037254333,0.6877009868621826,-0.028263360261917114,0.6513895392417908,0.69187331199646,0.004536338150501251,0.6397538185119629,0.6991409659385681,-0.0315084382891655,0.6537458300590515,0.7018980383872986,0.0018697477644309402,0.6164780855178833,0.704785943031311,-0.06437807530164719,0.6354723572731018,0.7045422792434692,-0.020765669643878937
frame_00013.jpg,0.6279663443565369,0.4684680998325348,0.06077975779771805,0.626775860786438,0.4630790650844574,0.049458134919404984,0.6260799169540405,0.4629298150539398,0.04938570782542229,0.6253058314323425,0.46285107731819153,0.04940325766801834,0.6293994188308716,0.4625066816806793,0.0605451762676239,0.6305787563323975,0.4619709253311157,0.060484517365694046,0.6317340135574341,0.4614206552505493,0.06049899384379387,0.6256446838378906,0.4639669954776764,0.005492584314197302,0.6348963975906372,0.461515337228775,0.05649294704198837,0.6286748647689819,0.4723105728626251,0.04738219454884529,0.6304155588150024,0.47166621685028076,0.06136465072631836,0.6321040391921997,0.48741641640663147,-0.04605041816830635,0.6463385224342346,0.4887881875038147,0.08012843132019043,0.6385403871536255,0.5269199013710022,-0.09387202560901642,0.6411504745483398,0.5325090885162354,0.07194124907255173,0.6166606545448303,0.5481878519058228,-0.1148398295044899,0.6250237226486206,0.5554546117782593,0.030608583241701126,0.609749436378479,0.557295560836792,-0.12930329144001007,0.6180851459503174,0.5595018267631531,0.026506027206778526,0.6073994040489197,0.5558310747146606,-0.12470235675573349,0.6179320216178894,0.5595390796661377,0.01703747548162937,0.6110872030258179,0.5529052019119263,-0.11251817643642426,0.6195403933525085,0.5581329464912415,0.02455185167491436,0.6365085244178772,0.5702540874481201,-0.03737833350896835,0.6479215621948242,0.5699115991592407,0.037323422729969025,0.6378635168075562,0.6324055194854736,-0.027594124898314476,0.6456355452537537,0.6292742490768433,0.02834404446184635,0.6374931931495667,0.6888905167579651,-0.02795371785759926,0.6479480862617493,0.6918042302131653,0.03221950680017471,0.6443537473678589,0.703369140625,-0.030836407095193863,0.6509842872619629,0.7016096115112305,0.031055664643645287,0.619914174079895,0.70494145154953,-0.06796543300151825,0.6250507831573486,0.7041234970092773,0.006856669671833515
frame_00014.jpg,0.6281203031539917,0.4683704078197479,0.0667203739285469,0.626876175403595,0.46305736899375916,0.0552000030875206,0.6261274814605713,0.462911993265152,0.05512798950076103,0.6253069043159485,0.46284833550453186,0.05514220520853996,0.6295998692512512,0.46247801184654236,0.06567159295082092,0.6307955980300903,0.461933434009552,0.06561262905597687,0.6319642066955566,0.4613740146160126,0.06562939286231995,0.6255231499671936,0.4639691412448883,0.010222172364592552,0.6349314451217651,0.4614331126213074,0.05839089676737785,0.6287819147109985,0.472180038690567,0.0530860610306263,0.6304404735565186,0.47144144773483276,0.06625141203403473,0.6308183670043945,0.4862622916698456,-0.040978532284498215,0.6463696956634521,0.48836129903793335,0.08009790629148483,0.637810468673706,0.5264142155647278,-0.08617231994867325,0.6410735845565796,0.5308536291122437,0.07270275056362152,0.6165083050727844,0.5479755997657776,-0.10515622794628143,0.6233221292495728,0.5537078976631165,0.03321266174316406,0.6093262434005737,0.5573499202728271,-0.11888743937015533,0.6153568029403687,0.5572617650032043,0.02948240004479885,0.606772780418396,0.5559194087982178,-0.114347442984581,0.6149924397468567,0.5572090744972229,0.020100031048059464,0.6107025146484375,0.5529311299324036,-0.10278613865375519,0.6175321340560913,0.5556546449661255,0.02732771635055542,0.6357675194740295,0.5694568157196045,-0.03609779104590416,0.6483364105224609,0.5688689947128296,0.03604435548186302,0.6356661319732666,0.6292173266410828,-0.01909712329506874,0.6467406749725342,0.6295528411865234,0.01990804448723793,0.6312345862388611,0.6872513890266418,-0.015481499023735523,0.6519779562950134,0.6929134130477905,0.017814144492149353,0.6351751089096069,0.6981635689735413,-0.01711924746632576,0.6544889807701111,0.7021706104278564,0.01624595746397972,0.6142376065254211,0.7040233016014099,-0.0468863844871521,0.6353942155838013,0.7051951885223389,-0.0059824781492352486
frame_00015.jpg,0.6243576407432556,0.46880313754081726,0.06040576845407486,0.6231434941291809,0.46339401602745056,0.04828314483165741,0.6225051879882812,0.46326401829719543,0.04820821061730385,0.621855616569519,0.46322739124298096,0.048223305493593216,0.6256915926933289,0.4627901315689087,0.05948701500892639,0.6267802715301514,0.46227502822875977,0.05942368507385254,0.6278325915336609,0.46177661418914795,0.059437431395053864,0.6225765347480774,0.46417394280433655,0.0020914592314511538,0.6313120126724243,0.4619106948375702,0.053472112864255905,0.6252197027206421,0.47259756922721863,0.046361640095710754,0.6269952058792114,0.4721802771091461,0.06047385185956955,0.632278561592102,0.4864714443683624,-0.04988816753029823,0.6453343033790588,0.48852309584617615,0.07722864300012589,0.6361399292945862,0.5264367461204529,-0.10005342960357666,0.6439279317855835,0.5309193730354309,0.07496900111436844,0.6137649416923523,0.5480282306671143,-0.12431170046329498,0.6305013298988342,0.555181622505188,0.046299684792757034,0.6065006256103516,0.5564036965370178,-0.13979069888591766,0.628157913684845,0.560241162776947,0.04447869211435318,0.6044536232948303,0.5548584461212158,-0.13413676619529724,0.6250855326652527,0.5598315596580505,0.03523197025060654,0.6076151132583618,0.5524409413337708,-0.12164457887411118,0.6251510381698608,0.5580303072929382,0.04084201157093048,0.6347862482070923,0.5706655383110046,-0.03621980920433998,0.649109959602356,0.5699016451835632,0.03616967052221298,0.6338584423065186,0.627030611038208,-0.015777062624692917,0.6484063267707825,0.6292485594749451,0.02923482097685337,0.6296288967132568,0.6864834427833557,-0.010065515525639057,0.6529538035392761,0.6932949423789978,0.03183823823928833,0.6333564519882202,0.6964991688728333,-0.011681034229695797,0.6555561423301697,0.7024470567703247,0.03027585707604885,0.6103681325912476,0.7033021450042725,-0.045934055000543594,0.6353870034217834,0.7052319645881653,0.00727366516366601
frame_00016.jpg,0.6235818266868591,0.4689463973045349,0.05523110553622246,0.6223916411399841,0.46346601843833923,0.04348659887909889,0.6218088865280151,0.4633312225341797,0.04341355711221695,0.6212116479873657,0.4633011519908905,0.0434282086789608,0.6246864199638367,0.46292829513549805,0.05503980442881584,0.6257022619247437,0.4624512791633606,0.05497258901596069,0.6267091035842896,0.461997926235199,0.05498574301600456,0.6220694780349731,0.46420156955718994,-0.000992608955129981,0.6302070617675781,0.46215587854385376,0.05197971314191818,0.624376654624939,0.47273966670036316,0.04175274074077606,0.6260994672775269,0.47250813245773315,0.05632636696100235,0.633033037185669,0.4866020381450653,-0.05176550894975662,0.6432597637176514,0.48866698145866394,0.07846339046955109,0.6361063122749329,0.5263260006904602,-0.09809169918298721,0.6429229974746704,0.5309373140335083,0.07564878463745117,0.6141433715820312,0.5478126406669617,-0.11543989181518555,0.628187358379364,0.554635763168335,0.04027809947729111,0.6072169542312622,0.5560415387153625,-0.12963518500328064,0.6263381838798523,0.5595341324806213,0.03772492706775665,0.6045716404914856,0.5543574690818787,-0.12405872344970703,0.6229081153869629,0.5590083599090576,0.027944330126047134,0.6080789566040039,0.5521583557128906,-0.11261612176895142,0.6229574680328369,0.5574016571044922,0.034370966255664825,0.6349502205848694,0.5709680318832397,-0.03687646985054016,0.6490802764892578,0.5699039697647095,0.03682725131511688,0.6338242292404175,0.6269291639328003,-0.020175782963633537,0.6483548879623413,0.628981351852417,0.02658563293516636,0.6303805112838745,0.686633825302124,-0.01755749061703682,0.6530197858810425,0.6932904124259949,0.02196594327688217,0.6343144178390503,0.6968386173248291,-0.019844556227326393,0.655474066734314,0.7024649977684021,0.01991031877696514,0.6127258539199829,0.7034074664115906,-0.05330847576260567,0.6354591846466064,0.7051008939743042,-0.0038549560122191906
frame_00017.jpg,0.6199557185173035,0.47165027260780334,0.04885130375623703,0.6191655397415161,0.46588823199272156,0.037082165479660034,0.6188663244247437,0.4656428098678589,0.03700818866491318,0.6185557246208191,0.4654978811740875,0.03702723607420921,0.6210651397705078,0.46547505259513855,0.048505622893571854,0.6220880746841431,0.4649254083633423,0.04843548685312271,0.6231285333633423,0.4643874168395996,0.04844500869512558,0.6205642819404602,0.4655137360095978,-0.006258683744817972,0.6274550557136536,0.46368351578712463,0.04746105894446373,0.6214483976364136,0.47501519322395325,0.03590506687760353,0.6227824091911316,0.47489312291145325,0.050303369760513306,0.6311221718788147,0.48667511343955994,-0.05455970764160156,0.6436656713485718,0.4885771870613098,0.06718733161687851,0.634456217288971,0.5260218381881714,-0.10877430438995361,0.6519042253494263,0.5293890237808228,0.07434394210577011,0.6117905378341675,0.5465265512466431,-0.14471201598644257,0.6498281955718994,0.5595656633377075,0.04858498275279999,0.6052285432815552,0.5538321137428284,-0.16208013892173767,0.6510008573532104,0.5678215026855469,0.046360988169908524,0.6019644737243652,0.5514468550682068,-0.15471449494361877,0.6483381390571594,0.5679019093513489,0.03798272833228111,0.6054249405860901,0.5493825078010559,-0.14168879389762878,0.6469367742538452,0.565298318862915,0.043932851403951645,0.6339265704154968,0.5705792307853699,-0.03711169958114624,0.6496961116790771,0.5695831775665283,0.037059370428323746,0.6340140104293823,0.6271375417709351,-0.0233839713037014,0.648250937461853,0.6289408802986145,0.028293192386627197,0.6310035586357117,0.6869992017745972,-0.026034187525510788,0.6536223888397217,0.6932129263877869,0.031848568469285965,0.6347468495368958,0.6971547603607178,-0.02879023551940918,0.6558131575584412,0.7023993134498596,0.030698444694280624,0.6138304471969604,0.7033160924911499,-0.06486397236585617,0.637485921382904,0.7048876285552979,0.0019433718407526612
frame_00018.jpg,0.6193995475769043,0.4731583893299103,0.043616969138383865,0.6187602281570435,0.4672418534755707,0.031724147498607635,0.6185446977615356,0.46699193120002747,0.03166250139474869,0.6183151602745056,0.4668491780757904,0.03167690709233284,0.6204659342765808,0.4669753611087799,0.04275118187069893,0.6214380264282227,0.46649545431137085,0.042681388556957245,0.6224414110183716,0.4660106897354126,0.04269253462553024,0.6206399202346802,0.4666534662246704,-0.010905557312071323,0.6268048286437988,0.465079128742218,0.040374379605054855,0.6209428906440735,0.4764065444469452,0.031230691820383072,0.6221164464950562,0.4764099419116974,0.0451124832034111,0.6310328245162964,0.48672208189964294,-0.05587388947606087,0.643812894821167,0.4886513948440552,0.06330203264951706,0.6347032189369202,0.5253527164459229,-0.11672868579626083,0.6522938013076782,0.5291351079940796,0.06884638965129852,0.6118249893188477,0.5460739135742188,-0.15218347311019897,0.6483455896377563,0.560480535030365,0.04308076575398445,0.6054826974868774,0.5533732175827026,-0.16981321573257446,0.6487529277801514,0.5684723258018494,0.04060882702469826,0.6019077301025391,0.5505459904670715,-0.16280731558799744,0.645775556564331,0.5686587691307068,0.03168061375617981,0.6046702861785889,0.5483764410018921,-0.14925280213356018,0.6447056531906128,0.56612229347229,0.0380144864320755,0.6338508725166321,0.5709889531135559,-0.037277381867170334,0.6497441530227661,0.5698639750480652,0.037226103246212006,0.6341454982757568,0.6275532245635986,-0.025829076766967773,0.6480979323387146,0.6290298104286194,0.029514405876398087,0.630943775177002,0.687147855758667,-0.02695222571492195,0.6537366509437561,0.6931092143058777,0.03181297704577446,0.6348302960395813,0.6976580023765564,-0.029661128297448158,0.6559195518493652,0.7024103403091431,0.030387377366423607,0.6123887896537781,0.7033771276473999,-0.06746692955493927,0.6374222040176392,0.7047675848007202,0.004036295227706432
frame_00019.jpg,0.6193584203720093,0.4733909070491791,0.045383792370557785,0.618736207485199,0.4675375819206238,0.033354997634887695,0.6185039281845093,0.4673052728176117,0.03328802436590195,0.6182569265365601,0.4671928584575653,0.033300772309303284,0.6204480528831482,0.467262327671051,0.04444638639688492,0.6214146614074707,0.46678411960601807,0.04437734931707382,0.6224238276481628,0.46629413962364197,0.04438791051506996,0.6205300688743591,0.4670138955116272,-0.010225964710116386,0.6266725659370422,0.4653402268886566,0.04090822488069534,0.6207826733589172,0.47666236758232117,0.03259618952870369,0.621969997882843,0.476620078086853,0.046559520065784454,0.6311525106430054,0.48675060272216797,-0.056868113577365875,0.6439968347549438,0.48867276310920715,0.06423284113407135,0.6349741816520691,0.5252328515052795,-0.11581816524267197,0.6517226696014404,0.5291333794593811,0.06902141869068146,0.6118046641349792,0.5458185076713562,-0.1491500735282898,0.6462427973747253,0.5606549978256226,0.0455748587846756,0.6045753955841064,0.5533071756362915,-0.16636762022972107,0.6462457180023193,0.5683013796806335,0.04344477877020836,0.6016832590103149,0.5502943396568298,-0.1624499261379242,0.6430981755256653,0.5684900879859924,0.03442835807800293,0.604243278503418,0.5479477643966675,-0.14711833000183105,0.6422083377838135,0.5660311579704285,0.04045231640338898,0.6338595747947693,0.5712602734565735,-0.03740262612700462,0.6498143672943115,0.5701191425323486,0.03735121339559555,0.6335605978965759,0.6278276443481445,-0.024449452757835388,0.6479626297950745,0.6290943026542664,0.03027188777923584,0.6302527189254761,0.6871325373649597,-0.020656045526266098,0.6537083387374878,0.6930155158042908,0.03249407559633255,0.6340742707252502,0.697912335395813,-0.02293607033789158,0.6558902263641357,0.7023707628250122,0.031068598851561546,0.612060546875,0.7034240365028381,-0.0600564070045948,0.6373506188392639,0.7046669125556946,0.005372186657041311
frame_00020.jpg,0.6114169955253601,0.47623011469841003,-0.0035295174457132816,0.6112534999847412,0.4699849784374237,-0.014675812795758247,0.6114991903305054,0.4696625769138336,-0.01475607417523861,0.6116765141487122,0.4694417715072632,-0.014730739407241344,0.6119779944419861,0.46959438920021057,-0.00062472716672346,0.6126770973205566,0.4690152108669281,-0.000721101532690227,0.6133146286010742,0.46845296025276184,-0.0007285145693458617,0.6153062582015991,0.4685751795768738,-0.04802973195910454,0.6181120276451111,0.4671727120876312,0.016193458810448647,0.6142752170562744,0.4795595109462738,-0.012389752082526684,0.6147335767745972,0.47943541407585144,0.005404106341302395,0.630419135093689,0.48725736141204834,-0.08242356777191162,0.6359740495681763,0.4894460141658783,0.061237920075654984,0.6337530612945557,0.5277470350265503,-0.12454317510128021,0.6447416543960571,0.5285066962242126,0.07972292602062225,0.609712541103363,0.5450738668441772,-0.14656409621238708,0.6391876339912415,0.5572393536567688,0.05517922714352608,0.6019818186759949,0.5508425831794739,-0.16348063945770264,0.6403499245643616,0.5637809038162231,0.05351889878511429,0.5994856357574463,0.546381413936615,-0.15931984782218933,0.6360534429550171,0.563460648059845,0.04151846840977669,0.6027482748031616,0.5445618033409119,-0.14457611739635468,0.6354598999023438,0.5612218976020813,0.048677101731300354,0.6339100003242493,0.5714155435562134,-0.0415814071893692,0.6489089727401733,0.5702415108680725,0.041548725217580795,0.6336997151374817,0.6285011172294617,-0.024043256416916847,0.6464409828186035,0.6293941140174866,0.04612451046705246,0.6300727725028992,0.687321126461029,0.0037361797876656055,0.6538210511207581,0.6927167177200317,0.0701463520526886,0.6341345906257629,0.6981906294822693,0.0035740092862397432,0.655771017074585,0.7021167874336243,0.07055982202291489,0.6120095252990723,0.703386127948761,-0.03553502634167671,0.6373307704925537,0.7043736577033997,0.04129001125693321
frame_00021.jpg,0.6096707582473755,0.4763328433036804,-0.007876487448811531,0.6097952127456665,0.4701467454433441,-0.018950115889310837,0.6100288033485413,0.4698006212711334,-0.019036661833524704,0.6101825833320618,0.4695539176464081,-0.0190142709761858,0.6104209423065186,0.4697956144809723,-0.004242016933858395,0.6110754609107971,0.4692191183567047,-0.004333858378231525,0.6116438508033752,0.4686700403690338,-0.004339218605309725,0.6137233972549438,0.46854496002197266,-0.05110388994216919,0.6161429286003113,0.4673325717449188,0.0161422248929739,0.6125050783157349,0.47962474822998047,-0.016458630561828613,0.6128745079040527,0.47953033447265625,0.0022252872586250305,0.6306700110435486,0.48728397488594055,-0.08656071126461029,0.6317647695541382,0.48957958817481995,0.06136535853147507,0.6341124773025513,0.5278799533843994,-0.12409643083810806,0.6327757835388184,0.528098464012146,0.08042934536933899,0.6102750301361084,0.543991208076477,-0.1392689049243927,0.6186634302139282,0.5490263104438782,0.04555729031562805,0.6027011871337891,0.5493809580802917,-0.1556646227836609,0.6158834099769592,0.552878737449646,0.04128055274486542,0.6002048254013062,0.5452443361282349,-0.15083689987659454,0.6130515336990356,0.5520011186599731,0.025430068373680115,0.6036163568496704,0.5433762073516846,-0.1366577297449112,0.6140672564506531,0.5506616830825806,0.03590482473373413,0.634492039680481,0.5714871287345886,-0.04417533427476883,0.64556884765625,0.5700801014900208,0.04414907470345497,0.6354256868362427,0.6285355687141418,-0.02902204915881157,0.6448465585708618,0.6297004222869873,0.04263768717646599,0.6303816437721252,0.6875782608985901,-0.002314154524356127,0.6534174680709839,0.6926202774047852,0.060520052909851074,0.6345726251602173,0.7049400210380554,-0.0035910431761294603,0.6556204557418823,0.7021156549453735,0.06038748100399971,0.6132644414901733,0.7040212154388428,-0.03976771607995033,0.6372637152671814,0.7043933272361755,0.03092811442911625
frame_00022.jpg,0.6081024408340454,0.47883254289627075,-0.006958317942917347,0.6082333326339722,0.47237274050712585,-0.01791827753186226,0.6085108518600464,0.4718363881111145,-0.018001370131969452,0.608722448348999,0.47138679027557373,-0.017982598394155502,0.6086421608924866,0.47218674421310425,-0.0032305619679391384,0.6091887950897217,0.4715076982975006,-0.003326553851366043,0.6096781492233276,0.4708281457424164,-0.003338742535561323,0.6124349236488342,0.4698895215988159,-0.04920697957277298,0.6139894723892212,0.46919068694114685,0.01788114570081234,0.6108813285827637,0.4817896783351898,-0.015176279470324516,0.6111408472061157,0.4818340241909027,0.0034427340142428875,0.6299892663955688,0.4872955083847046,-0.0834156721830368,0.6306005120277405,0.4910691976547241,0.061757225543260574,0.6342165470123291,0.5278033018112183,-0.12248829752206802,0.637126088142395,0.528121829032898,0.08375287055969238,0.6093668341636658,0.5422316789627075,-0.13477341830730438,0.6212820410728455,0.5506485104560852,0.04921872168779373,0.6006620526313782,0.5468942523002625,-0.15012332797050476,0.6231727004051208,0.5552709698677063,0.0460975207388401,0.5990100502967834,0.5418421030044556,-0.1436307430267334,0.6179612874984741,0.554731011390686,0.03341522812843323,0.6026182174682617,0.5402916073799133,-0.13130679726600647,0.6184081435203552,0.5532402396202087,0.04188254103064537,0.6356407999992371,0.5716004967689514,-0.04436665028333664,0.6415465474128723,0.570186972618103,0.04433993995189667,0.6392504572868347,0.6330057382583618,-0.03599393367767334,0.6392909288406372,0.6297217607498169,0.041242945939302444,0.6378260850906372,0.6876079440116882,-0.017871180549263954,0.6422934532165527,0.692614734172821,0.06238827109336853,0.6442366242408752,0.7022942900657654,-0.019296642392873764,0.6458166837692261,0.7004700303077698,0.0625365674495697,0.6278046369552612,0.7046658992767334,-0.06504202634096146,0.6202436089515686,0.7027055025100708,0.03045808896422386
frame_00023.jpg,0.6084589958190918,0.47880125045776367,0.0017676498973742127,0.6082546710968018,0.47242864966392517,-0.009250913746654987,0.6084577441215515,0.4719884693622589,-0.009330181404948235,0.6085999608039856,0.4716252386569977,-0.009306779131293297,0.6087803244590759,0.4721955358982086,0.004720044322311878,0.6093317270278931,0.47158387303352356,0.004626230336725712,0.6098319292068481,0.47096729278564453,0.004623700864613056,0.6122037172317505,0.47030383348464966,-0.04279789701104164,0.6141599416732788,0.46942269802093506,0.021161090582609177,0.6111730337142944,0.4818008542060852,-0.007366211153566837,0.6115716695785522,0.4817800223827362,0.010328746400773525,0.6285802721977234,0.48749369382858276,-0.07842343300580978,0.6318987607955933,0.4911085367202759,0.062451742589473724,0.6344671845436096,0.5279369950294495,-0.1210247054696083,0.6387933492660522,0.529162585735321,0.08001149445772171,0.6094551682472229,0.5423546433448792,-0.13351751863956451,0.62545245885849,0.5516510009765625,0.04605342075228691,0.6017419099807739,0.5478892922401428,-0.14904889464378357,0.6253941655158997,0.556533694267273,0.041569773107767105,0.5995910167694092,0.5428885221481323,-0.14254498481750488,0.6215704679489136,0.5559757947921753,0.029042959213256836,0.6031026244163513,0.5406759977340698,-0.13018828630447388,0.6219528913497925,0.5543562769889832,0.038399551063776016,0.6346350908279419,0.5715563297271729,-0.043641842901706696,0.6429370045661926,0.5698549151420593,0.04360999912023544,0.6368221044540405,0.6351736187934875,-0.03238684684038162,0.6406294703483582,0.6292878985404968,0.034283846616744995,0.6320781111717224,0.6876047849655151,-0.01685336045920849,0.6452199220657349,0.6914047002792358,0.05211224406957626,0.6377087831497192,0.7053906917572021,-0.018940629437565804,0.6517723798751831,0.7005519270896912,0.051886387169361115,0.6184300780296326,0.7046468257904053,-0.0622577965259552,0.6312183141708374,0.7027841806411743,0.019102640450000763
frame_00024.jpg,0.6071271896362305,0.4789373278617859,-0.009053954854607582,0.6072076559066772,0.4726748466491699,-0.01981220580637455,0.607582688331604,0.4722454249858856,-0.019896378740668297,0.6079068183898926,0.47190725803375244,-0.019874073565006256,0.6072379946708679,0.472613662481308,-0.0045714909210801125,0.6076262593269348,0.4721439480781555,-0.004669442772865295,0.6079662442207336,0.47169309854507446,-0.004680162761360407,0.61199551820755,0.4706745743751526,-0.04859218746423721,0.6125251054763794,0.4702712893486023,0.020570410415530205,0.6101118326187134,0.48168811202049255,-0.01632685959339142,0.6102458834648132,0.4819125831127167,0.0029671227093786,0.628995418548584,0.4875139892101288,-0.08189314603805542,0.6280938386917114,0.4923546612262726,0.07007722556591034,0.6345228552818298,0.5282796621322632,-0.12029211223125458,0.6332084536552429,0.5291690826416016,0.08666925877332687,0.6098779439926147,0.541796863079071,-0.12800666689872742,0.6204351186752319,0.5466697216033936,0.04475373029708862,0.6023532152175903,0.5474146008491516,-0.14271540939807892,0.6182588338851929,0.5498190522193909,0.04133026301860809,0.6000528931617737,0.5410289168357849,-0.1371767818927765,0.6149132251739502,0.5485531687736511,0.027512511238455772,0.6034407615661621,0.539067804813385,-0.12485545873641968,0.6158044338226318,0.5473519563674927,0.03812083601951599,0.6346970796585083,0.5714271664619446,-0.04557023197412491,0.6405166983604431,0.5696879625320435,0.045552752912044525,0.6367727518081665,0.6346949934959412,-0.04054805263876915,0.6410905122756958,0.6291072964668274,0.03111196681857109,0.6321067214012146,0.687669575214386,-0.02439144067466259,0.6463032960891724,0.6921091079711914,0.051566243171691895,0.6390966176986694,0.7064141631126404,-0.02592158317565918,0.6528348922729492,0.7003210186958313,0.05184555798768997,0.6159284710884094,0.704578697681427,-0.07034565508365631,0.6318637728691101,0.7042054533958435,0.018079014495015144
frame_00025.jpg,0.6054523587226868,0.47837647795677185,-0.020746968686580658,0.6060069799423218,0.47213998436927795,-0.03179354965686798,0.6063639521598816,0.4717465937137604,-0.031893011182546616,0.6066550016403198,0.4714444875717163,-0.03187466040253639,0.6061224937438965,0.4720149338245392,-0.016174832358956337,0.6065354943275452,0.47152960300445557,-0.016270659863948822,0.6068744659423828,0.4710608124732971,-0.01629059389233589,0.6106642484664917,0.4704018533229828,-0.060660190880298615,0.6111227869987488,0.46982496976852417,0.01120417658239603,0.6082435250282288,0.48125725984573364,-0.02818896435201168,0.608346164226532,0.48148787021636963,-0.008249781094491482,0.6292518377304077,0.48734763264656067,-0.09251268208026886,0.6227659583091736,0.4944323003292084,0.06580404937267303,0.6346749663352966,0.5279955267906189,-0.12709328532218933,0.6222994923591614,0.5300222039222717,0.08325209468603134,0.6102362275123596,0.5414208173751831,-0.13603556156158447,0.6067026853561401,0.5412328839302063,0.024746380746364594,0.6038964986801147,0.546404242515564,-0.15130336582660675,0.6035066843032837,0.5426693558692932,0.019007179886102676,0.6019963622093201,0.5401225686073303,-0.14765802025794983,0.600753903388977,0.5403505563735962,0.006657159887254238,0.6041765213012695,0.538590669631958,-0.13352523744106293,0.6020702123641968,0.5396554470062256,0.017111962661147118,0.6362834572792053,0.5710975527763367,-0.04591035470366478,0.6358150243759155,0.5697864890098572,0.04588533937931061,0.6370033621788025,0.6320816278457642,-0.04247303679585457,0.6305892467498779,0.628042459487915,0.049224115908145905,0.6471094489097595,0.6877344250679016,-0.01882866770029068,0.6309424042701721,0.6876842975616455,0.08489011973142624,0.6535956859588623,0.7016503214836121,-0.01791740208864212,0.6360238194465637,0.6978601813316345,0.08648587763309479,0.634884238243103,0.7052536606788635,-0.06433259695768356,0.6140795350074768,0.7013595700263977,0.05603025108575821
frame_00026.jpg,0.6048372983932495,0.4780343770980835,-0.03794914484024048,0.6055315732955933,0.47207218408584595,-0.04764002189040184,0.6059601902961731,0.47170352935791016,-0.047753434628248215,0.6063189506530762,0.47140881419181824,-0.047736529260873795,0.605486273765564,0.4717574119567871,-0.03261217102408409,0.6058615446090698,0.47120362520217896,-0.03272126615047455,0.6061662435531616,0.4706900715827942,-0.0327654704451561,0.6106591820716858,0.4702874422073364,-0.06878593564033508,0.6107990145683289,0.4696078300476074,0.00022169559088069946,0.6074503660202026,0.48097535967826843,-0.04264114052057266,0.6074050068855286,0.48120343685150146,-0.02352750673890114,0.6297734975814819,0.48725417256355286,-0.09438038617372513,0.6188923120498657,0.4964871406555176,0.053467195481061935,0.6347812414169312,0.5279532670974731,-0.1269032508134842,0.6173983216285706,0.5323300957679749,0.06177345663309097,0.6098016500473022,0.5404471158981323,-0.1412159651517868,0.6028439402580261,0.5418973565101624,-0.0009572667768225074,0.6035641431808472,0.5459848046302795,-0.15728142857551575,0.599952757358551,0.5437299013137817,-0.009249738417565823,0.6013437509536743,0.5393829941749573,-0.1544521152973175,0.5975443720817566,0.5407937169075012,-0.02071457728743553,0.6038893461227417,0.5376268029212952,-0.13924840092658997,0.5989646315574646,0.5397627353668213,-0.008470642380416393,0.6403834223747253,0.5710399150848389,-0.0438431017100811,0.6307915449142456,0.5702258944511414,0.04383949562907219,0.639679491519928,0.6310878396034241,-0.0378815159201622,0.6272114515304565,0.6274557113647461,0.04884083569049835,0.6516594886779785,0.6877738237380981,0.0030132594984024763,0.6295885443687439,0.685672402381897,0.08923189342021942,0.6571311950683594,0.6985818147659302,0.0039574396796524525,0.634560763835907,0.6958482265472412,0.09119958430528641,0.6409727931022644,0.7054483890533447,-0.04875887930393219,0.6110171675682068,0.7003275156021118,0.05477706342935562
frame_00027.jpg,0.6051068902015686,0.47738584876060486,-0.0274623092263937,0.6057338714599609,0.47109562158584595,-0.03700188919901848,0.6061354875564575,0.4707973599433899,-0.03710903972387314,0.6064905524253845,0.4705563485622406,-0.037091419100761414,0.605782151222229,0.4710865616798401,-0.021921973675489426,0.606183648109436,0.4707891345024109,-0.02202717587351799,0.6065433621406555,0.4704888164997101,-0.02206077054142952,0.6110440492630005,0.4697766602039337,-0.05853084474802017,0.6113265156745911,0.4694471061229706,0.009448129683732986,0.6072086691856384,0.4806937277317047,-0.03231218829751015,0.6071926355361938,0.48112714290618896,-0.013250497169792652,0.6301405429840088,0.48734286427497864,-0.08924457430839539,0.6179667711257935,0.49744337797164917,0.05767221376299858,0.6348638534545898,0.5274248719215393,-0.124598428606987,0.6174498796463013,0.5322152972221375,0.054899074137210846,0.6134954690933228,0.5406832098960876,-0.14182785153388977,0.605938196182251,0.5372822880744934,-0.026438135653734207,0.6095960140228271,0.5473254919052124,-0.15826945006847382,0.6035077571868896,0.538607656955719,-0.03863067924976349,0.6054903268814087,0.5400013327598572,-0.15599900484085083,0.6014500260353088,0.5352193713188171,-0.04876795411109924,0.6082348823547363,0.538171648979187,-0.14023318886756897,0.6026082634925842,0.5344269871711731,-0.03404700383543968,0.6393545269966125,0.5713555216789246,-0.04128570854663849,0.6309280395507812,0.5716502666473389,0.041283249855041504,0.6391957998275757,0.6311084628105164,-0.037454210221767426,0.6275684237480164,0.6280183792114258,0.04579969495534897,0.648889422416687,0.6887266039848328,0.0068598175421357155,0.6288918256759644,0.6865274906158447,0.0764426738023758,0.65442955493927,0.6984149813652039,0.007403915282338858,0.634472131729126,0.6963542103767395,0.07767384499311447,0.6395587921142578,0.7062073349952698,-0.04450215399265289,0.6137703657150269,0.7005120515823364,0.04246913641691208
frame_00028.jpg,0.6050446629524231,0.47611314058303833,-0.03124832548201084,0.605789065361023,0.4697365164756775,-0.03962012007832527,0.606257975101471,0.46950864791870117,-0.039733145385980606,0.6066890358924866,0.46930691599845886,-0.03971688076853752,0.6057442426681519,0.4698484241962433,-0.02517222799360752,0.606141209602356,0.46972939372062683,-0.025280427187681198,0.6065084934234619,0.4695746600627899,-0.02532092295587063,0.6112854480743408,0.4690215289592743,-0.05615679547190666,0.6112486124038696,0.46923407912254333,0.009802976623177528,0.6070806980133057,0.47998669743537903,-0.03434513136744499,0.6069208383560181,0.48051199316978455,-0.01613014191389084,0.6303238272666931,0.4874557852745056,-0.0828196257352829,0.6163862347602844,0.49801215529441833,0.05750183388590813,0.6349695920944214,0.5272179245948792,-0.11353043466806412,0.6164079904556274,0.5322211384773254,0.043073803186416626,0.6136018633842468,0.5398128032684326,-0.13471224904060364,0.6064201593399048,0.5367739796638489,-0.04939967021346092,0.6097764372825623,0.5474910736083984,-0.15122130513191223,0.6042606830596924,0.5382663607597351,-0.06405103951692581,0.6070812344551086,0.5404064655303955,-0.15098300576210022,0.6024748086929321,0.5344029664993286,-0.07340564578771591,0.609350323677063,0.5385925769805908,-0.13386377692222595,0.6035981774330139,0.5335067510604858,-0.056911297142505646,0.6392455101013184,0.5716866254806519,-0.03901340812444687,0.629086434841156,0.5724746584892273,0.03900764510035515,0.6389037370681763,0.6312876343727112,-0.035209618508815765,0.6267586946487427,0.6286652684211731,0.04079696908593178,0.6490835547447205,0.689203679561615,0.014741028659045696,0.6286318302154541,0.6869640946388245,0.07484795898199081,0.6527407169342041,0.6980416774749756,0.015865666791796684,0.6345461010932922,0.6967076659202576,0.07629790902137756,0.6398658752441406,0.7063323259353638,-0.0370626226067543,0.6136180758476257,0.7007731199264526,0.038559380918741226
frame_00029.jpg,0.6041066646575928,0.47349241375923157,-0.046847276389598846,0.6050960421562195,0.4676044285297394,-0.05267686769366264,0.6058159470558167,0.4673621952533722,-0.0527941957116127,0.6065044403076172,0.46708643436431885,-0.052773505449295044,0.6045870184898376,0.4677819013595581,-0.03884487599134445,0.6049134731292725,0.4677523672580719,-0.03896128758788109,0.6052238345146179,0.4676736891269684,-0.03901685029268265,0.6115847826004028,0.46672913432121277,-0.05841989070177078,0.6103273034095764,0.4677656292915344,0.004827113822102547,0.6068452596664429,0.4782317578792572,-0.04635758697986603,0.6062279939651489,0.4787398874759674,-0.028942689299583435,0.6319552659988403,0.4867072105407715,-0.07445847243070602,0.6140593886375427,0.49951186776161194,0.051870834082365036,0.636583149433136,0.5264164209365845,-0.09672735631465912,0.6127951741218567,0.5338456034660339,0.022738831117749214,0.6135807037353516,0.5392685532569885,-0.1165057048201561,0.6017597913742065,0.5332635045051575,-0.09155358374118805,0.6101011037826538,0.5479375123977661,-0.13275845348834991,0.5991408824920654,0.5330424308776855,-0.11156348139047623,0.6079007387161255,0.5404860973358154,-0.13388681411743164,0.5950658321380615,0.5258560180664062,-0.11942759901285172,0.6100876331329346,0.5389593839645386,-0.11630316078662872,0.5992549657821655,0.5274808406829834,-0.09905941039323807,0.6396692991256714,0.5716844201087952,-0.035933323204517365,0.6260802745819092,0.5724383592605591,0.03592686355113983,0.6395979523658752,0.6312269568443298,-0.03464050218462944,0.6235908269882202,0.6282608509063721,0.03692016750574112,0.6523076295852661,0.6889986395835876,0.025939349085092545,0.6263970732688904,0.6865119338035583,0.08358833193778992,0.6560565829277039,0.6970664262771606,0.027936670929193497,0.6316760182380676,0.696567952632904,0.08611809462308884,0.6432677507400513,0.7063173055648804,-0.031375154852867126,0.6108012795448303,0.7005855441093445,0.03938866779208183
frame_00030.jpg,0.6040505766868591,0.4726213216781616,-0.040482841432094574,0.604981541633606,0.466646671295166,-0.04723609238862991,0.6056900024414062,0.46639731526374817,-0.04734914377331734,0.6063719987869263,0.46611258387565613,-0.04733167961239815,0.6045893430709839,0.4667901396751404,-0.03346419334411621,0.604982316493988,0.46672871708869934,-0.033578477799892426,0.6053608655929565,0.46661660075187683,-0.0336313471198082,0.6116005778312683,0.4656904339790344,-0.056268952786922455,0.6105626225471497,0.46663159132003784,0.00674887141212821,0.606836199760437,0.47745558619499207,-0.041055597364902496,0.606286883354187,0.4779296815395355,-0.023691024631261826,0.6323598027229309,0.48624083399772644,-0.07264849543571472,0.6147264242172241,0.49876612424850464,0.053669922053813934,0.6368575692176819,0.5255813002586365,-0.09787791967391968,0.6153540015220642,0.5336578488349915,0.03008929267525673,0.6143707036972046,0.5400365591049194,-0.11573765426874161,0.604754626750946,0.5362720489501953,-0.07375012338161469,0.6101776361465454,0.548079788684845,-0.13134469091892242,0.602266788482666,0.5375347137451172,-0.09091247618198395,0.6082279086112976,0.5409923791885376,-0.13163861632347107,0.5998584628105164,0.5327321887016296,-0.0998263731598854,0.6103552579879761,0.5392206311225891,-0.11519642174243927,0.6019729971885681,0.5326091647148132,-0.08133766800165176,0.6394835710525513,0.5710176825523376,-0.03625556081533432,0.6264001131057739,0.5719814896583557,0.03624672070145607,0.6394695043563843,0.630282461643219,-0.03417374566197395,0.6230303049087524,0.6269891262054443,0.03333709388971329,0.652772068977356,0.6887212991714478,0.01843409799039364,0.6263770461082458,0.6866418719291687,0.08153191208839417,0.6566087603569031,0.6961632370948792,0.019915249198675156,0.631712019443512,0.6966323852539062,0.08578226715326309,0.6447610855102539,0.706313967704773,-0.035098928958177567,0.6102954149246216,0.7006822228431702,0.02863750234246254
frame_00031.jpg,0.6043528318405151,0.47243139147758484,-0.03143048658967018,0.6051837801933289,0.4665060341358185,-0.04017522558569908,0.6058424711227417,0.46628791093826294,-0.0402844212949276,0.6064690947532654,0.4660440981388092,-0.04026816412806511,0.604987621307373,0.4665690064430237,-0.02548864483833313,0.6054677963256836,0.4664679169654846,-0.02559693157672882,0.6059397459030151,0.46631118655204773,-0.025639930739998817,0.6117652654647827,0.46554526686668396,-0.05745358020067215,0.6112076044082642,0.46608152985572815,0.008798317052423954,0.6072379350662231,0.4771694540977478,-0.03500444442033768,0.6068103313446045,0.4775180518627167,-0.016548216342926025,0.6323646306991577,0.48553410172462463,-0.07998549193143845,0.6161545515060425,0.4985004663467407,0.05706635117530823,0.6391304731369019,0.5250930190086365,-0.10669685900211334,0.6176250576972961,0.5334144830703735,0.04166758805513382,0.6157596707344055,0.5401864647865295,-0.12209825217723846,0.6041005849838257,0.5352006554603577,-0.04356655478477478,0.6125280857086182,0.5484968423843384,-0.13838601112365723,0.6008117198944092,0.5359274744987488,-0.05665404349565506,0.6101308465003967,0.5414895415306091,-0.13677215576171875,0.5981044769287109,0.5319894552230835,-0.06675015389919281,0.6110329627990723,0.5382707715034485,-0.1208595409989357,0.6000164151191711,0.5315248370170593,-0.051323067396879196,0.6392495036125183,0.5701884627342224,-0.036947764456272125,0.6267296075820923,0.5717265605926514,0.036957938224077225,0.6393683552742004,0.6300433874130249,-0.035082392394542694,0.6229544878005981,0.6267450451850891,0.03424503281712532,0.653407096862793,0.6887111663818359,0.012610046193003654,0.6250027418136597,0.6864712834358215,0.07700803875923157,0.6569631099700928,0.6961368918418884,0.013684744946658611,0.6304780840873718,0.6962709426879883,0.07972081750631332,0.643905520439148,0.707045316696167,-0.03763166815042496,0.6088718175888062,0.7007677555084229,0.029088830575346947
frame_00032.jpg,0.6047649383544922,0.472199410200119,-0.030959416180849075,0.605490505695343,0.4663715362548828,-0.04007398337125778,0.6058733463287354,0.4661918878555298,-0.040177036076784134,0.6067703366279602,0.46600350737571716,-0.04015854746103287,0.6055008172988892,0.4663178324699402,-0.024937912821769714,0.6059743165969849,0.4661652445793152,-0.025051003322005272,0.6064318418502808,0.46597230434417725,-0.025096476078033447,0.6129270195960999,0.4656127691268921,-0.05858485773205757,0.6114379167556763,0.4659310579299927,0.00976439006626606,0.6076224446296692,0.4767187535762787,-0.03490111976861954,0.6073123216629028,0.4769928753376007,-0.015808995813131332,0.6329665780067444,0.48527130484580994,-0.08190630376338959,0.617518961429596,0.49797138571739197,0.06003850698471069,0.6412423253059387,0.5247973799705505,-0.1083010882139206,0.6173215508460999,0.5314311385154724,0.06518373638391495,0.6154195070266724,0.5400158762931824,-0.1198800802230835,0.6039199233055115,0.5362161993980408,-0.0034783747978508472,0.6119714975357056,0.5493192076683044,-0.13376881182193756,0.6008328795433044,0.5376984477043152,-0.012613242492079735,0.6085047721862793,0.5406097769737244,-0.13100901246070862,0.5983463525772095,0.5342641472816467,-0.023437393829226494,0.6105729341506958,0.5381611585617065,-0.11772625148296356,0.6000292897224426,0.5335527658462524,-0.010892641730606556,0.6391197443008423,0.5702590346336365,-0.03812549263238907,0.6264132261276245,0.5717368721961975,0.03813986852765083,0.6400876045227051,0.6307984590530396,-0.03738519549369812,0.6231433749198914,0.6272332072257996,0.03498013690114021,0.6542531251907349,0.689926028251648,0.005547388456761837,0.6247235536575317,0.6866233348846436,0.07519801706075668,0.6578883528709412,0.6966878175735474,0.006726868450641632,0.6294523477554321,0.6963968873023987,0.07697180658578873,0.6425749063491821,0.7082949876785278,-0.04282907396554947,0.6082433462142944,0.7008354067802429,0.031636036932468414
frame_00033.jpg,0.6049517393112183,0.47217050194740295,-0.03085959330201149,0.6057546138763428,0.4663456678390503,-0.04030390828847885,0.6059896349906921,0.46618664264678955,-0.04040578752756119,0.6069196462631226,0.4660273492336273,-0.04038747400045395,0.6058305501937866,0.46624457836151123,-0.02484489604830742,0.6063148379325867,0.4660753607749939,-0.024959757924079895,0.6067752242088318,0.46587759256362915,-0.025007028132677078,0.6135146021842957,0.46566882729530334,-0.05991238355636597,0.6115438342094421,0.4658817946910858,0.010169382207095623,0.6078809499740601,0.47659996151924133,-0.035107098519802094,0.6075882315635681,0.47683703899383545,-0.015577073208987713,0.6331246495246887,0.4852648079395294,-0.08423210680484772,0.6182235479354858,0.4978509843349457,0.06195785850286484,0.641408383846283,0.5247852802276611,-0.10876075178384781,0.6179726719856262,0.5312160849571228,0.07267401367425919,0.6152011752128601,0.5400752425193787,-0.11907968670129776,0.6055766344070435,0.5367539525032043,0.010237124748528004,0.611374020576477,0.5495246052742004,-0.1324727088212967,0.6027359962463379,0.5380037426948547,0.002230808138847351,0.6082979440689087,0.5399962663650513,-0.12933650612831116,0.6001632213592529,0.5349653363227844,-0.008773984387516975,0.6103445887565613,0.5380029082298279,-0.11665494740009308,0.6017230749130249,0.5336433053016663,0.0029041667003184557,0.6390066742897034,0.5702875852584839,-0.03971637412905693,0.6263258457183838,0.5718399882316589,0.03972906619310379,0.6403847336769104,0.6315721273422241,-0.038445793092250824,0.6231087446212769,0.6281647086143494,0.035969022661447525,0.6543620824813843,0.6905189752578735,0.004860679153352976,0.6243844032287598,0.6867082118988037,0.07484576851129532,0.657913088798523,0.6973658800125122,0.006303312722593546,0.6289538145065308,0.69645756483078,0.07654648274183273,0.641913890838623,0.7093438506126404,-0.043348245322704315,0.6076627969741821,0.7009757161140442,0.03713556379079819
frame_00034.jpg,0.6048721075057983,0.466708779335022,-0.045837290585041046,0.6058996319770813,0.4611158072948456,-0.05324762314558029,0.6064545512199402,0.4610736072063446,-0.05336625128984451,0.6075881719589233,0.46103423833847046,-0.05335702747106552,0.6058729887008667,0.46090784668922424,-0.03847057372331619,0.6064420938491821,0.4607603847980499,-0.038580261170864105,0.6070989370346069,0.4605560004711151,-0.038631871342659,0.6146667003631592,0.4630764126777649,-0.06570862233638763,0.6127589344978333,0.46269258856773376,0.001291256514377892,0.6077775955200195,0.4726930856704712,-0.04805231839418411,0.6074391603469849,0.47272494435310364,-0.029523814097046852,0.6342484354972839,0.4853144586086273,-0.08669397234916687,0.6173352003097534,0.4976203143596649,0.05164952948689461,0.6411886811256409,0.526248037815094,-0.10898387432098389,0.6174802780151367,0.5308147668838501,0.024597343057394028,0.6143286824226379,0.5369175672531128,-0.1140880137681961,0.6029813885688782,0.5309860110282898,-0.08545244485139847,0.606174111366272,0.5413293838500977,-0.1273632049560547,0.6004617810249329,0.5329493284225464,-0.10287018865346909,0.606263279914856,0.5326831340789795,-0.12604884803295135,0.5965130925178528,0.5264765620231628,-0.11088539659976959,0.6091458201408386,0.5320744514465332,-0.11232630908489227,0.6004397869110107,0.5286506414413452,-0.09303978085517883,0.6392398476600647,0.5714595317840576,-0.03958049416542053,0.6248564124107361,0.5728241801261902,0.03959386795759201,0.6408629417419434,0.6316290497779846,-0.03838767856359482,0.6225306987762451,0.6282559633255005,0.050157465040683746,0.6545799374580383,0.6909714937210083,0.0055573731660842896,0.6246554851531982,0.6865078806877136,0.09650851786136627,0.6579355001449585,0.6984355449676514,0.006576746702194214,0.6292017698287964,0.6964758634567261,0.09868566691875458,0.6407728791236877,0.7097780704498291,-0.04850369319319725,0.6073601841926575,0.7011615633964539,0.05665773153305054
frame_00035.jpg,0.6049355268478394,0.46522924304008484,-0.045539405196905136,0.6060121059417725,0.4596154987812042,-0.05350848287343979,0.6066904664039612,0.45958212018013,-0.053626906126737595,0.6078402400016785,0.45956864953041077,-0.053619422018527985,0.6060136556625366,0.4593812823295593,-0.03824456036090851,0.606744647026062,0.4592167139053345,-0.03835078701376915,0.6075835227966309,0.4589967429637909,-0.038400184363126755,0.6149011254310608,0.461907297372818,-0.06816829741001129,0.6135205030441284,0.46124884486198425,0.0009109203820116818,0.6077709197998047,0.47125208377838135,-0.04860173910856247,0.6074701547622681,0.47127723693847656,-0.02941296622157097,0.6345395445823669,0.48532888293266296,-0.09204254299402237,0.6176678538322449,0.49695536494255066,0.0522218756377697,0.6408448815345764,0.526885986328125,-0.11854853481054306,0.6178399920463562,0.5301944613456726,0.0241302028298378,0.6135101914405823,0.5359240174293518,-0.12067468464374542,0.6020417213439941,0.5275640487670898,-0.08722373843193054,0.6039368510246277,0.5397008657455444,-0.13255739212036133,0.5978156328201294,0.5262046456336975,-0.10420112311840057,0.6046578288078308,0.5311182141304016,-0.13214299082756042,0.5947176218032837,0.522567868232727,-0.1123308390378952,0.6079230308532715,0.530475914478302,-0.11878838390111923,0.5981111526489258,0.5223893523216248,-0.09494487196207047,0.6392021775245667,0.5717713832855225,-0.04097672924399376,0.6252511739730835,0.5730360746383667,0.0409848727285862,0.6401102542877197,0.6314980387687683,-0.042020902037620544,0.6221072673797607,0.6280305981636047,0.0512504056096077,0.6539446115493774,0.6910483241081238,-0.0029842418152838945,0.625035285949707,0.6862453818321228,0.09124406427145004,0.6574261784553528,0.6986485719680786,-0.0025928826071321964,0.6300936937332153,0.6963517069816589,0.09282708913087845,0.6402055025100708,0.7098076939582825,-0.05852412059903145,0.6079439520835876,0.7012272477149963,0.05213340371847153
frame_00036.jpg,0.6050292253494263,0.46506983041763306,-0.05353209376335144,0.6065253615379333,0.4594708979129791,-0.060381121933460236,0.607439398765564,0.4594188928604126,-0.060501061379909515,0.6086215376853943,0.4594046473503113,-0.060490917414426804,0.6062234044075012,0.4593102037906647,-0.04565882682800293,0.6069671511650085,0.4591800570487976,-0.04576898366212845,0.6077996492385864,0.45901110768318176,-0.04582565277814865,0.6153602004051208,0.46175616979599,-0.07015959173440933,0.6138848662376404,0.4612695872783661,-0.0033418163657188416,0.6078706383705139,0.4709339439868927,-0.05480494350194931,0.6075531244277954,0.47103992104530334,-0.036312781274318695,0.6349549293518066,0.48539382219314575,-0.09048270434141159,0.6166501641273499,0.4968619644641876,0.04732590541243553,0.6406816840171814,0.5273170471191406,-0.11707837879657745,0.6161786317825317,0.5302008390426636,0.014069126918911934,0.612600564956665,0.5355417132377625,-0.1214810162782669,0.6016160249710083,0.5281907320022583,-0.10325977951288223,0.6027606725692749,0.5392197370529175,-0.1347046196460724,0.5968748927116394,0.5274879336357117,-0.12231485545635223,0.603317379951477,0.5302029252052307,-0.13334254920482635,0.5942040681838989,0.5226892828941345,-0.1298026740550995,0.6068928837776184,0.5294440984725952,-0.11972840130329132,0.5975403189659119,0.5233400464057922,-0.11082033812999725,0.6391376256942749,0.5723053216934204,-0.04081731662154198,0.62360680103302,0.5732699632644653,0.04082673043012619,0.6400490403175354,0.6314931511878967,-0.04011937230825424,0.6217259168624878,0.6280100345611572,0.05720452591776848,0.6540141701698303,0.6910013556480408,-0.0019427035003900528,0.6248043775558472,0.6862908601760864,0.10437776893377304,0.6579846143722534,0.6986632943153381,-0.001289089908823371,0.6304188966751099,0.6963804364204407,0.10658852756023407,0.6407727003097534,0.7098416686058044,-0.05698930472135544,0.6071376800537109,0.7014127969741821,0.06308950483798981
frame_00037.jpg,0.6050919890403748,0.46409228444099426,-0.05702589824795723,0.6072524189949036,0.4584280848503113,-0.06327924877405167,0.6083768606185913,0.4584445357322693,-0.06339719146490097,0.609594464302063,0.4585178792476654,-0.06339012086391449,0.6067147850990295,0.45819786190986633,-0.04886636510491371,0.6074704527854919,0.458077996969223,-0.0489804781973362,0.6082718372344971,0.4579329788684845,-0.049037810415029526,0.6160439252853394,0.4611683189868927,-0.07088644057512283,0.6143826842308044,0.46071019768714905,-0.0056595769710838795,0.6079376935958862,0.4701080024242401,-0.0576857328414917,0.6076166033744812,0.47029754519462585,-0.03964602202177048,0.635659396648407,0.4856324791908264,-0.09008904546499252,0.6160810589790344,0.4968051016330719,0.045325860381126404,0.6406451463699341,0.5291230082511902,-0.11307676136493683,0.6142622232437134,0.5299931168556213,0.008018756285309792,0.6122264862060547,0.5340341925621033,-0.11359599977731705,0.6004324555397034,0.5273959040641785,-0.11346349865198135,0.6026467084884644,0.5357223749160767,-0.1264147013425827,0.5960623621940613,0.527457058429718,-0.13301202654838562,0.602974534034729,0.5282049775123596,-0.125952810049057,0.5943857431411743,0.5217655301094055,-0.13965338468551636,0.6065798997879028,0.5280504822731018,-0.11212857812643051,0.597319483757019,0.5230310559272766,-0.12078599631786346,0.6394897103309631,0.5724474191665649,-0.04080662876367569,0.6235362887382507,0.5736978650093079,0.04081863537430763,0.6400740146636963,0.6314447522163391,-0.042549051344394684,0.6219180822372437,0.6276509761810303,0.05301212519407272,0.6539865732192993,0.6907330751419067,-0.0025264285504817963,0.6251577138900757,0.6863738298416138,0.09475227445363998,0.6583899259567261,0.6985437273979187,-0.001999007072299719,0.6308994889259338,0.6966361999511719,0.0964241474866867,0.6404749155044556,0.709979772567749,-0.05919364094734192,0.6075264811515808,0.701600968837738,0.05431915447115898
frame_00038.jpg,0.605138897895813,0.4636799395084381,-0.058886587619781494,0.6077514886856079,0.4580006003379822,-0.06526345014572144,0.6089488863945007,0.4580272436141968,-0.06538273394107819,0.6101452708244324,0.4581185281276703,-0.06537559628486633,0.6070787310600281,0.4577687680721283,-0.05078480392694473,0.6078142523765564,0.4576577842235565,-0.050899285823106766,0.608574390411377,0.45753008127212524,-0.05095647647976875,0.6163673400878906,0.4608510434627533,-0.07268068939447403,0.6146913766860962,0.46044015884399414,-0.007319547235965729,0.6079532504081726,0.46972835063934326,-0.05947412922978401,0.6076661348342896,0.469950795173645,-0.04135480523109436,0.6360665559768677,0.4858025014400482,-0.09095875918865204,0.6159372925758362,0.4967479109764099,0.044272929430007935,0.6405472755432129,0.5297078490257263,-0.1120183914899826,0.6143757700920105,0.529708206653595,0.007569043431431055,0.6121593117713928,0.533402681350708,-0.11290398985147476,0.5999379754066467,0.5262796878814697,-0.11407457292079926,0.6028900742530823,0.5347347855567932,-0.12579797208309174,0.5957282781600952,0.5253565311431885,-0.1336420625448227,0.6031299233436584,0.5278194546699524,-0.12551528215408325,0.5943860411643982,0.5208616256713867,-0.14052601158618927,0.6066015958786011,0.5277479887008667,-0.11151760816574097,0.5968848466873169,0.5209213495254517,-0.12152078002691269,0.6397963166236877,0.5727695822715759,-0.04071040451526642,0.6236314177513123,0.5740787982940674,0.040725402534008026,0.6406429409980774,0.6315299272537231,-0.041146066039800644,0.6220576763153076,0.6276339888572693,0.052941907197237015,0.6539213061332703,0.6905861496925354,0.002816725755110383,0.6252828240394592,0.6864109039306641,0.09745094925165176,0.6584488749504089,0.698400616645813,0.003869167296215892,0.6311811804771423,0.6967855095863342,0.09941969811916351,0.6402403116226196,0.7102357745170593,-0.05655442550778389,0.607637345790863,0.7017841935157776,0.056449033319950104
frame_00039.jpg,0.6051711440086365,0.4640997648239136,-0.06269975006580353,0.6079357266426086,0.45834195613861084,-0.06924720108509064,0.6091036796569824,0.45838072896003723,-0.06936447322368622,0.6102105379104614,0.458461195230484,-0.06935365498065948,0.607458233833313,0.45806750655174255,-0.05438382551074028,0.6083145141601562,0.4579469561576843,-0.05448857694864273,0.6091524362564087,0.45778578519821167,-0.05453310161828995,0.6163927316665649,0.46114209294319153,-0.07773394137620926,0.6152384877204895,0.46068763732910156,-0.010407892055809498,0.6080074906349182,0.47006043791770935,-0.06371952593326569,0.6077027320861816,0.4702576994895935,-0.04503183811903,0.6359733939170837,0.4874420762062073,-0.09890904277563095,0.6160019636154175,0.4969674050807953,0.044141221791505814,0.642695963382721,0.5310741662979126,-0.1379736065864563,0.6150559186935425,0.5306119322776794,0.015911700204014778,0.6141308546066284,0.5339620113372803,-0.16306467354297638,0.6008322834968567,0.5276941657066345,-0.09788580238819122,0.6050986051559448,0.536483108997345,-0.1806512326002121,0.5967949032783508,0.5273929834365845,-0.11606472730636597,0.6053261160850525,0.529216468334198,-0.17883072793483734,0.5951557755470276,0.5228607058525085,-0.12494437396526337,0.6089459657669067,0.5289024114608765,-0.16168512403964996,0.5977035760879517,0.5231534242630005,-0.10586349666118622,0.6389172077178955,0.5728387236595154,-0.04182353988289833,0.6245343685150146,0.5741444826126099,0.04181993752717972,0.6354728937149048,0.631354033946991,-0.04547674581408501,0.621962308883667,0.6277631521224976,0.04591453820466995,0.650776743888855,0.690567135810852,-0.0017266909126192331,0.6244824528694153,0.6869276762008667,0.08792273700237274,0.656416118144989,0.6986849904060364,-0.0008494394714944065,0.6312417387962341,0.6976116895675659,0.08959546685218811,0.636834442615509,0.7106212377548218,-0.05778314918279648,0.6081103682518005,0.7024790048599243,0.04585445672273636
frame_00040.jpg,0.6051983833312988,0.46430209279060364,-0.06107401102781296,0.6080183982849121,0.45845404267311096,-0.06792135536670685,0.6091667413711548,0.45848384499549866,-0.06803818047046661,0.6102219820022583,0.45854514837265015,-0.068022720515728,0.6076691746711731,0.458150714635849,-0.05291042476892471,0.6085977554321289,0.458010733127594,-0.05301496386528015,0.6094821691513062,0.4578229486942291,-0.05305778980255127,0.6163898706436157,0.4612291157245636,-0.07716991007328033,0.6154894232749939,0.4607132375240326,-0.009177918545901775,0.6080379486083984,0.47018852829933167,-0.06227508932352066,0.6077231168746948,0.47038784623146057,-0.043392688035964966,0.636162281036377,0.4880586564540863,-0.09872797876596451,0.6162949204444885,0.49726155400276184,0.04500236734747887,0.6433917880058289,0.5314242839813232,-0.13543801009655,0.615302562713623,0.531515896320343,0.012499770149588585,0.6145411729812622,0.533991813659668,-0.15583966672420502,0.6008344888687134,0.5282458066940308,-0.10780380666255951,0.6054194569587708,0.5367727279663086,-0.17252342402935028,0.596468985080719,0.5275135040283203,-0.12722104787826538,0.605547308921814,0.5290558934211731,-0.17062470316886902,0.5945947766304016,0.5226796269416809,-0.1350792795419693,0.6091529130935669,0.5289798974990845,-0.15424154698848724,0.5976366400718689,0.5233194828033447,-0.11562178283929825,0.638937771320343,0.5735055208206177,-0.04203435033559799,0.6243189573287964,0.5745863318443298,0.04202825576066971,0.6361513733863831,0.6314347982406616,-0.043749768286943436,0.620091438293457,0.6287356615066528,0.05104612559080124,0.6515071392059326,0.6905787587165833,0.007143939845263958,0.6233863234519958,0.6878551840782166,0.10160268843173981,0.6570028066635132,0.6987327933311462,0.008665552362799644,0.6296992301940918,0.698115885257721,0.10418964922428131,0.6369535326957703,0.7109750509262085,-0.04844534024596214,0.6073166728019714,0.7033371329307556,0.06183341145515442
frame_00041.jpg,0.6057716608047485,0.464596152305603,-0.05771028250455856,0.6092275977134705,0.45860734581947327,-0.06747904419898987,0.6104136109352112,0.4587843120098114,-0.0675935298204422,0.6114852428436279,0.45895302295684814,-0.06759168207645416,0.6086854934692383,0.4583074450492859,-0.05213842913508415,0.6094935536384583,0.45831120014190674,-0.052235741168260574,0.6102579832077026,0.4582396149635315,-0.05226074904203415,0.6178757548332214,0.4624146521091461,-0.07033492624759674,0.6164801120758057,0.46205854415893555,-0.002116582589223981,0.6088377237319946,0.47026965022087097,-0.06170610338449478,0.6082493662834167,0.4704612195491791,-0.04290943592786789,0.6366780996322632,0.4910563826560974,-0.08945824950933456,0.616484522819519,0.4979269206523895,0.051116593182086945,0.6439173221588135,0.5329653024673462,-0.11662397533655167,0.6151431202888489,0.5340059399604797,0.013620655052363873,0.615111231803894,0.5342118144035339,-0.12762407958507538,0.6005305647850037,0.5285896062850952,-0.0954165831208229,0.6062923073768616,0.5373142957687378,-0.14160439372062683,0.5947874784469604,0.5278946161270142,-0.11379265785217285,0.6064680814743042,0.5293667912483215,-0.13978630304336548,0.59378981590271,0.5219017863273621,-0.12151237577199936,0.6098617911338806,0.5291603803634644,-0.12566524744033813,0.5970045328140259,0.5223046541213989,-0.10303149372339249,0.6398351788520813,0.574134886264801,-0.041163794696331024,0.6245712041854858,0.5756338834762573,0.041158273816108704,0.6377254724502563,0.6330493688583374,-0.042983271181583405,0.6184622049331665,0.6293410658836365,0.044757112860679626,0.6519532799720764,0.6913416981697083,0.013929933309555054,0.6225746870040894,0.6878488659858704,0.09644576907157898,0.6569970846176147,0.6988276243209839,0.016160180792212486,0.6289709210395813,0.6974518299102783,0.09871069341897964,0.639725387096405,0.7108997106552124,-0.03811574727296829,0.6075538396835327,0.7037113904953003,0.05693785101175308
frame_00042.jpg,0.6060396432876587,0.4646735191345215,-0.055150218307971954,0.6095832586288452,0.45901432633399963,-0.06242269277572632,0.610764741897583,0.45923516154289246,-0.06253055483102798,0.611817479133606,0.4594133198261261,-0.06251568347215652,0.6090145111083984,0.45876964926719666,-0.047425754368305206,0.6097829937934875,0.4588460624217987,-0.0475318506360054,0.6105090379714966,0.4588163495063782,-0.04756239801645279,0.6182493567466736,0.4631154239177704,-0.06623014807701111,0.6167646646499634,0.4628559350967407,0.0007804067572578788,0.6092337369918823,0.47048261761665344,-0.056655071675777435,0.6085410118103027,0.4706883132457733,-0.03823118656873703,0.6370632648468018,0.4916166663169861,-0.08415304869413376,0.616597056388855,0.4983554482460022,0.052355654537677765,0.6439453959465027,0.5333871245384216,-0.1106172576546669,0.6150318384170532,0.5349112153053284,0.016189560294151306,0.6153580546379089,0.5343721508979797,-0.12223903089761734,0.6003254652023315,0.5286450982093811,-0.09122379124164581,0.6066545248031616,0.5376774668693542,-0.13600347936153412,0.5940591096878052,0.5280249714851379,-0.10934344679117203,0.606886088848114,0.5295788049697876,-0.13434317708015442,0.5934194922447205,0.52141934633255,-0.1169111579656601,0.6102128028869629,0.5293170213699341,-0.12040852010250092,0.5967016816139221,0.5217778086662292,-0.0986902117729187,0.6400457620620728,0.5746301412582397,-0.03995196893811226,0.6245550513267517,0.5761321187019348,0.03994686156511307,0.6387337446212769,0.6339778900146484,-0.04224736616015434,0.6180027723312378,0.6300437450408936,0.040991321206092834,0.652068018913269,0.692192018032074,0.013847820460796356,0.6221245527267456,0.6879023313522339,0.09451819211244583,0.6569887399673462,0.6992254257202148,0.016075145453214645,0.6284719109535217,0.6972126364707947,0.0965871512889862,0.6397424936294556,0.7113667726516724,-0.036853790283203125,0.6076439619064331,0.7040117383003235,0.05516747757792473
frame_00043.jpg,0.6060810685157776,0.4648303687572479,-0.05354199558496475,0.609611451625824,0.45913031697273254,-0.0605957917869091,0.6107610464096069,0.45939865708351135,-0.06070638447999954,0.6117770671844482,0.45960208773612976,-0.06069142371416092,0.609089195728302,0.458874374628067,-0.0456414669752121,0.609851598739624,0.4589957296848297,-0.045748546719551086,0.6105729937553406,0.4589899480342865,-0.04578714072704315,0.6181504726409912,0.46345049142837524,-0.06703335046768188,0.6167848706245422,0.46319258213043213,0.0006997086456976831,0.6092979311943054,0.47059935331344604,-0.05504332110285759,0.6086168885231018,0.4708499312400818,-0.03646240383386612,0.6369942426681519,0.49194246530532837,-0.08453549444675446,0.6166632771492004,0.4982915222644806,0.052243269979953766,0.6436594128608704,0.5336738228797913,-0.11182989180088043,0.615147590637207,0.5345547199249268,0.019471829757094383,0.6152384281158447,0.5342028737068176,-0.12354328483343124,0.6001492738723755,0.5283481478691101,-0.09598804265260696,0.6064202785491943,0.5369298458099365,-0.13810677826404572,0.593364417552948,0.5278583765029907,-0.11458814144134521,0.6067883968353271,0.5293601155281067,-0.1365736871957779,0.5931870937347412,0.5212463140487671,-0.12202692031860352,0.6100834608078003,0.5291836261749268,-0.12196873128414154,0.5965946912765503,0.5215352177619934,-0.1035245805978775,0.6403747200965881,0.574598491191864,-0.04003424569964409,0.6246846318244934,0.5760708451271057,0.04002869874238968,0.6389836668968201,0.6339759826660156,-0.042220864444971085,0.6179656982421875,0.6300380229949951,0.04265540838241577,0.652345597743988,0.6924055814743042,0.0117275919765234,0.6219135522842407,0.6879721879959106,0.09458841383457184,0.6572160720825195,0.6995680928230286,0.013466320931911469,0.6281762719154358,0.6972663998603821,0.09687136113643646,0.6399160027503967,0.711309552192688,-0.040457405149936676,0.6074808835983276,0.703999936580658,0.054547496140003204
frame_00044.jpg,0.6095093488693237,0.46605241298675537,-0.04571577534079552,0.6125196218490601,0.4611188471317291,-0.049591850489377975,0.6133697032928467,0.4614204466342926,-0.049709565937519073,0.6141549348831177,0.4616824686527252,-0.049699604511260986,0.6119966506958008,0.4608699381351471,-0.037276219576597214,0.6124509572982788,0.4610351622104645,-0.037378378212451935,0.612889289855957,0.461102157831192,-0.03742382675409317,0.6196366548538208,0.4654138684272766,-0.05253579467535019,0.6180323958396912,0.4651825726032257,0.0037667122669517994,0.6118104457855225,0.4727395176887512,-0.04560717195272446,0.611115574836731,0.4728451073169708,-0.03044585883617401,0.6371115446090698,0.4943460524082184,-0.0730145126581192,0.6158567667007446,0.5004543662071228,0.04633522778749466,0.6405405402183533,0.531548798084259,-0.10974167287349701,0.6083624958992004,0.5336199402809143,0.00318388594314456,0.6113999485969543,0.5276820063591003,-0.13101470470428467,0.597684383392334,0.524874746799469,-0.11334065347909927,0.602506160736084,0.5266377925872803,-0.14730612933635712,0.5928136110305786,0.523910641670227,-0.1337529867887497,0.602462649345398,0.5212848782539368,-0.1455393135547638,0.5932763814926147,0.519265353679657,-0.13937604427337646,0.6054186224937439,0.5224243998527527,-0.12994985282421112,0.5959469079971313,0.5194197297096252,-0.12021120637655258,0.6408844590187073,0.5749079585075378,-0.033020660281181335,0.6242654919624329,0.5761136412620544,0.03299858421087265,0.6394892334938049,0.6341026425361633,-0.03809690847992897,0.6156448721885681,0.6295657753944397,0.018390581011772156,0.6530553698539734,0.6923438310623169,0.017655249685049057,0.621918261051178,0.6872717142105103,0.07001739740371704,0.6575117707252502,0.6991091966629028,0.019651802256703377,0.6280052661895752,0.696494996547699,0.07281828671693802,0.6438034176826477,0.7109852433204651,-0.035375289618968964,0.6075688004493713,0.704067587852478,0.028955157846212387
frame_00045.jpg,0.6108927130699158,0.4669667184352875,-0.044146277010440826,0.6137715578079224,0.46246758103370667,-0.04807406663894653,0.6145614385604858,0.4627898335456848,-0.048190638422966,0.6153059601783752,0.46308812499046326,-0.048181694000959396,0.613185465335846,0.4621461033821106,-0.03581725433468819,0.6135493516921997,0.46228888630867004,-0.035919420421123505,0.6139025688171387,0.46235162019729614,-0.03596667945384979,0.6205588579177856,0.4666704833507538,-0.05176502466201782,0.61875319480896,0.4662637710571289,0.003981408663094044,0.6129639148712158,0.4740726053714752,-0.04409752041101456,0.6122425198554993,0.4740312397480011,-0.02907082810997963,0.6370720863342285,0.4949386417865753,-0.07299262285232544,0.6157621741294861,0.5007862448692322,0.04446902126073837,0.6394149661064148,0.53031986951828,-0.11004479229450226,0.6086587309837341,0.531486451625824,0.0020516016520559788,0.6103536486625671,0.5261322259902954,-0.13366559147834778,0.5978423357009888,0.5244985818862915,-0.11383502185344696,0.6013474464416504,0.5247371196746826,-0.15021052956581116,0.593463659286499,0.5239121317863464,-0.13418351113796234,0.6011146903038025,0.5198156237602234,-0.1484435498714447,0.5933571457862854,0.5196264386177063,-0.14003068208694458,0.6041549444198608,0.5210755467414856,-0.1326257884502411,0.5962005853652954,0.5196291208267212,-0.12075601518154144,0.6410032510757446,0.5750844478607178,-0.03181886672973633,0.6240561604499817,0.576141357421875,0.03179892152547836,0.6397911906242371,0.6342582106590271,-0.03663345053792,0.6151874661445618,0.6293960809707642,0.016988445073366165,0.6533535718917847,0.6923078298568726,0.018544485792517662,0.6218448281288147,0.6860703229904175,0.0709601640701294,0.6575821042060852,0.6989014148712158,0.02054183930158615,0.6278301477432251,0.6950212121009827,0.07406419515609741,0.6444416642189026,0.7107803225517273,-0.03511286899447441,0.6076752543449402,0.704055905342102,0.030402418226003647
frame_00046.jpg,0.6136361360549927,0.46819984912872314,-0.044844575226306915,0.6163157224655151,0.4639296531677246,-0.04866223409771919,0.6171103715896606,0.46420279145240784,-0.04875592142343521,0.6179046630859375,0.4644753634929657,-0.04873300716280937,0.6158669590950012,0.4635825753211975,-0.037664689123630524,0.6163191199302673,0.4636926054954529,-0.03776704519987106,0.616752564907074,0.4637492299079895,-0.03780634328722954,0.6241267919540405,0.46740639209747314,-0.06369048357009888,0.6226205825805664,0.46710124611854553,-0.0067902118898928165,0.6155696511268616,0.47474604845046997,-0.045885056257247925,0.61518394947052,0.47453150153160095,-0.03130640834569931,0.6355171203613281,0.4992574155330658,-0.08932825922966003,0.6207484006881714,0.5014610886573792,0.03934243693947792,0.6244375705718994,0.5230837464332581,-0.13895228505134583,0.6098970174789429,0.5243050456047058,0.03784632310271263,0.6022468209266663,0.5104154944419861,-0.1698894053697586,0.598007082939148,0.5132150053977966,-0.01655888557434082,0.5959715843200684,0.5077483057975769,-0.18753494322299957,0.5938229560852051,0.5098572969436646,-0.025737371295690536,0.5965019464492798,0.5017322897911072,-0.18365038931369781,0.5935227870941162,0.5067168474197388,-0.03384297341108322,0.5990766882896423,0.50340336561203,-0.1683197170495987,0.5962395071983337,0.5080015063285828,-0.022680409252643585,0.6367457509040833,0.5785000920295715,-0.031981900334358215,0.6303457021713257,0.5787538886070251,0.03189821168780327,0.636854887008667,0.6401136517524719,-0.027076348662376404,0.6225433349609375,0.6328611373901367,0.034485526382923126,0.6517472267150879,0.6922345757484436,0.018917899578809738,0.6219130754470825,0.6855801343917847,0.07628650218248367,0.6563645005226135,0.6989127993583679,0.020407455042004585,0.6279879212379456,0.6947592496871948,0.07931698113679886,0.637527585029602,0.7089548110961914,-0.029474753886461258,0.6108657717704773,0.7033500671386719,0.038637395948171616
frame_00047.jpg,0.614914059638977,0.46938422322273254,-0.03720143064856529,0.6174145936965942,0.4652232527732849,-0.045637790113687515,0.6181656122207642,0.46546119451522827,-0.04572684317827225,0.6189054250717163,0.46570971608161926,-0.04570741578936577,0.6170564293861389,0.46488672494888306,-0.03238373249769211,0.6175264120101929,0.4649636149406433,-0.03249931335449219,0.6180005073547363,0.4649944603443146,-0.03253595530986786,0.6251000761985779,0.46821874380111694,-0.06608332693576813,0.6239050626754761,0.46793925762176514,-0.005467361304908991,0.6168804168701172,0.4757731258869171,-0.042331598699092865,0.6165921688079834,0.4753812253475189,-0.02557987906038761,0.6318274140357971,0.5016472339630127,-0.09408743679523468,0.6279727816581726,0.5023348331451416,0.04060342162847519,0.6135223507881165,0.5165635347366333,-0.13061217963695526,0.6105560064315796,0.5218257308006287,0.06647670269012451,0.5948494672775269,0.5035456418991089,-0.13880404829978943,0.5982524156570435,0.5120540857315063,0.035086844116449356,0.5896517038345337,0.5006023049354553,-0.15125614404678345,0.5947702527046204,0.5091577172279358,0.031507592648267746,0.5909378528594971,0.4951155483722687,-0.14569565653800964,0.5950741767883301,0.5058792233467102,0.02239290438592434,0.5935953259468079,0.49692603945732117,-0.13589824736118317,0.5962990522384644,0.5070503354072571,0.029276639223098755,0.6338213682174683,0.5806308388710022,-0.038393568247556686,0.6361714601516724,0.5797904133796692,0.03833979740738869,0.6245704889297485,0.6401119232177734,-0.003694145707413554,0.634448766708374,0.6356374621391296,0.04438353329896927,0.6243903040885925,0.6877440810203552,0.030724752694368362,0.6504331827163696,0.6907190084457397,0.07426972687244415,0.6307162642478943,0.6964302659034729,0.0312453955411911,0.6547316312789917,0.6978617906570435,0.07566699385643005,0.6134021282196045,0.7046493291854858,-0.007859990000724792,0.6300233006477356,0.7039048075675964,0.03968587517738342
frame_00048.jpg,0.6156482696533203,0.4697117805480957,-0.027012396603822708,0.6182388067245483,0.46546295285224915,-0.03731437399983406,0.6189022064208984,0.46564772725105286,-0.03739333525300026,0.6195307970046997,0.4658568501472473,-0.03737763315439224,0.6181408762931824,0.4652296006679535,-0.02356860227882862,0.6187320947647095,0.4653061330318451,-0.023682933300733566,0.6193737387657166,0.46541014313697815,-0.02371237799525261,0.6254855394363403,0.4685429334640503,-0.06603242456912994,0.6252984404563904,0.46846309304237366,-0.005329780280590057,0.6174295544624329,0.47604334354400635,-0.03454574570059776,0.6173679232597351,0.47577551007270813,-0.017261933535337448,0.6267515420913696,0.4997122883796692,-0.0949842631816864,0.6354871988296509,0.5020074248313904,0.04356556758284569,0.6073994040489197,0.5141121745109558,-0.12935863435268402,0.612172544002533,0.5207309722900391,0.07474170625209808,0.5919622778892517,0.49942001700401306,-0.10670850425958633,0.6010065674781799,0.5157113075256348,0.05557110905647278,0.5876427888870239,0.4959585964679718,-0.11665578186511993,0.5992625951766968,0.5138303637504578,0.055135905742645264,0.5901122689247131,0.4867887794971466,-0.11240758746862411,0.6001371145248413,0.508845329284668,0.04603858292102814,0.5919795036315918,0.4932881295681,-0.1039484515786171,0.6001456379890442,0.5098222494125366,0.05019868537783623,0.6315950155258179,0.5808871984481812,-0.04191732034087181,0.639832079410553,0.5799100399017334,0.04186894744634628,0.6120706796646118,0.6318524479866028,-0.007462192326784134,0.6393725275993347,0.6373699903488159,0.0557071790099144,0.6216241717338562,0.6863483786582947,0.02540672942996025,0.6558171510696411,0.6928313374519348,0.07435370981693268,0.6278622150421143,0.6952522993087769,0.02619011327624321,0.6603494882583618,0.6996613144874573,0.07496580481529236,0.6075446605682373,0.7040504217147827,-0.006609753705561161,0.642235517501831,0.705595076084137,0.04807613044977188
frame_00049.jpg,0.6166642904281616,0.46958908438682556,-0.018393075093626976,0.6189902424812317,0.46523717045783997,-0.02786707505583763,0.6196421384811401,0.46542730927467346,-0.02791893109679222,0.6202340126037598,0.4656483232975006,-0.027905607596039772,0.6190195083618164,0.4649854898452759,-0.015676725655794144,0.6196845173835754,0.465043842792511,-0.015788625925779343,0.6203498840332031,0.46511489152908325,-0.015811186283826828,0.626071572303772,0.46826329827308655,-0.05417006462812424,0.6261454820632935,0.4681210517883301,0.00046970247058197856,0.6185173392295837,0.4758800268173218,-0.02508562244474888,0.6185165047645569,0.47565576434135437,-0.009770462289452553,0.6264573931694031,0.49690818786621094,-0.085540771484375,0.6362334489822388,0.5005958080291748,0.04365960881114006,0.6159700751304626,0.4993589222431183,-0.14719979465007782,0.6296367645263672,0.5225549936294556,0.06919065862894058,0.5954164266586304,0.47541874647140503,-0.1829788088798523,0.6216269135475159,0.5361130833625793,0.05590362101793289,0.5982679724693298,0.46996447443962097,-0.1999816596508026,0.621012270450592,0.5405226945877075,0.05630446597933769,0.5990659594535828,0.4610675275325775,-0.19368985295295715,0.6193675994873047,0.5398436784744263,0.04561621695756912,0.6017426252365112,0.46803370118141174,-0.18116489052772522,0.6190794706344604,0.538567841053009,0.05044567584991455,0.6301654577255249,0.5806010365486145,-0.04175593703985214,0.6413044333457947,0.579562783241272,0.041750434786081314,0.6086722612380981,0.6268975138664246,-0.011643396690487862,0.6387444734573364,0.636170506477356,0.04661836102604866,0.6212208271026611,0.6850802302360535,-0.011815780773758888,0.6559598445892334,0.6921685338020325,0.048724215477705,0.6275233030319214,0.6937257051467896,-0.012658114545047283,0.6603270173072815,0.6993637681007385,0.0483374297618866,0.6073145270347595,0.7038940787315369,-0.03874633461236954,0.6445969343185425,0.7054566740989685,0.029381001368165016
frame_00050.jpg,0.6176488399505615,0.46957501769065857,-0.008802451193332672,0.6200040578842163,0.46517881751060486,-0.018684078007936478,0.6205760836601257,0.4653596878051758,-0.018740016967058182,0.6210823655128479,0.4655681252479553,-0.01872752420604229,0.6201084852218628,0.4648791253566742,-0.006772734224796295,0.6207634210586548,0.46490478515625,-0.00688325148075819,0.6213914155960083,0.46493959426879883,-0.006901639513671398,0.6263672113418579,0.4680573642253876,-0.04604436084628105,0.6269437074661255,0.46796029806137085,0.007781955413520336,0.6192964315414429,0.4757867753505707,-0.015927305445075035,0.6194881796836853,0.4756167232990265,-0.0009930816013365984,0.6260352730751038,0.4967041611671448,-0.0771341398358345,0.6376272439956665,0.5001527070999146,0.045452747493982315,0.6143413782119751,0.5001031160354614,-0.13632982969284058,0.6325103044509888,0.5234443545341492,0.06917042285203934,0.595908522605896,0.47610795497894287,-0.15840467810630798,0.6212958693504333,0.5324382185935974,0.054818034172058105,0.6016206741333008,0.4701600968837738,-0.17334362864494324,0.6197680234909058,0.5343929529190063,0.05538323521614075,0.603408694267273,0.4654817581176758,-0.16892126202583313,0.6178179979324341,0.5326307415962219,0.04541560634970665,0.6050929427146912,0.4690026342868805,-0.15657445788383484,0.6178989410400391,0.5321896076202393,0.04948454722762108,0.6284431219100952,0.5799551010131836,-0.04072476550936699,0.6416215300559998,0.5792999267578125,0.04068303853273392,0.609320878982544,0.6267536282539368,-0.018623314797878265,0.6388150453567505,0.635825514793396,0.04587507247924805,0.621709406375885,0.684984564781189,-0.006118349730968475,0.655428946018219,0.6925631165504456,0.05025416612625122,0.627778172492981,0.6935046315193176,-0.006372892297804356,0.6589818000793457,0.6994820237159729,0.05017103627324104,0.6079708337783813,0.703519880771637,-0.035103023052215576,0.6468957662582397,0.7055262327194214,0.03280773386359215
frame_00051.jpg,0.6222898364067078,0.4665628969669342,-0.014469807967543602,0.6245586276054382,0.4618690609931946,-0.022435452789068222,0.6249359250068665,0.4618018865585327,-0.022501390427350998,0.625188946723938,0.4616517126560211,-0.022496704012155533,0.6246200799942017,0.46178340911865234,-0.010280155576765537,0.6250145435333252,0.46168777346611023,-0.010388430207967758,0.6253715753555298,0.4624177813529968,-0.010413235053420067,0.6286736726760864,0.46332070231437683,-0.041758302599191666,0.629179835319519,0.4634290933609009,0.013337956741452217,0.6237813830375671,0.47151514887809753,-0.01902417466044426,0.623740017414093,0.4713073670864105,-0.0037548313848674297,0.6316511631011963,0.4894653558731079,-0.07266070693731308,0.6348119378089905,0.49254921078681946,0.05732531100511551,0.6185008883476257,0.4882933795452118,-0.13346907496452332,0.6098979711532593,0.4911995828151703,0.06570801883935928,0.6125212907791138,0.45637619495391846,-0.15230777859687805,0.6174596548080444,0.45909345149993896,0.037298716604709625,0.6135116815567017,0.44398728013038635,-0.1670675277709961,0.612911581993103,0.45169302821159363,0.03429180011153221,0.6139804124832153,0.44093793630599976,-0.1667890101671219,0.6140667200088501,0.4497416913509369,0.03137854486703873,0.6160874366760254,0.4487779438495636,-0.15072721242904663,0.6136996746063232,0.4533831477165222,0.03404291719198227,0.6270910501480103,0.5742887258529663,-0.04130689054727554,0.6390959024429321,0.574914813041687,0.04125567153096199,0.6109705567359924,0.6268905997276306,-0.03752336651086807,0.6371657848358154,0.6357457637786865,0.03439895808696747,0.6220048666000366,0.6847415566444397,-0.017263393849134445,0.6547467112541199,0.6921336054801941,0.0446944385766983,0.628144383430481,0.6929274201393127,-0.017080094665288925,0.6583324670791626,0.6994399428367615,0.044756148010492325,0.608293890953064,0.7035640478134155,-0.0461081936955452,0.6452448964118958,0.7056472301483154,0.023436622694134712
frame_00052.jpg,0.6230849027633667,0.4650602638721466,-0.01888064667582512,0.6250810623168945,0.4604121148586273,-0.026979606598615646,0.6255888342857361,0.460384339094162,-0.0270509235560894,0.6259005665779114,0.4603007137775421,-0.027040064334869385,0.6251131892204285,0.4603460431098938,-0.015223476104438305,0.6257126331329346,0.4603062868118286,-0.015336228534579277,0.6260786056518555,0.4605591595172882,-0.0153648154810071,0.6291303038597107,0.4615241587162018,-0.04586487263441086,0.6294111013412476,0.4615786671638489,0.009565889835357666,0.6242986917495728,0.46965572237968445,-0.023049138486385345,0.6242802739143372,0.4695572555065155,-0.008339408785104752,0.6327465772628784,0.48848703503608704,-0.07253492623567581,0.6340419054031372,0.4904974102973938,0.05606433004140854,0.6188732981681824,0.4920783042907715,-0.11958189308643341,0.6079627275466919,0.4887085556983948,0.06916053593158722,0.615275502204895,0.4698883891105652,-0.13223415613174438,0.6132832765579224,0.46121007204055786,0.06147661805152893,0.6153790950775146,0.4634810984134674,-0.1448032110929489,0.611786961555481,0.45401811599731445,0.060791559517383575,0.6171144843101501,0.46050411462783813,-0.14179229736328125,0.6135777235031128,0.4521944224834442,0.057218037545681,0.6178181767463684,0.4641503095626831,-0.13085635006427765,0.6127519011497498,0.45515331625938416,0.05856115370988846,0.62623131275177,0.5742835402488708,-0.039960913360118866,0.6383915543556213,0.5741848349571228,0.039924778044223785,0.612197995185852,0.6272074580192566,-0.023605072870850563,0.6371321678161621,0.6353232860565186,0.029647912830114365,0.6222192049026489,0.6850247979164124,-0.008253069594502449,0.6524220705032349,0.6920319199562073,0.04461819306015968,0.6280349493026733,0.6931837201118469,-0.006857898086309433,0.657772421836853,0.6992635130882263,0.04498498886823654,0.6090220212936401,0.7030560970306396,-0.03327496349811554,0.6401853561401367,0.7054286599159241,0.022785086184740067
frame_00053.jpg,0.6216212511062622,0.45127859711647034,-0.01875203475356102,0.6241523027420044,0.44607797265052795,-0.026081670075654984,0.6246741414070129,0.4458390474319458,-0.026147183030843735,0.625146210193634,0.44578641653060913,-0.02614036574959755,0.6239989995956421,0.4466608464717865,-0.015131115913391113,0.6244975328445435,0.44692274928092957,-0.015242221765220165,0.6248874664306641,0.44715750217437744,-0.015272368676960468,0.6289871335029602,0.44823601841926575,-0.04257919639348984,0.6288730502128601,0.4492722153663635,0.008090395480394363,0.6230344176292419,0.45603930950164795,-0.02213527448475361,0.6228910684585571,0.4566470682621002,-0.008534256368875504,0.6319005489349365,0.4754857122898102,-0.06656403839588165,0.6327692270278931,0.47570863366127014,0.05048651248216629,0.620420515537262,0.48180755972862244,-0.10603437572717667,0.604979395866394,0.46457192301750183,0.054843075573444366,0.6191374063491821,0.4542245864868164,-0.11014591157436371,0.6161145567893982,0.44002726674079895,0.028932755813002586,0.6184765100479126,0.4464111030101776,-0.12084797769784927,0.6181022524833679,0.4322066307067871,0.024770230054855347,0.6196766495704651,0.44337621331214905,-0.11651529371738434,0.6220515966415405,0.43151935935020447,0.0238172747194767,0.6204566359519958,0.4472600519657135,-0.1080201044678688,0.6208950281143188,0.43498098850250244,0.02645033225417137,0.6262008547782898,0.56439208984375,-0.03667653352022171,0.6362615823745728,0.5643466114997864,0.0366319976747036,0.61372971534729,0.6237145066261292,-0.021899349987506866,0.6381465196609497,0.630680501461029,0.025799298658967018,0.6205373406410217,0.6852759718894958,0.0036609612870961428,0.6542271971702576,0.6917999386787415,0.034708183258771896,0.6260135173797607,0.6934510469436646,0.004937092773616314,0.6580951809883118,0.6992398500442505,0.034214816987514496,0.6078949570655823,0.7027080655097961,-0.023432184010744095,0.6431804299354553,0.7050662636756897,0.007884476333856583
frame_00054.jpg,0.6226092576980591,0.44807207584381104,-0.01951550878584385,0.6251550316810608,0.44275370240211487,-0.02794908545911312,0.6255743503570557,0.44247615337371826,-0.028026949614286423,0.626013457775116,0.4424159824848175,-0.02800699509680271,0.6251266598701477,0.4435259699821472,-0.016340013593435287,0.6256346702575684,0.4438977837562561,-0.016479291021823883,0.6260780096054077,0.4441898763179779,-0.016500044614076614,0.6298123598098755,0.4451875686645508,-0.04647425189614296,0.6301417946815491,0.44684284925460815,0.00481612142175436,0.6237238049507141,0.45305147767066956,-0.024629948660731316,0.623812198638916,0.4538973569869995,-0.009734582155942917,0.6325874924659729,0.4731195867061615,-0.07144130021333694,0.6325312852859497,0.4753319025039673,0.050216417759656906,0.6252686381340027,0.4774056673049927,-0.13322672247886658,0.6032381057739258,0.4593737721443176,0.07181964814662933,0.6265960931777954,0.4323617219924927,-0.16554677486419678,0.619530975818634,0.43317747116088867,0.07530679553747177,0.6281670331954956,0.4224948287010193,-0.18134772777557373,0.6225250363349915,0.42189398407936096,0.07566893845796585,0.6302963495254517,0.4205579459667206,-0.17551179230213165,0.6247925162315369,0.42131856083869934,0.0739017128944397,0.6296320557594299,0.42410868406295776,-0.1636599600315094,0.6229097247123718,0.4242325723171234,0.07331286370754242,0.6223971843719482,0.5646505951881409,-0.03684429079294205,0.63374263048172,0.5658854246139526,0.03680352121591568,0.6150900721549988,0.6226678490638733,-0.021597370505332947,0.6379262804985046,0.6288350224494934,0.02917916513979435,0.6203166246414185,0.6851645708084106,0.007751929108053446,0.6538149118423462,0.6916376948356628,0.038062162697315216,0.6256593465805054,0.6934921741485596,0.00876238476485014,0.6571117639541626,0.6991408467292786,0.037250347435474396,0.6079809665679932,0.7015991806983948,-0.024516554549336433,0.6436811685562134,0.7050065994262695,0.007045578211545944
frame_00055.jpg,0.6239997744560242,0.4480181038379669,-0.020937856286764145,0.6256691217422485,0.44390860199928284,-0.029056046158075333,0.6259263753890991,0.4438677132129669,-0.02912827394902706,0.6267528533935547,0.4438014626502991,-0.029113447293639183,0.6258062720298767,0.44422292709350586,-0.017309371381998062,0.6267415285110474,0.444366455078125,-0.0174392256885767,0.6276349425315857,0.4445549249649048,-0.01746380887925625,0.629905641078949,0.44679203629493713,-0.04743514209985733,0.6301365494728088,0.4476138651371002,0.005179957486689091,0.6246227025985718,0.4535629153251648,-0.025165980681777,0.6249364018440247,0.4544130563735962,-0.01045302115380764,0.6329652667045593,0.47542718052864075,-0.07377991825342178,0.6324838399887085,0.4749486744403839,0.05121057108044624,0.6249419450759888,0.4730083644390106,-0.1351790428161621,0.6025751829147339,0.45707401633262634,0.07821942120790482,0.6273613572120667,0.4336514472961426,-0.16125530004501343,0.6211220026016235,0.43109434843063354,0.08588740974664688,0.6283945441246033,0.4208070635795593,-0.17647109925746918,0.626555323600769,0.42306196689605713,0.08722196519374847,0.6300897002220154,0.41909247636795044,-0.1708974540233612,0.6257068514823914,0.4208005368709564,0.08519840985536575,0.6290761828422546,0.42313486337661743,-0.15936198830604553,0.6257210373878479,0.4244586229324341,0.08386661112308502,0.6199377775192261,0.5642708539962769,-0.03808516636490822,0.6337140798568726,0.5658583045005798,0.038041241466999054,0.6136797666549683,0.6209741234779358,-0.02249787002801895,0.6378865838050842,0.6280175447463989,0.029500341042876244,0.6200476884841919,0.6849768757820129,0.007479769643396139,0.6535781025886536,0.6914397478103638,0.03922920674085617,0.6254662275314331,0.693608283996582,0.008390306495130062,0.6565942168235779,0.6990602016448975,0.03880482167005539,0.6080924272537231,0.7016214728355408,-0.024591965600848198,0.6424229145050049,0.7053937315940857,0.012023425661027431
frame_00056.jpg,0.6249867677688599,0.44019615650177,-0.02243647538125515,0.6267669796943665,0.43524888157844543,-0.03048762120306492,0.6272460222244263,0.43539315462112427,-0.030562132596969604,0.6276257038116455,0.4355923533439636,-0.03054911457002163,0.6272494196891785,0.43523186445236206,-0.018087439239025116,0.6277142763137817,0.43527987599372864,-0.01819692924618721,0.6281373500823975,0.43528950214385986,-0.01822398416697979,0.6305311918258667,0.4377087950706482,-0.04815958812832832,0.6304546594619751,0.4394427537918091,0.0034790956415235996,0.6251589059829712,0.4441528022289276,-0.026540368795394897,0.6254372000694275,0.44561755657196045,-0.01123083010315895,0.6328405737876892,0.4656578302383423,-0.07070848345756531,0.6327831745147705,0.46949073672294617,0.04806225746870041,0.6246504783630371,0.4649910628795624,-0.1333184540271759,0.6004887819290161,0.45057106018066406,0.07441402971744537,0.6290615797042847,0.42055797576904297,-0.15633821487426758,0.6219099760055542,0.4226256012916565,0.08826380968093872,0.6319212317466736,0.41061440110206604,-0.17180025577545166,0.6278330087661743,0.414265513420105,0.09005659073591232,0.6344302892684937,0.4094989001750946,-0.16668587923049927,0.6291307210922241,0.41342875361442566,0.0881788358092308,0.6334273815155029,0.4130713641643524,-0.15470674633979797,0.6273751854896545,0.41665390133857727,0.08659946173429489,0.6187113523483276,0.5609149932861328,-0.036270130425691605,0.633694052696228,0.563777506351471,0.03621232137084007,0.6149708032608032,0.6199512481689453,-0.0046537648886442184,0.6391299962997437,0.6275061964988708,0.030550280585885048,0.6190869212150574,0.6834778189659119,0.026591042056679726,0.652457058429718,0.6913653016090393,0.045127302408218384,0.6232160329818726,0.6919352412223816,0.026979763060808182,0.65605229139328,0.6991857886314392,0.04518689215183258,0.6097644567489624,0.7000092267990112,-0.010014945641160011,0.6422466039657593,0.7042731046676636,0.016892706975340843
frame_00057.jpg,0.6257887482643127,0.4373704791069031,-0.023112909868359566,0.6272058486938477,0.4330064058303833,-0.03124372661113739,0.6272833943367004,0.4332408010959625,-0.0313197560608387,0.6273366212844849,0.4334765374660492,-0.0313069149851799,0.6284881830215454,0.4328416585922241,-0.018813341856002808,0.6291370391845703,0.4339095652103424,-0.018917763605713844,0.6295939087867737,0.4339095950126648,-0.018951430916786194,0.630156934261322,0.4373059868812561,-0.04946863651275635,0.6315501928329468,0.4367641508579254,0.0008380396175198257,0.625809371471405,0.4426630139350891,-0.02715100347995758,0.6264630556106567,0.44249236583709717,-0.012025880627334118,0.6310665011405945,0.4653884470462799,-0.07247693836688995,0.6358973383903503,0.46718552708625793,0.04566259682178497,0.6223756074905396,0.4582746922969818,-0.13114002346992493,0.6030187010765076,0.45169201493263245,0.07283540070056915,0.6269518136978149,0.4214731454849243,-0.15523788332939148,0.6245321035385132,0.4217756986618042,0.08628235012292862,0.6302422881126404,0.41114577651023865,-0.17065124213695526,0.6306219696998596,0.4127662777900696,0.08809550851583481,0.6328528523445129,0.4110253155231476,-0.16600948572158813,0.6314980387687683,0.41267117857933044,0.08580826967954636,0.6319733262062073,0.4145301878452301,-0.15379200875759125,0.6295964121818542,0.4162760376930237,0.08442297577857971,0.6181329488754272,0.5583807826042175,-0.036480240523815155,0.6337164044380188,0.5612984895706177,0.036423880606889725,0.6153321266174316,0.6198694705963135,-0.00552412262186408,0.6396341323852539,0.6268650889396667,0.03451240435242653,0.6183300614356995,0.6828614473342896,0.02508058212697506,0.6525514721870422,0.6910182237625122,0.04667509347200394,0.6231451034545898,0.6915238499641418,0.025450298562645912,0.6553308367729187,0.6989762783050537,0.045975737273693085,0.6096101403236389,0.6997337937355042,-0.009872914291918278,0.6425430178642273,0.7026540040969849,0.01963910087943077
frame_00058.jpg,0.624524712562561,0.442716121673584,-0.017371686175465584,0.6263858079910278,0.43773189187049866,-0.0261855311691761,0.6266033053398132,0.4376544654369354,-0.026266122236847878,0.626786470413208,0.437516987323761,-0.026265230029821396,0.6271992921829224,0.438118577003479,-0.012784215621650219,0.6277925968170166,0.43845701217651367,-0.012913784012198448,0.6282435059547424,0.43835753202438354,-0.012950049713253975,0.6298717856407166,0.4393868148326874,-0.04704393818974495,0.630816638469696,0.43997061252593994,0.012814486399292946,0.6249558329582214,0.4478582739830017,-0.02197202667593956,0.6254156231880188,0.44821345806121826,-0.005250527523458004,0.6318985819816589,0.4653806984424591,-0.0727093368768692,0.6346970796585083,0.4688471853733063,0.059357501566410065,0.6218869090080261,0.44670385122299194,-0.13169148564338684,0.6029330492019653,0.448434054851532,0.07246764749288559,0.6262534856796265,0.4091574251651764,-0.15781942009925842,0.6162257194519043,0.4138755202293396,0.04462568834424019,0.6267726421356201,0.3950157165527344,-0.17609165608882904,0.6253112554550171,0.4035746455192566,0.0372559055685997,0.6285609006881714,0.3934788703918457,-0.1719701886177063,0.6270425915718079,0.4025130271911621,0.030793851241469383,0.6283815503120422,0.3965012729167938,-0.1568753570318222,0.625918447971344,0.4051983952522278,0.038758330047130585,0.6183999180793762,0.5572471022605896,-0.03987475857138634,0.6336995363235474,0.5598776936531067,0.039813823997974396,0.6157762408256531,0.6188004612922668,-0.017434705048799515,0.6388567090034485,0.6253537535667419,0.034417297691106796,0.6185089945793152,0.6824520826339722,0.021007152274250984,0.6518949270248413,0.690961480140686,0.05539650470018387,0.6239258050918579,0.6907535195350647,0.020825762301683426,0.6548647284507751,0.698991596698761,0.05620928853750229,0.6104881167411804,0.6992719769477844,-0.011138931848108768,0.6421583890914917,0.7027053236961365,0.02550840750336647
frame_00059.jpg,0.6241188645362854,0.44253775477409363,-0.015612292103469372,0.626352846622467,0.4367723762989044,-0.024588970467448235,0.6248409152030945,0.43682724237442017,-0.0246671661734581,0.6257476210594177,0.43657824397087097,-0.024657854810357094,0.6271417140960693,0.4379328489303589,-0.011809153482317924,0.627665638923645,0.4384748637676239,-0.011944039724767208,0.6280089616775513,0.43880245089530945,-0.011979002505540848,0.6277506351470947,0.43706992268562317,-0.04604870080947876,0.6297740936279297,0.43932339549064636,0.012190766632556915,0.62427818775177,0.44622597098350525,-0.020178865641355515,0.6253186464309692,0.44833850860595703,-0.00424391683191061,0.6306458711624146,0.46178799867630005,-0.07345160096883774,0.63407301902771,0.46757492423057556,0.05822821706533432,0.6186729669570923,0.4459446370601654,-0.12882722914218903,0.6036154627799988,0.44778573513031006,0.08261154592037201,0.6247216463088989,0.41274890303611755,-0.143327996134758,0.613783597946167,0.4143432080745697,0.07517455518245697,0.6245416402816772,0.40174248814582825,-0.15876543521881104,0.6218746900558472,0.406465083360672,0.07367991656064987,0.6262890696525574,0.39995914697647095,-0.1542668342590332,0.6234875321388245,0.4029296040534973,0.06746254861354828,0.6264066100120544,0.40399789810180664,-0.14185495674610138,0.6219156980514526,0.4073258936405182,0.07061289250850677,0.6185489892959595,0.5584402680397034,-0.03995354101061821,0.6336895227432251,0.5605499744415283,0.039896730333566666,0.6160589456558228,0.619206428527832,-0.016398487612605095,0.6386870741844177,0.6251347064971924,0.030373964458703995,0.6187832951545715,0.6804559826850891,0.022631991654634476,0.6516669988632202,0.6909188032150269,0.04445008561015129,0.6244349479675293,0.6883490681648254,0.023998234421014786,0.6543737649917603,0.6990021467208862,0.04464086517691612,0.6103596687316895,0.6988927125930786,-0.0061223008669912815,0.6413007378578186,0.7028420567512512,0.01817910186946392
frame_00060.jpg,0.6240215301513672,0.44122499227523804,-0.03321286663413048,0.6253191232681274,0.43572887778282166,-0.03636549785733223,0.624809980392456,0.43564972281455994,-0.03645826131105423,0.6256028413772583,0.4354608356952667,-0.03644869849085808,0.6247105002403259,0.43648338317871094,-0.026244917884469032,0.6243726015090942,0.4367518723011017,-0.02638315036892891,0.6238945126533508,0.4367986023426056,-0.026430821046233177,0.6275383830070496,0.43589484691619873,-0.041548602283000946,0.6255108118057251,0.4389444589614868,0.011686521582305431,0.6239508390426636,0.4441792666912079,-0.03032136894762516,0.6243223547935486,0.44670963287353516,-0.01785486750304699,0.6328148245811462,0.4602222144603729,-0.06309425085783005,0.627974808216095,0.4665369689464569,0.05543728917837143,0.6252322793006897,0.4473932683467865,-0.11821331083774567,0.604352593421936,0.44658195972442627,0.05971503257751465,0.6270204782485962,0.40781015157699585,-0.14421068131923676,0.612542986869812,0.41401898860931396,0.02265770360827446,0.6252827048301697,0.3951578438282013,-0.16250532865524292,0.6193452477455139,0.4047945737838745,0.014514639973640442,0.6268835067749023,0.393134742975235,-0.1593199223279953,0.620183527469635,0.40350401401519775,0.00872465968132019,0.6265332698822021,0.3973240554332733,-0.14421600103378296,0.6191815137863159,0.4068755805492401,0.01745697483420372,0.6245995759963989,0.5567284822463989,-0.037080228328704834,0.6322806477546692,0.5577875971794128,0.03701835125684738,0.6207157969474792,0.6196626424789429,-0.016484973952174187,0.6377259492874146,0.6238889098167419,0.030715521425008774,0.6197412610054016,0.6808892488479614,0.018311742693185806,0.6511935591697693,0.6906508803367615,0.05154851824045181,0.6250890493392944,0.6888989210128784,0.017724769189953804,0.653407096862793,0.698855996131897,0.051661670207977295,0.6111521124839783,0.6994904279708862,-0.031034573912620544,0.637420654296875,0.7025983333587646,0.017502250149846077
frame_00061.jpg,0.6249817609786987,0.43897682428359985,-0.06662324070930481,0.6276312470436096,0.4339428246021271,-0.06382370740175247,0.6282910108566284,0.43382951617240906,-0.0639425590634346,0.6293545961380005,0.4337897002696991,-0.06392168998718262,0.6257870197296143,0.4345981180667877,-0.054613567888736725,0.6252965331077576,0.43477991223335266,-0.05474616214632988,0.6246644854545593,0.4348510205745697,-0.05479060485959053,0.6323529481887817,0.4349999725818634,-0.04296255111694336,0.6262562870979309,0.4372016191482544,0.0025290551129728556,0.626165509223938,0.4438517689704895,-0.05656260997056961,0.6248296499252319,0.44462162256240845,-0.04534723609685898,0.6392903923988342,0.46321582794189453,-0.0652676448225975,0.6237626671791077,0.4630848467350006,0.05192742496728897,0.6280109882354736,0.4416872262954712,-0.12923358380794525,0.6036993861198425,0.4423762261867523,0.05200856178998947,0.625728189945221,0.4020038843154907,-0.17505523562431335,0.6037815809249878,0.40887415409088135,0.009543711319565773,0.624620795249939,0.3903272747993469,-0.19757485389709473,0.6071527600288391,0.402940571308136,-0.0015807471936568618,0.6259805560112,0.38916972279548645,-0.19363859295845032,0.6097671389579773,0.40038564801216125,-0.006742318160831928,0.6257744431495667,0.39319276809692383,-0.17509111762046814,0.609580934047699,0.40272003412246704,0.0041004265658557415,0.6337671279907227,0.5564379096031189,-0.0359320268034935,0.6219232678413391,0.5553848743438721,0.03588223457336426,0.6356558203697205,0.6216966509819031,-0.027144435793161392,0.6194561123847961,0.6191474795341492,0.04540042579174042,0.647345244884491,0.6849384307861328,0.022279947996139526,0.6204137206077576,0.6800611019134521,0.10815127938985825,0.6510401964187622,0.6919548511505127,0.023984188213944435,0.6256555318832397,0.688986599445343,0.11212621629238129,0.6418730616569519,0.703643262386322,-0.03299728035926819,0.6125200986862183,0.7008131742477417,0.0642705112695694
frame_00062.jpg,0.6275105476379395,0.4374485909938812,-0.07741999626159668,0.6309331059455872,0.4327957332134247,-0.0734545886516571,0.6320565938949585,0.4328366219997406,-0.07358082383871078,0.6331080794334412,0.4329553544521332,-0.07356049120426178,0.628013014793396,0.4331425726413727,-0.06487809121608734,0.6271740198135376,0.43327730894088745,-0.06500674784183502,0.6262110471725464,0.43333181738853455,-0.06504662334918976,0.6355032920837402,0.43473389744758606,-0.043472908437252045,0.6268337965011597,0.4354783892631531,-0.005764551926404238,0.6287275552749634,0.4429721236228943,-0.06581078469753265,0.6261554956436157,0.44293493032455444,-0.05548032000660896,0.6408130526542664,0.464221328496933,-0.06746362149715424,0.6214037537574768,0.46199721097946167,0.046172481030225754,0.6285387277603149,0.4417683482170105,-0.14228221774101257,0.6030014753341675,0.4406815767288208,0.043773483484983444,0.6250952482223511,0.4019348919391632,-0.1930808424949646,0.6005207896232605,0.40827539563179016,-0.0008773618610575795,0.6242609024047852,0.39076629281044006,-0.2167547047138214,0.6033540368080139,0.40180066227912903,-0.012713980861008167,0.6254560351371765,0.38926562666893005,-0.2120412290096283,0.6061853170394897,0.3992343842983246,-0.017881108447909355,0.6253426671028137,0.3937256932258606,-0.19294868409633636,0.6046143770217896,0.40019190311431885,-0.006450921297073364,0.6359325647354126,0.5565998554229736,-0.03537333756685257,0.619293749332428,0.5548424124717712,0.03532923385500908,0.638286828994751,0.6229224801063538,-0.027395745739340782,0.6166172027587891,0.6182831525802612,0.04682760685682297,0.6502789855003357,0.6863376498222351,0.036865897476673126,0.6175242066383362,0.6781832575798035,0.11850263178348541,0.6523467898368835,0.6926716566085815,0.040285855531692505,0.622939944267273,0.687222421169281,0.12333647161722183,0.6460717916488647,0.7067095041275024,-0.021943386644124985,0.6099103689193726,0.7005427479743958,0.07364943623542786
frame_00063.jpg,0.6265825629234314,0.4442032277584076,-0.07108856737613678,0.6305698752403259,0.43793901801109314,-0.06355173885822296,0.6305502653121948,0.43374696373939514,-0.06365079432725906,0.632043719291687,0.4359111189842224,-0.06362636387348175,0.6268622875213623,0.4407551884651184,-0.061738766729831696,0.6258734464645386,0.4417864680290222,-0.06188536435365677,0.6249416470527649,0.4427061378955841,-0.06193550303578377,0.634714663028717,0.4363943040370941,-0.03996457904577255,0.6267504692077637,0.4379435181617737,-0.002306111855432391,0.6279697418212891,0.4462794363498688,-0.05345423147082329,0.6257405877113342,0.44687241315841675,-0.05474310368299484,0.6383009552955627,0.4643270671367645,-0.06349604576826096,0.623071551322937,0.46475932002067566,0.04581984877586365,0.6280559301376343,0.44932684302330017,-0.13749223947525024,0.6105031967163086,0.446923166513443,0.03460875153541565,0.6210266351699829,0.4086460769176483,-0.1883867084980011,0.6034895777702332,0.41825705766677856,-0.018876412883400917,0.622308611869812,0.4020679295063019,-0.21061503887176514,0.6059995889663696,0.4112451672554016,-0.030378228053450584,0.6211668848991394,0.3965894281864166,-0.20691891014575958,0.6085784435272217,0.4085032641887665,-0.036970093846321106,0.6207244992256165,0.40101659297943115,-0.1883798986673355,0.6072841882705688,0.4107150435447693,-0.0250526312738657,0.626427173614502,0.5570580363273621,-0.03340212628245354,0.6273455023765564,0.5562562346458435,0.03334171324968338,0.6280053853988647,0.6201297640800476,-0.0236080102622509,0.6336950063705444,0.6195899844169617,0.0312834195792675,0.6242068409919739,0.6832078695297241,0.01508579682558775,0.6441066861152649,0.6786363124847412,0.040867842733860016,0.6298995614051819,0.6914392113685608,0.014724631793797016,0.6449697613716125,0.6886083483695984,0.03919149935245514,0.6182265281677246,0.7044309377670288,-0.039079077541828156,0.6367666125297546,0.7016159296035767,-0.008520934730768204
frame_00064.jpg,0.6259297132492065,0.4478472173213959,-0.062720388174057,0.6297084093093872,0.44133803248405457,-0.05179409310221672,0.629564642906189,0.4385460913181305,-0.05188373476266861,0.6309136748313904,0.4388452470302582,-0.05186310410499573,0.6264976263046265,0.44446077942848206,-0.05269758030772209,0.6253728866577148,0.44557395577430725,-0.052846767008304596,0.6244401931762695,0.4465552270412445,-0.05291604995727539,0.6343239545822144,0.43744465708732605,-0.035852547734975815,0.6264833211898804,0.44015926122665405,0.0018914304673671722,0.6274858713150024,0.44914963841438293,-0.042518652975559235,0.6254774928092957,0.45016124844551086,-0.04326513037085533,0.6366969347000122,0.4653882682323456,-0.05712936446070671,0.6258002519607544,0.46557989716529846,0.04635331779718399,0.6277629733085632,0.4506422281265259,-0.12365210056304932,0.6134670376777649,0.449038565158844,0.03982819244265556,0.6191939115524292,0.4096193015575409,-0.17709961533546448,0.6086938381195068,0.4269316494464874,-0.00782886054366827,0.6199948191642761,0.4055953621864319,-0.197071835398674,0.6090902090072632,0.42216479778289795,-0.018447760492563248,0.6193442940711975,0.3981258273124695,-0.19332729279994965,0.6100915670394897,0.4201218783855438,-0.025087347254157066,0.6189476251602173,0.4023851454257965,-0.1764761358499527,0.6091440916061401,0.42100751399993896,-0.013678076677024364,0.6232050061225891,0.5572015643119812,-0.03289245069026947,0.6299842000007629,0.5566299557685852,0.03282810375094414,0.6242824792861938,0.6180521845817566,-0.018521584570407867,0.6357704401016235,0.6197490692138672,0.030919158831238747,0.6205744743347168,0.6807904839515686,0.011316513642668724,0.6469433903694153,0.6804619431495667,0.035068579018116,0.6266589164733887,0.6903663873672485,0.010554670356214046,0.6487923264503479,0.6897916197776794,0.03305649012327194,0.6138684153556824,0.7007243037223816,-0.03915436193346977,0.6359822154045105,0.7005012631416321,-0.011498992331326008
frame_00065.jpg,0.6233302354812622,0.4409533739089966,-0.06501881778240204,0.6273618936538696,0.43407008051872253,-0.06887531280517578,0.6280835866928101,0.43285542726516724,-0.06897802650928497,0.6294692754745483,0.43260952830314636,-0.06895424425601959,0.6244052648544312,0.436237633228302,-0.05806441232562065,0.6236907243728638,0.43709370493888855,-0.05820252746343613,0.6238895058631897,0.440562903881073,-0.058252908289432526,0.6322277784347534,0.4294930398464203,-0.07105754315853119,0.6265109777450562,0.4383406937122345,-0.016550352796912193,0.6265068650245667,0.4450664222240448,-0.06109163165092468,0.6239084601402283,0.4468819499015808,-0.04769911989569664,0.6367608308792114,0.46541401743888855,-0.0906905010342598,0.6295676827430725,0.4665042757987976,0.040651749819517136,0.621383786201477,0.45085227489471436,-0.15270698070526123,0.6209464073181152,0.46339428424835205,0.07235990464687347,0.6024923324584961,0.4129074513912201,-0.19516387581825256,0.6132514476776123,0.4459240138530731,0.06559556722640991,0.596966564655304,0.41084685921669006,-0.21559445559978485,0.6123687624931335,0.4419357478618622,0.06326089799404144,0.5985304713249207,0.4014173448085785,-0.2093534767627716,0.6108273267745972,0.439475953578949,0.0537223219871521,0.6025470495223999,0.40558162331581116,-0.19315631687641144,0.610589861869812,0.440531462430954,0.060016948729753494,0.6248521208763123,0.5575723052024841,-0.037036649882793427,0.6304339170455933,0.5568974018096924,0.03698783367872238,0.6257215738296509,0.6190751791000366,-0.01040265429764986,0.6353720426559448,0.6200550198554993,0.04627120867371559,0.6209234595298767,0.6811155676841736,0.019945908337831497,0.6422483921051025,0.6814595460891724,0.06911306828260422,0.6303921341896057,0.6904685497283936,0.01964244805276394,0.6485600471496582,0.694488525390625,0.06952045857906342,0.614639163017273,0.7008148431777954,-0.026920879259705544,0.6287445425987244,0.70063316822052,0.03313358128070831
frame_00066.jpg,0.6233429312705994,0.44174227118492126,-0.06251119077205658,0.6271084547042847,0.4342701733112335,-0.06038699299097061,0.62779700756073,0.4330384433269501,-0.06049010902643204,0.6285621523857117,0.43398624658584595,-0.060479700565338135,0.6245350241661072,0.4364640414714813,-0.050797365605831146,0.624289870262146,0.43942853808403015,-0.050926852971315384,0.6245049834251404,0.44157883524894714,-0.05098368972539902,0.6318534016609192,0.4304320216178894,-0.06243189051747322,0.6279946565628052,0.4403398931026459,-0.010137616656720638,0.6260166764259338,0.4458572268486023,-0.05377504974603653,0.6238905191421509,0.4474392235279083,-0.041997842490673065,0.6365799307823181,0.4657820165157318,-0.08684677630662918,0.6317064762115479,0.46662575006484985,0.04181252047419548,0.6197535991668701,0.45092836022377014,-0.1484169214963913,0.6239880323410034,0.4605230987071991,0.0776037722826004,0.6003309488296509,0.4147983193397522,-0.186819925904274,0.6168472766876221,0.426248699426651,0.07120182365179062,0.593713641166687,0.4133238196372986,-0.2061128169298172,0.6183452010154724,0.43825963139533997,0.06888573616743088,0.596521258354187,0.40296876430511475,-0.19976913928985596,0.6170806288719177,0.4354681968688965,0.060888368636369705,0.5978549718856812,0.40711212158203125,-0.18462547659873962,0.6166101694107056,0.4366174042224884,0.0661749616265297,0.6242013573646545,0.5580676794052124,-0.03869688883423805,0.632129430770874,0.5570780634880066,0.03864748030900955,0.6251643896102905,0.619420051574707,-0.002819841494783759,0.636795163154602,0.6205856800079346,0.03652060776948929,0.6209795475006104,0.6806915402412415,0.026230286806821823,0.6480729579925537,0.6836047768592834,0.04592185094952583,0.628606915473938,0.6904693841934204,0.026280364021658897,0.6516188979148865,0.6948927640914917,0.04533769562840462,0.612808883190155,0.700767457485199,-0.011688238009810448,0.6318248510360718,0.7003950476646423,0.01373179443180561
frame_00067.jpg,0.6237372756004333,0.44573599100112915,-0.04874565824866295,0.6270517110824585,0.43612098693847656,-0.053339459002017975,0.6277399659156799,0.4351077675819397,-0.0534219965338707,0.628521740436554,0.43582814931869507,-0.05339229106903076,0.6247077584266663,0.4383891224861145,-0.041235826909542084,0.6246451139450073,0.4403719902038574,-0.041360627859830856,0.6248754858970642,0.4419097900390625,-0.04139068350195885,0.631623387336731,0.4316878914833069,-0.0583297498524189,0.6290637254714966,0.4433051347732544,-0.006594517733901739,0.6258591413497925,0.4473646283149719,-0.046887222677469254,0.6240837574005127,0.4488418996334076,-0.0319971963763237,0.6367316842079163,0.466096967458725,-0.08446657657623291,0.63310706615448,0.46724703907966614,0.05253377556800842,0.6179147958755493,0.45125091075897217,-0.14534196257591248,0.6275662779808044,0.44646257162094116,0.08755003660917282,0.6001986861228943,0.4158793091773987,-0.1820090115070343,0.6188274621963501,0.41860485076904297,0.0796157568693161,0.5942656397819519,0.41417425870895386,-0.20191261172294617,0.6187659502029419,0.41144195199012756,0.07737124711275101,0.596943736076355,0.40385520458221436,-0.1985546052455902,0.6186362504959106,0.4103487730026245,0.06988551467657089,0.59796142578125,0.40783941745758057,-0.18148575723171234,0.6180385947227478,0.41366904973983765,0.07462823390960693,0.6243069767951965,0.5583933591842651,-0.04190940409898758,0.6337147951126099,0.5573156476020813,0.04185442626476288,0.6247806549072266,0.6194661259651184,-0.007674163673073053,0.6376404166221619,0.6210813522338867,0.036476343870162964,0.6208778619766235,0.6804168224334717,0.012779665179550648,0.6499977111816406,0.6846609711647034,0.04987723380327225,0.627859890460968,0.6903952956199646,0.012695066630840302,0.6527403593063354,0.6949458718299866,0.04972810670733452,0.6120227575302124,0.7008420825004578,-0.022747987881302834,0.6375261545181274,0.7006658315658569,0.016946764662861824
frame_00068.jpg,0.6287683248519897,0.4599246382713318,-0.05350249260663986,0.6312695741653442,0.4547818601131439,-0.05278193950653076,0.631909966468811,0.45461681485176086,-0.05288013815879822,0.6325148344039917,0.4547548294067383,-0.05286306142807007,0.6288764476776123,0.45482176542282104,-0.04409758746623993,0.6282520294189453,0.4549880623817444,-0.044212184846401215,0.6277533173561096,0.45583704113960266,-0.04424215108156204,0.6342858076095581,0.4539938271045685,-0.03581593185663223,0.629645586013794,0.4574456214904785,-0.002824073191732168,0.6295065879821777,0.4633408188819885,-0.04623204469680786,0.6274274587631226,0.4645927846431732,-0.035626739263534546,0.6380708813667297,0.47832950949668884,-0.060198020190000534,0.6298947930335999,0.47802266478538513,0.047829605638980865,0.6304020881652832,0.4515668451786041,-0.12984010577201843,0.6095550060272217,0.4551425576210022,0.031646545976400375,0.6150856614112854,0.41938862204551697,-0.18245214223861694,0.5963529348373413,0.421259343624115,-0.028138455003499985,0.6110559701919556,0.4136604964733124,-0.20447087287902832,0.5953160524368286,0.4142090976238251,-0.041152484714984894,0.6098721027374268,0.40776172280311584,-0.20087122917175293,0.5924161672592163,0.41028738021850586,-0.04859992489218712,0.6094842553138733,0.4122414290904999,-0.18242314457893372,0.597758412361145,0.41551098227500916,-0.034950874745845795,0.6308122873306274,0.5641438364982605,-0.033309780061244965,0.6334355473518372,0.5634303689002991,0.03322489932179451,0.6275126338005066,0.6205670237541199,-0.017109142616391182,0.6384537220001221,0.624001681804657,0.029719090089201927,0.6215272545814514,0.6800687313079834,0.023220840841531754,0.6501045823097229,0.6847770810127258,0.0515633225440979,0.6275574564933777,0.689641535282135,0.02479431964457035,0.6523705124855042,0.6941385269165039,0.05160105973482132,0.6131322979927063,0.6998657584190369,-0.021913090720772743,0.6386908292770386,0.7007328271865845,0.007471551187336445
frame_00069.jpg,0.629749596118927,0.4599083662033081,-0.07388334721326828,0.6326617002487183,0.4550893008708954,-0.07054769992828369,0.6337135434150696,0.4548901319503784,-0.07067196071147919,0.6346578001976013,0.45477455854415894,-0.0706590935587883,0.6296225786209106,0.4553062319755554,-0.06306912004947662,0.628838837146759,0.45536789298057556,-0.06318367272615433,0.6280739307403564,0.45552781224250793,-0.06322167068719864,0.6367790699005127,0.4550248086452484,-0.03919047489762306,0.6295542120933533,0.45726385712623596,-0.010451506823301315,0.6310784816741943,0.46421220898628235,-0.06264421343803406,0.6282791495323181,0.4646036922931671,-0.053592704236507416,0.6418612599372864,0.4794745147228241,-0.06513760983943939,0.6251422166824341,0.4784811735153198,0.0380539670586586,0.6330917477607727,0.45604774355888367,-0.13582780957221985,0.5993265509605408,0.45734313130378723,0.02467755600810051,0.6195408701896667,0.4213559329509735,-0.19358834624290466,0.5942667722702026,0.4215468764305115,-0.034233443439006805,0.6160556077957153,0.413571298122406,-0.2169218361377716,0.5934971570968628,0.4152558445930481,-0.0479375496506691,0.6153714656829834,0.4095803499221802,-0.21239833533763885,0.591208815574646,0.40946972370147705,-0.05406058952212334,0.6154837608337402,0.4133162498474121,-0.1934216171503067,0.5949487686157227,0.41418635845184326,-0.040452104061841965,0.6323553323745728,0.5657981634140015,-0.031374938786029816,0.6271096467971802,0.5635127425193787,0.03130454197525978,0.6353839039802551,0.6231235861778259,-0.02210710011422634,0.6302448511123657,0.623142659664154,0.04365916550159454,0.6400967836380005,0.6815627813339233,0.026553446426987648,0.6270215511322021,0.6801632642745972,0.0948815792798996,0.6450060606002808,0.6949355006217957,0.02842690609395504,0.6325733661651611,0.6896102428436279,0.09730255603790283,0.6357433795928955,0.7004355788230896,-0.025518864393234253,0.6209925413131714,0.7005758881568909,0.04574073851108551
frame_00070.jpg,0.6226147413253784,0.4485100507736206,-0.08963222056627274,0.6252502799034119,0.4450305700302124,-0.08958695828914642,0.6268090009689331,0.4452156126499176,-0.08971933275461197,0.6283951997756958,0.44540178775787354,-0.08968737721443176,0.6229278445243835,0.4456869661808014,-0.0777546837925911,0.6226972341537476,0.4460660219192505,-0.07787658274173737,0.6223277449607849,0.4464587867259979,-0.07792947441339493,0.6343305110931396,0.44991007447242737,-0.07250084728002548,0.6252579689025879,0.4512295722961426,-0.018704252317547798,0.6265712976455688,0.45470672845840454,-0.08189724385738373,0.6241069436073303,0.455224871635437,-0.06709642708301544,0.6478328108787537,0.4779016375541687,-0.08853953331708908,0.6223202347755432,0.4773494601249695,0.02801973558962345,0.6427490711212158,0.4799559414386749,-0.17651817202568054,0.5959985852241516,0.47574669122695923,0.0009916172130033374,0.6239104270935059,0.45146363973617554,-0.2512489855289459,0.5921600461006165,0.435488760471344,-0.0788724347949028,0.6193093061447144,0.44400259852409363,-0.2768480181694031,0.5911506414413452,0.4271326959133148,-0.09673190861940384,0.6190130710601807,0.4404565989971161,-0.2718874216079712,0.5929444432258606,0.42261987924575806,-0.10006172955036163,0.6199760437011719,0.4446502923965454,-0.25075238943099976,0.5945092439651489,0.42652183771133423,-0.08463356643915176,0.6396942138671875,0.5658664107322693,-0.032142333686351776,0.6236317157745361,0.5636193752288818,0.03208117559552193,0.6423755288124084,0.625104546546936,-0.012318091467022896,0.6217135787010193,0.6215602159500122,0.0567890889942646,0.6529269218444824,0.6832648515701294,0.0733388140797615,0.62107914686203,0.6785683035850525,0.13644704222679138,0.6554733514785767,0.6926751732826233,0.07829134166240692,0.6266686320304871,0.6879040002822876,0.14186061918735504,0.6483201384544373,0.7057133316993713,0.017054937779903412,0.6106096506118774,0.700860321521759,0.09144054353237152
frame_00071.jpg,0.6193876266479492,0.44559431076049805,-0.08362216502428055,0.622147262096405,0.4416055977344513,-0.08516524732112885,0.6235553026199341,0.441763311624527,-0.08529182523488998,0.6249892115592957,0.4419475197792053,-0.08525871485471725,0.6204808354377747,0.442306786775589,-0.07263889163732529,0.6205617189407349,0.4427359700202942,-0.07276074588298798,0.6204937696456909,0.4431862235069275,-0.0728134959936142,0.6318963766098022,0.44739973545074463,-0.07483451813459396,0.624243974685669,0.4478657841682434,-0.017199862748384476,0.623550295829773,0.45177534222602844,-0.07802589237689972,0.6217767596244812,0.45236626267433167,-0.06229735165834427,0.6486069560050964,0.4770932197570801,-0.09081990271806717,0.621868371963501,0.47694307565689087,0.02462739124894142,0.644297182559967,0.48197141289711,-0.17879930138587952,0.595687747001648,0.47736310958862305,-0.008283602073788643,0.6252351999282837,0.453302800655365,-0.2510087490081787,0.5918723344802856,0.439723938703537,-0.09234141558408737,0.6205535531044006,0.44590193033218384,-0.2758099436759949,0.5919338464736938,0.43262937664985657,-0.11074187606573105,0.620274007320404,0.4440537095069885,-0.27068814635276794,0.5945841073989868,0.4288080632686615,-0.11367243528366089,0.6213256120681763,0.4463934004306793,-0.25037118792533875,0.5930393934249878,0.4313347041606903,-0.09804169833660126,0.6405715942382812,0.5654876232147217,-0.031222721561789513,0.6232762336730957,0.5634651184082031,0.03116658702492714,0.6433645486831665,0.625491738319397,-0.0068701631389558315,0.6205147504806519,0.6207290887832642,0.05441148206591606,0.6540873050689697,0.6845155358314514,0.06701474636793137,0.6199039220809937,0.6777543425559998,0.12474238872528076,0.6560264825820923,0.6924200654029846,0.07060756534337997,0.6258654594421387,0.6867485046386719,0.1292780339717865,0.650448203086853,0.7067688703536987,0.009643379598855972,0.6095163822174072,0.7011028528213501,0.0796908289194107
frame_00072.jpg,0.618977427482605,0.44359341263771057,-0.08086783438920975,0.6218824982643127,0.4397505223751068,-0.08242719620466232,0.6231822371482849,0.4399654269218445,-0.08254756033420563,0.6244931817054749,0.4401403069496155,-0.08250901848077774,0.6203654408454895,0.44046375155448914,-0.06967073678970337,0.6204709410667419,0.4410368800163269,-0.06978867948055267,0.6204068064689636,0.4416183829307556,-0.0698351189494133,0.6312471032142639,0.44622117280960083,-0.07306496798992157,0.6241092085838318,0.44647711515426636,-0.014693086966872215,0.6228588819503784,0.4499495327472687,-0.075630322098732,0.6212879419326782,0.45075955986976624,-0.0595637746155262,0.647567868232727,0.47653234004974365,-0.08917296677827835,0.6212633848190308,0.47685375809669495,0.029246706515550613,0.6458882093429565,0.4822096824645996,-0.17803098261356354,0.5953952074050903,0.4777955412864685,0.007956832647323608,0.6276179552078247,0.45645010471343994,-0.25413185358047485,0.5907009840011597,0.4403817355632782,-0.06681255996227264,0.6238752603530884,0.44914308190345764,-0.2797916829586029,0.5899038314819336,0.43176162242889404,-0.08372464776039124,0.6234752535820007,0.4477328062057495,-0.27461081743240356,0.5931810140609741,0.42841729521751404,-0.0873522162437439,0.6244302988052368,0.44989529252052307,-0.2536078095436096,0.5939186811447144,0.4317408800125122,-0.0725727528333664,0.6409886479377747,0.5649198889732361,-0.031791724264621735,0.6230374574661255,0.5619795918464661,0.03173656761646271,0.6430395841598511,0.6264311075210571,-0.018110785633325577,0.6191809177398682,0.6208460927009583,0.05285549908876419,0.655061662197113,0.6859505772590637,0.05138275772333145,0.6181218028068542,0.67835533618927,0.1245044469833374,0.6569705605506897,0.6927761435508728,0.05432930588722229,0.6241253614425659,0.6870643496513367,0.12911687791347504,0.6487942934036255,0.7088457942008972,-0.00480858376249671,0.6087325215339661,0.7023670673370361,0.07556207478046417
frame_00073.jpg,0.6204209923744202,0.44395309686660767,-0.07610401511192322,0.624441385269165,0.44078367948532104,-0.07656418532133102,0.6256753206253052,0.4413287043571472,-0.07668298482894897,0.6269489526748657,0.4418262839317322,-0.07665062695741653,0.623033881187439,0.4406563639640808,-0.0651865229010582,0.6230117082595825,0.44114741683006287,-0.06530354171991348,0.6228931546211243,0.4419041872024536,-0.06535233557224274,0.6333084106445312,0.44714412093162537,-0.06234685331583023,0.6271188855171204,0.44662830233573914,-0.011397243477404118,0.6236177682876587,0.45114412903785706,-0.06957493722438812,0.6217960119247437,0.4515913426876068,-0.05527786165475845,0.6489675045013428,0.47688496112823486,-0.0736200362443924,0.621105968952179,0.4789882302284241,0.03127316012978554,0.6478543281555176,0.49860551953315735,-0.16741111874580383,0.6023682355880737,0.49817752838134766,-0.013099814765155315,0.633164644241333,0.49217644333839417,-0.24476246535778046,0.5917295217514038,0.4933006167411804,-0.12571319937705994,0.6307047009468079,0.49151700735092163,-0.2731982469558716,0.5937002897262573,0.4925972521305084,-0.14921978116035461,0.6300065517425537,0.48655274510383606,-0.27216213941574097,0.5958116054534912,0.4891948997974396,-0.1559302657842636,0.6308106184005737,0.48704078793525696,-0.24644112586975098,0.5964919328689575,0.48925861716270447,-0.13323894143104553,0.6422864198684692,0.5647347569465637,-0.029424410313367844,0.6229037642478943,0.5618612170219421,0.0293715950101614,0.643620491027832,0.6273343563079834,-0.027854520827531815,0.6197322010993958,0.6208668947219849,0.038439687341451645,0.6549166440963745,0.6870821118354797,0.03861211612820625,0.6189337968826294,0.6788588762283325,0.10727349668741226,0.6579347848892212,0.693194568157196,0.0410127192735672,0.6250172853469849,0.6876080632209778,0.11073444038629532,0.6481086015701294,0.710102379322052,-0.03199156001210213,0.608393669128418,0.703210175037384,0.06967514753341675
frame_00074.jpg,0.6205794215202332,0.444475382566452,-0.07444871217012405,0.6249566078186035,0.4418467879295349,-0.07483766973018646,0.6260474324226379,0.4424970746040344,-0.07497590780258179,0.6272121667861938,0.4430616497993469,-0.07494102418422699,0.6240810751914978,0.4413287937641144,-0.06476964801549911,0.6242742538452148,0.4416554272174835,-0.06489567458629608,0.6244152784347534,0.44217318296432495,-0.06490577757358551,0.633431077003479,0.4479084014892578,-0.05560394003987312,0.6289488077163696,0.4470713436603546,-0.008794324472546577,0.6237722635269165,0.4518609941005707,-0.06754917651414871,0.6219625473022461,0.4523303806781769,-0.054724980145692825,0.6488794088363647,0.4773361384868622,-0.06731173396110535,0.620591938495636,0.47957611083984375,0.030060280114412308,0.6478196382522583,0.49990609288215637,-0.147830992937088,0.6044535636901855,0.5017129182815552,-0.022142194211483,0.6349117159843445,0.49862417578697205,-0.23153658211231232,0.59275221824646,0.4962925612926483,-0.13851572573184967,0.6330476403236389,0.4995550811290741,-0.258221298456192,0.5953021049499512,0.4956114590167999,-0.16259649395942688,0.6320263147354126,0.49465540051460266,-0.2577846050262451,0.5970126390457153,0.4917638599872589,-0.1685253381729126,0.6326677203178406,0.4946141242980957,-0.23309838771820068,0.5977209806442261,0.49194642901420593,-0.14573557674884796,0.642119288444519,0.5646032691001892,-0.02806156314909458,0.6227797269821167,0.5618181824684143,0.028011340647935867,0.643712043762207,0.6279398202896118,-0.02792283520102501,0.6192753911018372,0.6209083795547485,0.038478557020425797,0.6552053689956665,0.6872573494911194,0.028382623568177223,0.6182107329368591,0.6791106462478638,0.1029277816414833,0.6587194204330444,0.6933147311210632,0.029850512742996216,0.6243654489517212,0.6878337860107422,0.10642419010400772,0.6490496397018433,0.710234522819519,-0.038755543529987335,0.6072956323623657,0.7036412358283997,0.06101848557591438
frame_00075.jpg,0.6206148862838745,0.4472305178642273,0.006792695261538029,0.6246863007545471,0.4440731108188629,-0.003021253738552332,0.6255105137825012,0.44459331035614014,-0.0030960063450038433,0.6263110041618347,0.44506075978279114,-0.003070566337555647,0.6241376996040344,0.4435017704963684,0.009956995025277138,0.6245928406715393,0.44372230768203735,0.00983270164579153,0.6251511573791504,0.444065660238266,0.009808672592043877,0.6322047710418701,0.4494653046131134,-0.030957352370023727,0.6306298971176147,0.4489448368549347,0.027031579986214638,0.6228052377700806,0.4541098475456238,-0.0006757635856047273,0.6221147775650024,0.4544641375541687,0.01531191635876894,0.62840735912323,0.4791272282600403,-0.06209992617368698,0.6447489261627197,0.4794543385505676,0.0633036345243454,0.6162222623825073,0.5126296281814575,-0.09000026434659958,0.6480228900909424,0.5161751508712769,0.0697392076253891,0.6026678681373596,0.5338500142097473,-0.08834194391965866,0.6415309906005859,0.5405665040016174,0.03728262335062027,0.5989081859588623,0.5396504998207092,-0.09782280772924423,0.641175389289856,0.5469049215316772,0.034164536744356155,0.5979777574539185,0.532429039478302,-0.09482261538505554,0.6381432414054871,0.5465269088745117,0.02474992908537388,0.6011573076248169,0.533915102481842,-0.08584955334663391,0.6376470327377319,0.5445077419281006,0.031630586832761765,0.6307734847068787,0.5645673274993896,-0.03591405600309372,0.642028272151947,0.5632066130638123,0.03588534891605377,0.6246308088302612,0.6249665021896362,-0.009871629998087883,0.6404637098312378,0.6246082186698914,0.014793803915381432,0.6237327456474304,0.6849373579025269,0.011744813993573189,0.6532375812530518,0.684503436088562,0.0068429806269705296,0.6298717260360718,0.6926220655441284,0.011153441853821278,0.6560357809066772,0.6921473145484924,0.004938476253300905,0.6108834743499756,0.7050530910491943,-0.03475499898195267,0.6408565044403076,0.705302357673645,-0.01877707615494728
frame_00076.jpg,0.6208530068397522,0.4492241144180298,-0.0255487821996212,0.6247293949127197,0.44560539722442627,-0.033616505563259125,0.6255339980125427,0.4460381269454956,-0.03370673209428787,0.6263009905815125,0.44644737243652344,-0.033681921660900116,0.6243160963058472,0.445030152797699,-0.01967841014266014,0.6249257326126099,0.445155531167984,-0.019802460446953773,0.6256221532821655,0.4453367590904236,-0.019844483584165573,0.6321662068367004,0.45033079385757446,-0.045009784400463104,0.6313325762748718,0.44976216554641724,0.012951460666954517,0.6229421496391296,0.45564034581184387,-0.028810640797019005,0.6221634149551392,0.45584961771965027,-0.011369172483682632,0.6337862610816956,0.47975870966911316,-0.07394307851791382,0.6390024423599243,0.48023587465286255,0.06009848788380623,0.6223725080490112,0.5179343223571777,-0.09992285072803497,0.6273670196533203,0.5139226317405701,0.06698332726955414,0.6102598905563354,0.5357188582420349,-0.10215909779071808,0.6228897571563721,0.5367191433906555,0.0065094768069684505,0.6100513935089111,0.539978563785553,-0.11458809673786163,0.6212960481643677,0.5406962037086487,-0.0019361790036782622,0.6100634336471558,0.5355618000030518,-0.11446461826562881,0.6204894781112671,0.5402088165283203,-0.013391735032200813,0.612983226776123,0.5343557596206665,-0.10126893222332001,0.6208837032318115,0.5384979248046875,-0.0010361045133322477,0.6321067810058594,0.5649011135101318,-0.040275003761053085,0.6363674402236938,0.5638822913169861,0.040249764919281006,0.6366111040115356,0.6258906126022339,-0.036815345287323,0.6272238492965698,0.6244200468063354,0.03710385411977768,0.649848461151123,0.6856876015663147,0.004484777804464102,0.6272484064102173,0.6827771663665771,0.04922280088067055,0.6556357145309448,0.6989589333534241,0.005652344319969416,0.6360586881637573,0.6906110048294067,0.04820151627063751,0.6373369693756104,0.7048736810684204,-0.04382511228322983,0.6171872019767761,0.7029277086257935,0.03416750207543373
frame_00077.jpg,0.6209038496017456,0.4509391784667969,-0.036559801548719406,0.6247869729995728,0.4469393193721771,-0.04348250851035118,0.6255542039871216,0.4472408592700958,-0.043582018464803696,0.6263485550880432,0.44754135608673096,-0.043554432690143585,0.6246926784515381,0.44653475284576416,-0.030598636716604233,0.6254016757011414,0.44661611318588257,-0.030717164278030396,0.6261680126190186,0.446700781583786,-0.030756494030356407,0.6320608854293823,0.4510616362094879,-0.06171390414237976,0.6316302418708801,0.45072636008262634,0.0005423830589279532,0.6230131387710571,0.4573464095592499,-0.03806756064295769,0.6226096153259277,0.4575829803943634,-0.022122791036963463,0.6355404853820801,0.481777548789978,-0.08183865249156952,0.6360245943069458,0.4824052155017853,0.05627691000699997,0.63856440782547,0.5245685577392578,-0.10715905576944351,0.6313828825950623,0.5261359810829163,0.052339572459459305,0.629358172416687,0.5607898235321045,-0.1219615489244461,0.6233722567558289,0.5552981495857239,-0.0008707049419172108,0.6295088529586792,0.5700240731239319,-0.13664770126342773,0.6215540170669556,0.5624093413352966,-0.00938403606414795,0.6260012984275818,0.5684432983398438,-0.1371535062789917,0.6204537153244019,0.5621713995933533,-0.021644357591867447,0.6268541216850281,0.5651916265487671,-0.12161482870578766,0.6211233735084534,0.559466540813446,-0.008345065638422966,0.6327232122421265,0.565131425857544,-0.03876619413495064,0.6350821256637573,0.5652399063110352,0.03873271495103836,0.6330145597457886,0.6259749531745911,0.00014260424359235913,0.6369985938072205,0.6242866516113281,0.041012879461050034,0.6278567314147949,0.6856679320335388,0.041797276586294174,0.6441075205802917,0.690092146396637,0.06754258275032043,0.6346076130867004,0.6978938579559326,0.042253561317920685,0.6489790678024292,0.7014452219009399,0.06909190863370895,0.6212141513824463,0.699891209602356,-0.004889192525297403,0.6327880024909973,0.7030335664749146,0.03619144856929779
frame_00078.jpg,0.6212179064750671,0.45199260115623474,-0.04446395859122276,0.6249779462814331,0.44747331738471985,-0.053921204060316086,0.6256833672523499,0.44771823287010193,-0.054038405418395996,0.6264165043830872,0.44796937704086304,-0.05401938036084175,0.6250396966934204,0.44712546467781067,-0.03935735672712326,0.6257573366165161,0.4471750855445862,-0.03946445882320404,0.6264948844909668,0.44719937443733215,-0.03950533643364906,0.6320576667785645,0.45146986842155457,-0.07012250274419785,0.6317232847213745,0.4511071443557739,-0.006426003761589527,0.6232619285583496,0.4580698609352112,-0.048850856721401215,0.6231755614280701,0.4584234654903412,-0.030604824423789978,0.639823317527771,0.48216208815574646,-0.08799921721220016,0.6318931579589844,0.48349860310554504,0.050348859280347824,0.6519293785095215,0.5215660929679871,-0.11567721515893936,0.6256287693977356,0.5256755948066711,0.05306459218263626,0.6429061889648438,0.5639695525169373,-0.14488300681114197,0.6190681457519531,0.5585519671440125,-0.0027894277591258287,0.6442694664001465,0.5744872689247131,-0.16269685328006744,0.6186074614524841,0.5699326992034912,-0.012166930362582207,0.6400823593139648,0.5737224221229553,-0.16430619359016418,0.6177197694778442,0.5697880387306213,-0.026500726118683815,0.6395217180252075,0.5698250532150269,-0.1454707533121109,0.6186953783035278,0.5664690732955933,-0.011183775961399078,0.6363459825515747,0.5656819939613342,-0.03807185962796211,0.6339970827102661,0.5663146376609802,0.038036298006772995,0.6381820440292358,0.626144289970398,-0.0030253080185502768,0.6349182724952698,0.6246680021286011,0.040917716920375824,0.6381365060806274,0.6866466999053955,0.03993795067071915,0.632461667060852,0.6888905167579651,0.06777362525463104,0.6417179703712463,0.70229172706604,0.03862038627266884,0.645385205745697,0.7012177109718323,0.07114164531230927,0.6304479241371155,0.7009506225585938,-0.020335061475634575,0.6289384961128235,0.7030371427536011,0.03708328679203987
frame_00079.jpg,0.6216851472854614,0.453405499458313,-0.057797621935606,0.6251561641693115,0.4483804404735565,-0.06453799456357956,0.6258619427680969,0.4485691487789154,-0.06466411054134369,0.6265878677368164,0.44877389073371887,-0.06464679539203644,0.6251983046531677,0.4480399191379547,-0.05102508142590523,0.6258768439292908,0.44802412390708923,-0.051132917404174805,0.6265546083450317,0.4479590952396393,-0.051182836294174194,0.6321534514427185,0.4520818889141083,-0.07294367998838425,0.6317176818847656,0.45168158411979675,-0.011877001263201237,0.6237964034080505,0.45928725600242615,-0.05872277542948723,0.623754620552063,0.45967015624046326,-0.04168081656098366,0.6451910734176636,0.48273372650146484,-0.08731517195701599,0.6268928050994873,0.4847153127193451,0.039751019328832626,0.6561684012413025,0.5227838158607483,-0.11569683253765106,0.6232412457466125,0.5264866352081299,0.046810418367385864,0.6511839628219604,0.5623343586921692,-0.15346190333366394,0.6172243356704712,0.5619248747825623,-0.013204117305576801,0.6535345911979675,0.572950005531311,-0.17259874939918518,0.6165580749511719,0.5712852478027344,-0.02402900531888008,0.6487838625907898,0.5724201202392578,-0.17282725870609283,0.6163193583488464,0.5728489756584167,-0.03212098404765129,0.6474571824073792,0.5682090520858765,-0.1545216143131256,0.6167532801628113,0.5691937208175659,-0.020757919177412987,0.6430202722549438,0.5660030245780945,-0.03709479421377182,0.630754828453064,0.5666564702987671,0.03706177696585655,0.6460254788398743,0.6263139843940735,-0.024699177592992783,0.6278783082962036,0.6245763897895813,0.04111398383975029,0.6532605290412903,0.6870606541633606,0.030857641249895096,0.6244199872016907,0.6880496740341187,0.08916432410478592,0.655015230178833,0.7017911672592163,0.03139422833919525,0.6307759881019592,0.6975314617156982,0.09211389720439911,0.6484128832817078,0.7012727856636047,-0.03234962746500969,0.6167889833450317,0.7029275298118591,0.04647565260529518
frame_00080.jpg,0.622024416923523,0.45488545298576355,-0.0560084693133831,0.6253401041030884,0.449502557516098,-0.062329597771167755,0.62607741355896,0.44969403743743896,-0.06245315074920654,0.626844584941864,0.4498897194862366,-0.06244238466024399,0.6253100037574768,0.44929614663124084,-0.04900480434298515,0.6259390711784363,0.4493805468082428,-0.04911688715219498,0.6265550851821899,0.44940298795700073,-0.04916329309344292,0.6326685547828674,0.4531020522117615,-0.07060950249433517,0.6317267417907715,0.45317506790161133,-0.009779217652976513,0.6241867542266846,0.4606882929801941,-0.05674893409013748,0.6240420341491699,0.4610499441623688,-0.03994496166706085,0.6488888263702393,0.4833422899246216,-0.0853363424539566,0.626534104347229,0.48647648096084595,0.039529092609882355,0.6633381247520447,0.5226618051528931,-0.10392984002828598,0.6269098520278931,0.5288921594619751,0.0474979542195797,0.6684170365333557,0.5632209181785583,-0.13143786787986755,0.6214748620986938,0.5634239315986633,-0.008538085967302322,0.6738980412483215,0.5742579698562622,-0.14709995687007904,0.621918261051178,0.572470486164093,-0.01741005852818489,0.6674891710281372,0.57541823387146,-0.15261733531951904,0.6206870675086975,0.5725109577178955,-0.03125676140189171,0.6645392179489136,0.5711603164672852,-0.1334930807352066,0.6217076778411865,0.5687816143035889,-0.016969986259937286,0.6445643901824951,0.5671960115432739,-0.036404602229595184,0.6293845176696777,0.5677824020385742,0.03636977821588516,0.6511968374252319,0.627029538154602,-0.038075998425483704,0.6267554759979248,0.6256973743438721,0.02501181699335575,0.6567190885543823,0.6878628134727478,0.01608990505337715,0.623949408531189,0.6872233152389526,0.06333063542842865,0.6581248044967651,0.7007989287376404,0.01776282861828804,0.629010021686554,0.6968440413475037,0.06485418230295181,0.6505426168441772,0.7055480480194092,-0.03899926692247391,0.6144510507583618,0.7052834630012512,0.020160438492894173
frame_00081.jpg,0.6222735643386841,0.45539167523384094,-0.05487770959734917,0.6254137754440308,0.44992193579673767,-0.06144203618168831,0.6261667013168335,0.450051873922348,-0.06156434491276741,0.6269509792327881,0.45017316937446594,-0.06155705451965332,0.6253572702407837,0.4497782588005066,-0.04786118119955063,0.6259781122207642,0.44984930753707886,-0.04797438532114029,0.6265841126441956,0.4498472213745117,-0.0480191633105278,0.6328269839286804,0.4530506730079651,-0.07257364690303802,0.6318135261535645,0.4532765746116638,-0.009092120453715324,0.6245936155319214,0.46109870076179504,-0.05609627440571785,0.6243858337402344,0.4615730941295624,-0.03889947012066841,0.6499835848808289,0.48338693380355835,-0.08860538899898529,0.6267426013946533,0.4868566691875458,0.039937179535627365,0.6644377708435059,0.5231316089630127,-0.108037568628788,0.6299031376838684,0.5291354060173035,0.05172548443078995,0.6695197224617004,0.5643209218978882,-0.13247591257095337,0.6253066062927246,0.5647818446159363,0.00014525497681461275,0.6750065088272095,0.5758510828018188,-0.14786562323570251,0.624333381652832,0.5737963914871216,-0.007595905102789402,0.6686086058616638,0.5767955183982849,-0.15289174020290375,0.6231013536453247,0.5739396214485168,-0.02235155552625656,0.665725588798523,0.5725687742233276,-0.13415537774562836,0.6241921186447144,0.5701326131820679,-0.008348233997821808,0.6450595855712891,0.5676394701004028,-0.03687707707285881,0.6289540529251099,0.5681268572807312,0.03684240207076073,0.6517167091369629,0.6273149251937866,-0.04056511074304581,0.626461386680603,0.6261938810348511,0.02372930385172367,0.6568626165390015,0.6884521842002869,0.013442745432257652,0.6240045428276062,0.6875191926956177,0.056515492498874664,0.658758819103241,0.7001676559448242,0.015320749953389168,0.6287626624107361,0.6965476870536804,0.05746452882885933,0.6512728929519653,0.7068964242935181,-0.038180917501449585,0.6122647523880005,0.7056576013565063,0.014652056619524956
frame_00082.jpg,0.6224159002304077,0.4550556540489197,-0.05432979017496109,0.6255971193313599,0.44985783100128174,-0.060565002262592316,0.6263379454612732,0.45007628202438354,-0.06068551540374756,0.6270933151245117,0.4503098726272583,-0.060674987733364105,0.6255799531936646,0.4496767222881317,-0.04739107936620712,0.6262248754501343,0.44978779554367065,-0.04750346764922142,0.6268531084060669,0.4498439133167267,-0.047547049820423126,0.6328638792037964,0.4535647928714752,-0.0700213760137558,0.6320211887359619,0.45352473855018616,-0.00929966103285551,0.6248666644096375,0.46104490756988525,-0.05516572669148445,0.6246643662452698,0.461386114358902,-0.038588814437389374,0.651107907295227,0.4850368797779083,-0.08035419881343842,0.6267633438110352,0.4872770309448242,0.03743898123502731,0.6701455116271973,0.52074134349823,-0.08878569304943085,0.6300884485244751,0.5292675495147705,0.04906813055276871,0.6787996888160706,0.558384895324707,-0.1119469553232193,0.6259121298789978,0.557377278804779,-0.006508138962090015,0.6842743754386902,0.5686231851577759,-0.1259184181690216,0.6248565912246704,0.5649847388267517,-0.015400679782032967,0.6791604161262512,0.5705874562263489,-0.13257712125778198,0.623451292514801,0.5644885301589966,-0.028975795954465866,0.6756244897842407,0.5668885111808777,-0.11430822312831879,0.6244515776634216,0.5612026453018188,-0.014622862450778484,0.647283673286438,0.5677684545516968,-0.03432513773441315,0.6289718747138977,0.5678069591522217,0.03428895026445389,0.6533279418945312,0.6273015737533569,-0.034735023975372314,0.6261411309242249,0.6253139972686768,0.02677653357386589,0.6570581197738647,0.6888086199760437,0.01706808991730213,0.6246474981307983,0.6830753087997437,0.06466324627399445,0.6582154035568237,0.6999617218971252,0.018661420792341232,0.6295708417892456,0.6931145191192627,0.06626071035861969,0.6521809697151184,0.7055978775024414,-0.03642832860350609,0.6127606630325317,0.7033606171607971,0.023984679952263832
frame_00083.jpg,0.6224981546401978,0.45539170503616333,-0.0505395233631134,0.625694990158081,0.4503648579120636,-0.05767066404223442,0.6264066696166992,0.4506272077560425,-0.05779110640287399,0.6271220445632935,0.45090994238853455,-0.057787440717220306,0.6257626414299011,0.4501274824142456,-0.04408594220876694,0.6264554262161255,0.45023125410079956,-0.04419144615530968,0.627146303653717,0.4502967596054077,-0.0442265123128891,0.6328338384628296,0.45431211590766907,-0.06877724081277847,0.6322944164276123,0.454018235206604,-0.00890609435737133,0.625034511089325,0.461681991815567,-0.05296694487333298,0.6249403357505798,0.4618810713291168,-0.03577420860528946,0.6502774953842163,0.4856735169887543,-0.08052685111761093,0.6269721388816833,0.4879935681819916,0.03782902657985687,0.669683575630188,0.5198532342910767,-0.09428991377353668,0.6368353366851807,0.5295748114585876,0.051086585968732834,0.6788631677627563,0.5570933818817139,-0.11137668788433075,0.6375271081924438,0.5586080551147461,0.0014205625047907233,0.6836479306221008,0.5672242045402527,-0.1250377595424652,0.6376855969429016,0.5667774081230164,-0.006953821517527103,0.6786609888076782,0.5697170495986938,-0.13018496334552765,0.6366769671440125,0.5666218400001526,-0.019999999552965164,0.675264835357666,0.5660456418991089,-0.11291958391666412,0.6370983719825745,0.5631508231163025,-0.00630709994584322,0.6466016173362732,0.56856369972229,-0.035027485340833664,0.6304351091384888,0.5678160786628723,0.03499624878168106,0.65204256772995,0.6274670362472534,-0.03262517973780632,0.6264899373054504,0.6252580285072327,0.029407182708382607,0.6568226218223572,0.6895061135292053,0.014875248074531555,0.6250283122062683,0.6826257705688477,0.06841222196817398,0.6612924337387085,0.7009829878807068,0.015856679528951645,0.6299153566360474,0.6929932832717896,0.06993155926465988,0.6490650773048401,0.7054248452186584,-0.03828686475753784,0.6128631234169006,0.7018821835517883,0.02729989029467106
frame_00084.jpg,0.622276246547699,0.45525872707366943,-0.05115512013435364,0.625625729560852,0.4501337707042694,-0.05919035151600838,0.626360297203064,0.4503820240497589,-0.0593111589550972,0.6270819306373596,0.45065292716026306,-0.05930817872285843,0.6257371306419373,0.4499635398387909,-0.04446648433804512,0.6264333128929138,0.450093150138855,-0.04457098990678787,0.627124011516571,0.4501761794090271,-0.044602952897548676,0.6328244805335999,0.4540908932685852,-0.07359359413385391,0.6323148012161255,0.45383545756340027,-0.008742282167077065,0.6247090101242065,0.4613663852214813,-0.05436328053474426,0.624731719493866,0.4616962969303131,-0.03590315952897072,0.6500255465507507,0.48509642481803894,-0.08816001564264297,0.628285825252533,0.48663330078125,0.04134739190340042,0.6709416508674622,0.5197558999061584,-0.10154156386852264,0.6417309045791626,0.5257766842842102,0.06154412776231766,0.6821159720420837,0.5509321689605713,-0.11899490654468536,0.6452305912971497,0.5510244369506836,0.01610393449664116,0.687343955039978,0.5605161786079407,-0.13309122622013092,0.6465775370597839,0.5581490993499756,0.00866626761853695,0.6831009984016418,0.5622488856315613,-0.13789398968219757,0.6447201371192932,0.5578261613845825,-0.004217938985675573,0.6799137592315674,0.5589821934700012,-0.12034568935632706,0.6446515321731567,0.5547791719436646,0.008415628224611282,0.648162305355072,0.5683907270431519,-0.03773815929889679,0.6304723024368286,0.5670457482337952,0.03771368786692619,0.6519514322280884,0.6279429793357849,-0.03820383548736572,0.6266826391220093,0.6241186857223511,0.04352932423353195,0.6569994688034058,0.6910941004753113,0.012306434102356434,0.6253690719604492,0.680939257144928,0.09108211100101471,0.6599447727203369,0.7003480792045593,0.013717038556933403,0.6301952004432678,0.6909893155097961,0.09327179938554764,0.6494196057319641,0.7057031393051147,-0.04367063194513321,0.6134750843048096,0.6999331712722778,0.04986155778169632
frame_00085.jpg,0.6220192313194275,0.45480668544769287,-0.048094261437654495,0.6255244016647339,0.4500311613082886,-0.05639689043164253,0.6262587904930115,0.4502403438091278,-0.05651375651359558,0.6269703507423401,0.45048195123672485,-0.0565127432346344,0.6256982088088989,0.44991496205329895,-0.041070275008678436,0.6264182925224304,0.45001420378685,-0.041174814105033875,0.6271041631698608,0.4500865638256073,-0.04120470955967903,0.632787823677063,0.4539090394973755,-0.07157322019338608,0.6323157548904419,0.4536927044391632,-0.0034530386328697205,0.6243771910667419,0.46125733852386475,-0.05177967995405197,0.6244781613349915,0.4615170359611511,-0.03235868737101555,0.6496431231498718,0.4845535159111023,-0.08722371608018875,0.6292341351509094,0.48545029759407043,0.04711441323161125,0.6709669232368469,0.518842339515686,-0.10179202258586884,0.644085168838501,0.524071991443634,0.06624023616313934,0.6825723052024841,0.548802375793457,-0.11460070312023163,0.6486820578575134,0.5489113926887512,0.020815301686525345,0.6875282526016235,0.5584750771522522,-0.1278076320886612,0.6502467393875122,0.5561462640762329,0.013501817360520363,0.6833986639976501,0.5602820515632629,-0.13245335221290588,0.6485910415649414,0.5559079647064209,0.0011569163762032986,0.6803420782089233,0.557094156742096,-0.11573684215545654,0.64841228723526,0.5528217554092407,0.01334867812693119,0.6478346586227417,0.5683031678199768,-0.0398457907140255,0.631148099899292,0.5666971206665039,0.03982362523674965,0.6513208150863647,0.6284352540969849,-0.04260341078042984,0.626883327960968,0.6234539747238159,0.041357558220624924,0.6565688848495483,0.6926354765892029,0.0008565758471377194,0.6255571246147156,0.6806906461715698,0.08710264414548874,0.6590746641159058,0.701191782951355,0.0016288498882204294,0.630412220954895,0.6908777356147766,0.0894266813993454,0.6482521295547485,0.7056887149810791,-0.054952897131443024,0.6131963729858398,0.6992844939231873,0.044136323034763336
frame_00086.jpg,0.6214902997016907,0.45452991127967834,-0.05143580958247185,0.625226616859436,0.44995829463005066,-0.05975378677248955,0.6259955763816833,0.45021793246269226,-0.059871722012758255,0.6267401576042175,0.4504338800907135,-0.05986974388360977,0.6253525614738464,0.4496977925300598,-0.044081322848796844,0.626126229763031,0.4497652053833008,-0.04418394714593887,0.6268944144248962,0.4498147666454315,-0.044213321059942245,0.632686972618103,0.45376238226890564,-0.0741952434182167,0.6322723031044006,0.4536260962486267,-0.0043002525344491005,0.623874306678772,0.4612162709236145,-0.05474622920155525,0.6239021420478821,0.46132245659828186,-0.03484853357076645,0.6495158076286316,0.4839869737625122,-0.08991321176290512,0.6297534108161926,0.4847765266895294,0.04601350054144859,0.6713984608650208,0.5184518694877625,-0.10247430950403214,0.642468273639679,0.5238855481147766,0.062223054468631744,0.6829942464828491,0.5480968952178955,-0.12240450084209442,0.6451002359390259,0.5492402911186218,0.014356943778693676,0.6877862811088562,0.5582678914070129,-0.13667400181293488,0.646175742149353,0.5564804077148438,0.006646838039159775,0.683662474155426,0.5602226853370667,-0.14109399914741516,0.6442579627037048,0.5561926960945129,-0.005952565930783749,0.6806532740592957,0.5568572878837585,-0.12363620847463608,0.6443144083023071,0.5530453324317932,0.0067169563844799995,0.6484025716781616,0.5685021281242371,-0.040367819368839264,0.6310926079750061,0.566656231880188,0.04034404829144478,0.6514278650283813,0.628994345664978,-0.04185045510530472,0.626905620098114,0.6232749223709106,0.0462898313999176,0.65702223777771,0.6930096745491028,0.007201238535344601,0.6256917715072632,0.6808922290802002,0.09231020510196686,0.6591774225234985,0.701048731803894,0.008464795537292957,0.6304798126220703,0.6909143328666687,0.09441351890563965,0.6487399339675903,0.7061804533004761,-0.048360470682382584,0.6126259565353394,0.6995450854301453,0.051340095698833466
frame_00087.jpg,0.6205799579620361,0.4544636011123657,-0.05326481908559799,0.6244899034500122,0.4498363137245178,-0.06175289303064346,0.6253057718276978,0.4500930607318878,-0.061874013394117355,0.6260320544242859,0.45031502842903137,-0.06186913698911667,0.6245192289352417,0.449591726064682,-0.046022117137908936,0.6253324151039124,0.44967353343963623,-0.046127595007419586,0.6261118054389954,0.449739933013916,-0.04616524651646614,0.6319583654403687,0.45365628600120544,-0.07727601379156113,0.6315022706985474,0.4535394310951233,-0.0063005974516272545,0.6230089664459229,0.4610513746738434,-0.05672764033079147,0.6229948401451111,0.4611773192882538,-0.03672545775771141,0.6494645476341248,0.4838745892047882,-0.0924048125743866,0.6298912763595581,0.4847421646118164,0.042947422713041306,0.6720098257064819,0.5175606608390808,-0.10403977334499359,0.6455546021461487,0.523871660232544,0.05898120999336243,0.6825047135353088,0.5488027930259705,-0.11823634803295135,0.6522477865219116,0.5488972067832947,0.01199402380734682,0.687889039516449,0.5586613416671753,-0.1315426230430603,0.6545428037643433,0.5562156438827515,0.00377923296764493,0.6834496855735779,0.5608049035072327,-0.13599596917629242,0.6526662707328796,0.5556637644767761,-0.007816793397068977,0.680006742477417,0.5575523376464844,-0.11925779283046722,0.6522513628005981,0.5524006485939026,0.004774909466505051,0.6486498117446899,0.5690588355064392,-0.040038932114839554,0.631055474281311,0.566847026348114,0.04001603275537491,0.6511086225509644,0.6295565366744995,-0.03787357360124588,0.6276344656944275,0.6232728958129883,0.06132352352142334,0.6574941277503967,0.6929242610931396,0.01602218486368656,0.6265202164649963,0.6805180907249451,0.11624857038259506,0.6591771841049194,0.7008313536643982,0.017756789922714233,0.6305074691772461,0.6902182102203369,0.11919797956943512,0.6488014459609985,0.7075158357620239,-0.04603472724556923,0.6149338483810425,0.6992520093917847,0.07526623457670212
frame_00088.jpg,0.6202188730239868,0.45431607961654663,-0.0535399504005909,0.624198853969574,0.44977250695228577,-0.06175415590405464,0.6250268220901489,0.450024276971817,-0.06187506392598152,0.6257471442222595,0.4502510726451874,-0.06186962127685547,0.6241351962089539,0.4495526850223541,-0.04634759575128555,0.6249208450317383,0.4496479034423828,-0.04645467549562454,0.6256609559059143,0.44972488284111023,-0.04649345576763153,0.6316124200820923,0.4536205232143402,-0.07629584521055222,0.6310073137283325,0.4535209834575653,-0.006656595505774021,0.6226115822792053,0.4610019326210022,-0.05663252994418144,0.6225161552429199,0.46106335520744324,-0.037050534039735794,0.6494571566581726,0.4835624396800995,-0.0910283774137497,0.6298366189002991,0.48470649123191833,0.0423467680811882,0.671904444694519,0.5173386931419373,-0.1039077490568161,0.644422173500061,0.5236995220184326,0.05815833806991577,0.6824702024459839,0.548413872718811,-0.11764246225357056,0.6504212021827698,0.548657238483429,0.011996747925877571,0.6879910826683044,0.5580971837043762,-0.1311449110507965,0.6525202989578247,0.5559328198432922,0.003965083975344896,0.6836434006690979,0.560275673866272,-0.13578763604164124,0.650616466999054,0.5553512573242188,-0.0076187001541256905,0.6800197958946228,0.5571252703666687,-0.11882378906011581,0.6502665281295776,0.5520589351654053,0.004821603652089834,0.6487067937850952,0.5691784620285034,-0.0397232361137867,0.631029486656189,0.5669332146644592,0.03969878330826759,0.6508249044418335,0.6299089789390564,-0.03711983561515808,0.6279814839363098,0.6232816576957703,0.06089369207620621,0.6575803756713867,0.6927672028541565,0.01597963273525238,0.6273470520973206,0.6804950833320618,0.11551687866449356,0.6592473387718201,0.7006320953369141,0.017751242965459824,0.6310057044029236,0.6900771856307983,0.11847534030675888,0.6491436958312988,0.7081179022789001,-0.04391679912805557,0.6159591674804688,0.6990830302238464,0.07549367845058441
frame_00089.jpg,0.6199958920478821,0.45401209592819214,-0.0609147734940052,0.6238083839416504,0.44975969195365906,-0.06788994371891022,0.6246305108070374,0.45000070333480835,-0.06800822913646698,0.6253276467323303,0.4502318203449249,-0.0680021196603775,0.6236318349838257,0.4495142102241516,-0.05326525494456291,0.6243480443954468,0.44960883259773254,-0.05337128788232803,0.6250060796737671,0.44967517256736755,-0.0534045472741127,0.6308405995368958,0.4535551071166992,-0.07784923166036606,0.6299519538879395,0.453486829996109,-0.010912245139479637,0.6222622990608215,0.46057793498039246,-0.06206066533923149,0.6220191121101379,0.4605117738246918,-0.04352467879652977,0.6483886241912842,0.4821119010448456,-0.09185083210468292,0.6289069056510925,0.48462745547294617,0.042314592748880386,0.6699400544166565,0.516747236251831,-0.10454342514276505,0.6407498121261597,0.5234189033508301,0.059771470725536346,0.6790900826454163,0.5505145192146301,-0.12104885280132294,0.6491897106170654,0.551028847694397,0.012564890086650848,0.6843892335891724,0.561206579208374,-0.13528147339820862,0.6504588723182678,0.5588281154632568,0.0050548650324344635,0.679780900478363,0.5638881325721741,-0.1395539492368698,0.6464182138442993,0.5587417483329773,-0.007943580858409405,0.6767545342445374,0.560319185256958,-0.12224726378917694,0.6463332772254944,0.555290162563324,0.00484550092369318,0.6485745906829834,0.5691194534301758,-0.04015456885099411,0.631054699420929,0.566956639289856,0.04012591764330864,0.6506153345108032,0.6298219561576843,-0.043166689574718475,0.6282551884651184,0.623291552066803,0.05752826854586601,0.6576158404350281,0.6926428079605103,0.0026305606588721275,0.628007709980011,0.6804258227348328,0.10714856535196304,0.6594096422195435,0.7005113959312439,0.0035692222882062197,0.631583571434021,0.690065324306488,0.10951413959264755,0.6487687826156616,0.7081806063652039,-0.057338226586580276,0.6162318587303162,0.6988962888717651,0.065891794860363
frame_00090.jpg,0.6197999715805054,0.45396849513053894,-0.06176919862627983,0.6235391497612,0.4496828317642212,-0.06858517229557037,0.6243714690208435,0.44992685317993164,-0.06870303303003311,0.6250704526901245,0.4501587450504303,-0.06869664043188095,0.6232618093490601,0.4494350850582123,-0.05405411124229431,0.6239331364631653,0.44953441619873047,-0.05415992811322212,0.6245390772819519,0.44960564374923706,-0.054192375391721725,0.6304104328155518,0.4535050690174103,-0.0778556764125824,0.6293255090713501,0.4534309208393097,-0.011350694112479687,0.6220963001251221,0.4604777991771698,-0.06267218291759491,0.6217595934867859,0.46033021807670593,-0.04427369311451912,0.6478820443153381,0.48119857907295227,-0.09201814234256744,0.6281264424324036,0.48458442091941833,0.04266609996557236,0.6690046787261963,0.5164059996604919,-0.1049497127532959,0.6376714706420898,0.5232083797454834,0.06075295805931091,0.6780756711959839,0.5512052178382874,-0.12199603021144867,0.6426077485084534,0.5521003603935242,0.011613238602876663,0.6835349798202515,0.5619897246360779,-0.13650037348270416,0.6425176858901978,0.5599628686904907,0.003980876412242651,0.6788312196731567,0.564643919467926,-0.14099469780921936,0.6390485167503357,0.5601409673690796,-0.009458644315600395,0.6758531928062439,0.5610467791557312,-0.1232975497841835,0.6395315527915955,0.5567198991775513,0.0036529735662043095,0.6485576033592224,0.5690839290618896,-0.04047898203134537,0.6310423612594604,0.5669788122177124,0.04044795036315918,0.6504888534545898,0.629761278629303,-0.04340745136141777,0.628561794757843,0.623361349105835,0.05802211910486221,0.6574863791465759,0.6925680041313171,0.002281810622662306,0.6284126043319702,0.6804007887840271,0.10742652416229248,0.6593921184539795,0.7004249095916748,0.003186191665008664,0.6319946050643921,0.6901189088821411,0.10973677784204483,0.6486280560493469,0.7080973386764526,-0.057751256972551346,0.616366446018219,0.6987519860267639,0.06551890075206757
frame_00091.jpg,0.6196929216384888,0.45367100834846497,-0.05928065627813339,0.6234135031700134,0.44965246319770813,-0.0653911754488945,0.6242491006851196,0.4499145448207855,-0.06550134718418121,0.6249587535858154,0.450147420167923,-0.06549505889415741,0.6230816841125488,0.4493791460990906,-0.05127464979887009,0.6237231492996216,0.4494868218898773,-0.05138023942708969,0.6243031620979309,0.44955888390541077,-0.05140478163957596,0.6302734613418579,0.4534705877304077,-0.07333841174840927,0.6290757060050964,0.4534049928188324,-0.008580883033573627,0.6219736337661743,0.46017563343048096,-0.059635333716869354,0.6215766072273254,0.4599478542804718,-0.04178778454661369,0.6475876569747925,0.48065873980522156,-0.08774126321077347,0.6274732947349548,0.48452481627464294,0.045128196477890015,0.6685250997543335,0.5161082744598389,-0.10004349052906036,0.6368416547775269,0.5231139063835144,0.06327502429485321,0.6777940988540649,0.5515254139900208,-0.11557308584451675,0.6415542364120483,0.5516455769538879,0.016763990744948387,0.6834976673126221,0.5623480081558228,-0.12939411401748657,0.641642153263092,0.5594860911369324,0.009777873754501343,0.6787241101264954,0.5649696588516235,-0.13404187560081482,0.6387162208557129,0.5595935583114624,-0.0031433175317943096,0.6756719946861267,0.5613208413124084,-0.11684463173151016,0.6391517519950867,0.5562129616737366,0.00912631768733263,0.6484090089797974,0.5689899921417236,-0.04030114784836769,0.631023108959198,0.5669794082641602,0.0402703657746315,0.6504281759262085,0.6297165155410767,-0.04502493888139725,0.6287051439285278,0.6233662962913513,0.05500524491071701,0.6576195955276489,0.6928126215934753,-0.0068755559623241425,0.6284670829772949,0.6804362535476685,0.09871311485767365,0.659665048122406,0.7005404233932495,-0.006674134638160467,0.6321107149124146,0.6901907324790955,0.09989393502473831,0.6484761238098145,0.7083727121353149,-0.0666607916355133,0.6160579919815063,0.6989395022392273,0.05576871708035469
frame_00092.jpg,0.6193645000457764,0.4536818861961365,-0.06415839493274689,0.6229978799819946,0.4496097266674042,-0.07100996375083923,0.6238438487052917,0.44986727833747864,-0.07112182676792145,0.6245719194412231,0.4500963091850281,-0.07111300528049469,0.6226832866668701,0.4493316113948822,-0.0564948208630085,0.623336672782898,0.44943735003471375,-0.05660690739750862,0.6239417791366577,0.44950759410858154,-0.056643687188625336,0.6299114227294922,0.45343858003616333,-0.07994469255208969,0.628839373588562,0.4533674120903015,-0.013765567913651466,0.6216086745262146,0.460095077753067,-0.06487889587879181,0.6212028861045837,0.4599110782146454,-0.04656665399670601,0.6463820934295654,0.4807954430580139,-0.09261341392993927,0.6275153756141663,0.4847848117351532,0.042608823627233505,0.6644119620323181,0.5194573998451233,-0.10024464130401611,0.6367870569229126,0.5241410136222839,0.06254200637340546,0.6706541180610657,0.5584784150123596,-0.11526364088058472,0.6408488154411316,0.5533454418182373,0.012717443518340588,0.6746002435684204,0.5680221319198608,-0.1286332905292511,0.6409747004508972,0.5610458254814148,0.006310769822448492,0.6714487671852112,0.5680521726608276,-0.13293367624282837,0.638063371181488,0.5605911016464233,-0.007460686378180981,0.669931173324585,0.5646247267723083,-0.11624081432819366,0.6384621858596802,0.5572866201400757,0.004897846840322018,0.6484149098396301,0.5686712265014648,-0.04045792669057846,0.6329318284988403,0.5667914748191833,0.040431175380945206,0.65000319480896,0.6294066309928894,-0.04702874645590782,0.6293289661407471,0.6231580376625061,0.03943485766649246,0.65720134973526,0.6933916211128235,-0.007196890655905008,0.6284634470939636,0.6809806823730469,0.07905901968479156,0.6595121622085571,0.701121985912323,-0.006851755082607269,0.6321583986282349,0.6902899146080017,0.08048079907894135,0.6472718715667725,0.7083215713500977,-0.06911226361989975,0.6167373657226562,0.6989181637763977,0.032850660383701324
frame_00093.jpg,0.61916184425354,0.4536620080471039,-0.07208063453435898,0.6227720975875854,0.4495560824871063,-0.07909584045410156,0.6236078143119812,0.44980061054229736,-0.0792119950056076,0.6243287324905396,0.4500109851360321,-0.07920359075069427,0.6224879622459412,0.4492814242839813,-0.06437388062477112,0.6231528520584106,0.4493759572505951,-0.06448615342378616,0.6237759590148926,0.4494290351867676,-0.06452567875385284,0.6296684741973877,0.4534050524234772,-0.08779411017894745,0.6287268400192261,0.4533107876777649,-0.020753255113959312,0.6214135885238647,0.4600796699523926,-0.07270657271146774,0.6210258603096008,0.4598931074142456,-0.0541306734085083,0.6457945108413696,0.4808622896671295,-0.1001569852232933,0.6276434063911438,0.4849981963634491,0.03734702616930008,0.6627329587936401,0.520484209060669,-0.1094355583190918,0.6368618607521057,0.5271544456481934,0.05577696114778519,0.6683843731880188,0.5619528889656067,-0.11874345690011978,0.6390234231948853,0.5559645891189575,0.002211696933954954,0.6722471117973328,0.5715911388397217,-0.13199986517429352,0.6388794183731079,0.563850462436676,-0.005428663920611143,0.6683436632156372,0.5702855587005615,-0.1367638260126114,0.6360266208648682,0.5634830594062805,-0.019599365070462227,0.6677061915397644,0.5679091215133667,-0.11965344101190567,0.6365413069725037,0.5600958466529846,-0.006003492511808872,0.6483920216560364,0.5685157775878906,-0.04064382240176201,0.6336716413497925,0.5667406916618347,0.040618881583213806,0.6498449444770813,0.6293136477470398,-0.04717883840203285,0.6295518279075623,0.6231520175933838,0.03952884301543236,0.6571458578109741,0.6934159398078918,-0.00193880929145962,0.6284525394439697,0.6811308264732361,0.08299084007740021,0.6594001054763794,0.7010478377342224,-0.0012656751787289977,0.6321662664413452,0.6903116703033447,0.08483763039112091,0.6458293795585632,0.70830237865448,-0.06233454868197441,0.6167064905166626,0.6989651918411255,0.03682754188776016
frame_00094.jpg,0.6188081502914429,0.45364099740982056,-0.07156747579574585,0.6223028898239136,0.4496927857398987,-0.07835297286510468,0.6231235265731812,0.4499112069606781,-0.07847008109092712,0.6238498687744141,0.4500895142555237,-0.07847948372364044,0.6219619512557983,0.44947549700737,-0.06297777593135834,0.6225486397743225,0.4495832026004791,-0.0630655437707901,0.6230818033218384,0.4496355354785919,-0.0630778819322586,0.6290456652641296,0.45354869961738586,-0.08599887788295746,0.6276782751083374,0.4534948468208313,-0.017147956416010857,0.6210039258003235,0.4599821865558624,-0.07159851491451263,0.6205040216445923,0.4598228335380554,-0.05295666307210922,0.6435164213180542,0.4808700680732727,-0.09706757217645645,0.6273821592330933,0.485064834356308,0.04352056607604027,0.6561069488525391,0.5225508213043213,-0.1120927482843399,0.633230447769165,0.5273948907852173,0.06109775975346565,0.6571649312973022,0.562277615070343,-0.13016505539417267,0.6288439035415649,0.5603194832801819,0.0051835342310369015,0.659717321395874,0.5750313997268677,-0.14712151885032654,0.6273056268692017,0.5686166286468506,-0.0027548770885914564,0.6546121835708618,0.5745016932487488,-0.15040990710258484,0.6249956488609314,0.5692151188850403,-0.018422957509756088,0.6533876657485962,0.5701454281806946,-0.1309925764799118,0.6261318922042847,0.5657165050506592,-0.004555086605250835,0.6440523266792297,0.5683152079582214,-0.040606994181871414,0.6301708817481995,0.5667527914047241,0.04057908430695534,0.6496919393539429,0.6289862394332886,-0.0427185595035553,0.6296485662460327,0.6234418749809265,0.04124480485916138,0.6566981077194214,0.6933472156524658,0.0017570912605151534,0.6283016204833984,0.6824101209640503,0.08539821952581406,0.6577069759368896,0.7008383870124817,0.0019532511942088604,0.6314720511436462,0.6910668611526489,0.08713427186012268,0.6463273763656616,0.7081890106201172,-0.05987031012773514,0.6168664693832397,0.7006608247756958,0.041304875165224075
frame_00095.jpg,0.6186028718948364,0.453631728887558,-0.06702021509408951,0.6220232248306274,0.44971054792404175,-0.07381410896778107,0.6228369474411011,0.44993114471435547,-0.07393034547567368,0.6235652565956116,0.45010340213775635,-0.07393144816160202,0.6216665506362915,0.44950106739997864,-0.05900828167796135,0.6222322583198547,0.4496162235736847,-0.059107761830091476,0.6227460503578186,0.4496660828590393,-0.059132207185029984,0.6287244558334351,0.45357760787010193,-0.08275050669908524,0.6272429823875427,0.4535326659679413,-0.015332157723605633,0.6208351850509644,0.45984652638435364,-0.0676174983382225,0.6202709078788757,0.459692120552063,-0.04929075017571449,0.6428632140159607,0.4808770418167114,-0.0969783216714859,0.6271031498908997,0.48503413796424866,0.04359016939997673,0.6549660563468933,0.5233447551727295,-0.11346153169870377,0.632228434085846,0.5275331139564514,0.06111076474189758,0.654707670211792,0.5633316040039062,-0.13183866441249847,0.6279880404472351,0.5615498423576355,0.0069407327100634575,0.6572473049163818,0.5765907764434814,-0.14885057508945465,0.6267025470733643,0.5700861215591431,-0.0009095381828956306,0.6519927382469177,0.5762485861778259,-0.15205855667591095,0.6245146989822388,0.5708265900611877,-0.018345916643738747,0.6508045196533203,0.5726490020751953,-0.13266444206237793,0.6255537867546082,0.5672348141670227,-0.003056237706914544,0.6432552933692932,0.5682002902030945,-0.04044466093182564,0.6287533044815063,0.5668182373046875,0.040422312915325165,0.6496082544326782,0.6289775371551514,-0.04016003757715225,0.6296197175979614,0.6242045164108276,0.042061593383550644,0.656399130821228,0.6933644413948059,0.006150030996650457,0.6282753944396973,0.6833820343017578,0.08729742467403412,0.6573218107223511,0.7008085250854492,0.00661375280469656,0.6308823823928833,0.691662609577179,0.08963581919670105,0.6468167901039124,0.7081574201583862,-0.05830790847539902,0.6169597506523132,0.7017872333526611,0.04298269376158714
frame_00096.jpg,0.6186434030532837,0.45684346556663513,-0.05127040296792984,0.6220869421958923,0.45213431119918823,-0.05650267004966736,0.622916042804718,0.45223739743232727,-0.056596558541059494,0.6236299276351929,0.45233991742134094,-0.0565698966383934,0.6216434240341187,0.4521377384662628,-0.04366923123598099,0.6221711039543152,0.4522366225719452,-0.043777670711278915,0.6226474046707153,0.45223474502563477,-0.04380770027637482,0.6287954449653625,0.4551800489425659,-0.06171535700559616,0.6271886229515076,0.45508167147636414,-0.002722518052905798,0.621362030506134,0.4622790217399597,-0.05083300545811653,0.6203885078430176,0.46257466077804565,-0.03466540947556496,0.6414673328399658,0.48124364018440247,-0.07442182302474976,0.6255760192871094,0.4877110421657562,0.047260403633117676,0.6513527631759644,0.522351861000061,-0.10082606226205826,0.620485782623291,0.5294377207756042,0.06802307814359665,0.6521400809288025,0.5641893148422241,-0.13152337074279785,0.6080520153045654,0.5611401200294495,0.014236697927117348,0.6549360752105713,0.576337993144989,-0.14826002717018127,0.6052728295326233,0.5710979104042053,0.005700293928384781,0.6512784361839294,0.576488733291626,-0.1524655669927597,0.603980302810669,0.5708282589912415,-0.011738652363419533,0.6498121023178101,0.5727647542953491,-0.13309018313884735,0.6063706874847412,0.5674453973770142,0.004851190373301506,0.6431761980056763,0.5682159066200256,-0.036944784224033356,0.6286717057228088,0.5677348375320435,0.03689979761838913,0.6487739086151123,0.6287893652915955,-0.03908206894993782,0.6295182108879089,0.6253216862678528,0.03027629479765892,0.6550766229629517,0.6928643584251404,0.003689682576805353,0.6275287866592407,0.6842706203460693,0.06836558133363724,0.6549840569496155,0.6994110345840454,0.0039789751172065735,0.6301273703575134,0.6924102902412415,0.06996113061904907,0.6470363736152649,0.7080223560333252,-0.05710991099476814,0.616508960723877,0.7025163769721985,0.02591286227107048
frame_00097.jpg,0.6186753511428833,0.4586836099624634,-0.05148573964834213,0.6221410036087036,0.4535103142261505,-0.057084836065769196,0.6229671835899353,0.45354217290878296,-0.057180047035217285,0.6236613988876343,0.45358461141586304,-0.05715223401784897,0.6216748952865601,0.45356816053390503,-0.04398797079920769,0.6221963167190552,0.45362475514411926,-0.04409695416688919,0.6226702332496643,0.45356762409210205,-0.044127047061920166,0.6288539171218872,0.4561010003089905,-0.06300868839025497,0.6272679567337036,0.4560137987136841,-0.0028901491314172745,0.6218310594558716,0.4638729691505432,-0.051227521151304245,0.6206182241439819,0.464347243309021,-0.03469120338559151,0.641058623790741,0.4816085398197174,-0.07580969482660294,0.6253596544265747,0.4886479079723358,0.04776706546545029,0.6510711908340454,0.5220116972923279,-0.10061967372894287,0.6188379526138306,0.5303939580917358,0.06929431110620499,0.6515923738479614,0.564355731010437,-0.13105836510658264,0.6067461967468262,0.5614312291145325,0.015793902799487114,0.653931200504303,0.5761759281158447,-0.14762312173843384,0.6039096117019653,0.5717055797576904,0.00732696708291769,0.6495290398597717,0.5759416222572327,-0.1519830822944641,0.6026484370231628,0.571241021156311,-0.009895607829093933,0.6493544578552246,0.5737959146499634,-0.13271276652812958,0.6051208972930908,0.5679059624671936,0.006551596336066723,0.6428444981575012,0.5683697462081909,-0.036613188683986664,0.6286424398422241,0.5687044858932495,0.03656762093305588,0.6480862498283386,0.6286361217498779,-0.03811799734830856,0.6295036673545837,0.6259461045265198,0.031249234452843666,0.6543463468551636,0.6926156878471375,0.003531046910211444,0.6273145079612732,0.6850465536117554,0.06943456083536148,0.6541324853897095,0.6988570690155029,0.0038525001145899296,0.629848062992096,0.6930497288703918,0.0709848701953888,0.6470372080802917,0.7078490853309631,-0.05520550161600113,0.6163168549537659,0.7029406428337097,0.026805594563484192
frame_00098.jpg,0.6186975836753845,0.4594411849975586,-0.053028739988803864,0.6220923662185669,0.45420095324516296,-0.05910111218690872,0.6229752898216248,0.4542499780654907,-0.059203337877988815,0.623712956905365,0.45431748032569885,-0.05918142944574356,0.6215254068374634,0.4542176127433777,-0.045557402074337006,0.6220180988311768,0.4542645812034607,-0.04566623270511627,0.6224645376205444,0.4542115032672882,-0.04569815471768379,0.628889262676239,0.45679643750190735,-0.06630335748195648,0.6271251440048218,0.4566439390182495,-0.0043372781947255135,0.6218913793563843,0.46464982628822327,-0.053309518843889236,0.6206734776496887,0.4651590883731842,-0.03621215373277664,0.6413434147834778,0.4821857213973999,-0.07965634018182755,0.6252404451370239,0.4893132746219635,0.047055602073669434,0.6510785818099976,0.521825909614563,-0.10205419361591339,0.6189592480659485,0.5308524966239929,0.06818392127752304,0.6513502597808838,0.5644415020942688,-0.13195744156837463,0.6063433289527893,0.5612479448318481,0.014228908345103264,0.6540229916572571,0.5762052536010742,-0.14856909215450287,0.6036813259124756,0.571772575378418,0.005881115794181824,0.649617075920105,0.5759214758872986,-0.15307697653770447,0.6023494005203247,0.5712800621986389,-0.010679789818823338,0.6477123498916626,0.5724307298660278,-0.13364793360233307,0.6046932339668274,0.5679061412811279,0.005324458237737417,0.6427024602890015,0.5685007572174072,-0.036720648407936096,0.6284289956092834,0.5692930817604065,0.03667708858847618,0.6478012800216675,0.6285665035247803,-0.036916911602020264,0.6294558048248291,0.6259547472000122,0.03307952359318733,0.654382050037384,0.692441999912262,0.005101216025650501,0.6269826292991638,0.6852477788925171,0.07517320662736893,0.6542597413063049,0.6985971331596375,0.005476193502545357,0.6292243003845215,0.693304181098938,0.0770692378282547,0.6471136808395386,0.7076597809791565,-0.051188379526138306,0.6162084341049194,0.7031564116477966,0.03262438252568245
frame_00099.jpg,0.6184130311012268,0.46069464087486267,-0.06296683847904205,0.6215757727622986,0.45538148283958435,-0.0665176659822464,0.6225583553314209,0.45543453097343445,-0.0666108950972557,0.6234188675880432,0.45550426840782166,-0.06657527387142181,0.6208088397979736,0.4553476572036743,-0.05428231507539749,0.6212385892868042,0.45539236068725586,-0.05439608544111252,0.621623694896698,0.4553581178188324,-0.05443603917956352,0.62865149974823,0.45788297057151794,-0.06660207360982895,0.6263735294342041,0.4577593207359314,-0.006408229470252991,0.6217291355133057,0.4660904109477997,-0.05947954207658768,0.6204848885536194,0.46651071310043335,-0.043986089527606964,0.6411126852035522,0.48401352763175964,-0.07594452053308487,0.6230834126472473,0.49285992980003357,0.046880487352609634,0.650152862071991,0.523918867111206,-0.11056981235742569,0.6136442422866821,0.5309028029441833,0.07090745121240616,0.6513563394546509,0.5626668930053711,-0.16434098780155182,0.5938540101051331,0.5530670881271362,0.018027935177087784,0.6534069776535034,0.5702162384986877,-0.18338176608085632,0.5871677994728088,0.56218421459198,0.00960857979953289,0.6509305238723755,0.5682693123817444,-0.18785986304283142,0.5851424932479858,0.560418426990509,-0.007886504754424095,0.6496378183364868,0.5654571056365967,-0.16681437194347382,0.5884812474250793,0.5575786232948303,0.008629629388451576,0.6423670053482056,0.5697007775306702,-0.03668346256017685,0.6268078684806824,0.5706543326377869,0.03663346916437149,0.6467219591140747,0.6302958726882935,-0.040719836950302124,0.6287881135940552,0.6279832124710083,0.03491917625069618,0.6549530625343323,0.6921170949935913,0.003548592794686556,0.6269092559814453,0.6853678822517395,0.08762016147375107,0.6563405394554138,0.6985477805137634,0.004298854153603315,0.6293627023696899,0.6935412883758545,0.09112165868282318,0.647192656993866,0.707785427570343,-0.053361278027296066,0.6157082319259644,0.7033635377883911,0.04801378399133682
frame_00100.jpg,0.6177346110343933,0.460347443819046,-0.059268735349178314,0.6210501790046692,0.45516055822372437,-0.06329938769340515,0.6220575571060181,0.4552888870239258,-0.06338702142238617,0.622958779335022,0.45541954040527344,-0.06334735453128815,0.6203480958938599,0.455032080411911,-0.05036003142595291,0.6208474636077881,0.4550918638706207,-0.05046924948692322,0.6213127374649048,0.45507892966270447,-0.05050104856491089,0.6283225417137146,0.4580642282962799,-0.06618450582027435,0.6262741684913635,0.45790764689445496,-0.0043978458270430565,0.62105393409729,0.46615299582481384,-0.05727817490696907,0.6199012994766235,0.4663432538509369,-0.0408279225230217,0.6407341957092285,0.48451662063598633,-0.07869226485490799,0.6226288080215454,0.49408403038978577,0.04858288913965225,0.6496242880821228,0.5242818593978882,-0.11754701286554337,0.6132267713546753,0.5312354564666748,0.073872871696949,0.6521735191345215,0.564564049243927,-0.1644885241985321,0.592737078666687,0.5510948896408081,0.021527694538235664,0.654747724533081,0.5727793574333191,-0.18263818323612213,0.586246132850647,0.560041069984436,0.013798318803310394,0.6523974537849426,0.5714594125747681,-0.18716548383235931,0.5839846730232239,0.557989776134491,-0.003676976542919874,0.651042640209198,0.5685134530067444,-0.1667717546224594,0.5873278379440308,0.555097222328186,0.012038955464959145,0.642112135887146,0.5705840587615967,-0.03776644170284271,0.6270679235458374,0.5714353919029236,0.03770173341035843,0.6458852291107178,0.630926787853241,-0.042159900069236755,0.628720760345459,0.6284272074699402,0.039724282920360565,0.654973566532135,0.6921573281288147,0.0010657301172614098,0.6267797350883484,0.6855942010879517,0.0894540548324585,0.6566705703735352,0.6989105343818665,0.0018379481043666601,0.6294062733650208,0.6939355134963989,0.09245847910642624,0.6467222571372986,0.7077749371528625,-0.0546920970082283,0.6152615547180176,0.7033354043960571,0.05138488486409187
frame_00101.jpg,0.6172994375228882,0.4629932641983032,-0.05957549065351486,0.6205987930297852,0.4575193226337433,-0.06331729143857956,0.6217259764671326,0.45754748582839966,-0.06340641528367996,0.6227428317070007,0.4575987160205841,-0.06336577981710434,0.6195563077926636,0.45746365189552307,-0.05051586776971817,0.6199082136154175,0.45747992396354675,-0.05062038451433182,0.6202159523963928,0.4574369788169861,-0.05065014958381653,0.6280285120010376,0.4596737027168274,-0.06318675726652145,0.6250551342964172,0.45957961678504944,-0.0038540815003216267,0.620725154876709,0.46831491589546204,-0.05727406591176987,0.6193000674247742,0.46863803267478943,-0.040886010974645615,0.6395476460456848,0.4861457943916321,-0.07613449543714523,0.6211548447608948,0.4944278299808502,0.050259582698345184,0.6479151844978333,0.5245317220687866,-0.11202593892812729,0.6123687624931335,0.5293698310852051,0.07345275580883026,0.6462126970291138,0.5672740340232849,-0.1526479423046112,0.5963411927223206,0.5389862060546875,0.005026917438954115,0.6484063863754272,0.5770066976547241,-0.17072123289108276,0.5916389226913452,0.5433735251426697,-0.005541458260267973,0.6462486982345581,0.5752783417701721,-0.1752045452594757,0.591296911239624,0.5408479571342468,-0.021324146538972855,0.6440901160240173,0.5732018351554871,-0.15464475750923157,0.5939487218856812,0.540299654006958,-0.0042288778349757195,0.6402047872543335,0.5714513063430786,-0.037089020013809204,0.6261307001113892,0.5720017552375793,0.03702935948967934,0.6425467133522034,0.6316982507705688,-0.04189335182309151,0.6280530691146851,0.6292883157730103,0.03396095335483551,0.6521142721176147,0.6924459338188171,0.0019919686019420624,0.626705527305603,0.6857768297195435,0.08768099546432495,0.654674768447876,0.6993730068206787,0.0030449049081653357,0.6295015811920166,0.6939148306846619,0.0918433889746666,0.6431155204772949,0.7079352140426636,-0.05337797477841377,0.6152561902999878,0.7033503651618958,0.049588028341531754
frame_00102.jpg,0.6164999008178711,0.4624834358692169,-0.04697041213512421,0.6199831962585449,0.4570956826210022,-0.05248686671257019,0.6211275458335876,0.4572097063064575,-0.052591897547245026,0.6221914887428284,0.45733240246772766,-0.05256732553243637,0.618949830532074,0.45695245265960693,-0.038733724504709244,0.619343638420105,0.4569900333881378,-0.03882875293493271,0.6197002530097961,0.4569713771343231,-0.03884679824113846,0.6276302933692932,0.45967167615890503,-0.06002356484532356,0.6247435212135315,0.45955631136894226,0.002847895259037614,0.6199545860290527,0.4682759940624237,-0.047695137560367584,0.6184815168380737,0.4683606028556824,-0.03028150275349617,0.638889729976654,0.4865332543849945,-0.07787371426820755,0.6209929585456848,0.4940604567527771,0.05656447261571884,0.6472735404968262,0.5249308347702026,-0.11147364228963852,0.6127475500106812,0.528344452381134,0.07871443033218384,0.6476107835769653,0.5660035610198975,-0.14987410604953766,0.5957366824150085,0.5397551655769348,0.02069738507270813,0.6504725813865662,0.5775266885757446,-0.16778728365898132,0.588356614112854,0.541976273059845,0.012413821183145046,0.6455627679824829,0.5781611800193787,-0.17191584408283234,0.5856747031211853,0.5402061343193054,-0.004327191971242428,0.6439251899719238,0.5748113989830017,-0.15164396166801453,0.5918797254562378,0.5401309132575989,0.011179562658071518,0.6379354596138,0.5718287825584412,-0.037698499858379364,0.6263391375541687,0.57209712266922,0.037637509405612946,0.6392120718955994,0.632011353969574,-0.036065660417079926,0.6300283074378967,0.630183756351471,0.03502221405506134,0.6447911858558655,0.6924825310707092,0.015156993642449379,0.6267135739326477,0.6871843338012695,0.0824114978313446,0.6488685011863708,0.6993734836578369,0.016921939328312874,0.6309307217597961,0.6949670910835266,0.08530846238136292,0.6323527097702026,0.7072767019271851,-0.03406735509634018,0.6205013990402222,0.7052805423736572,0.048210762441158295
frame_00103.jpg,0.6165841817855835,0.4625997841358185,-0.0481826476752758,0.6199498772621155,0.4571746587753296,-0.052908748388290405,0.6211127042770386,0.4572974145412445,-0.05300722271203995,0.6221987009048462,0.45741257071495056,-0.052977509796619415,0.6187872290611267,0.45699840784072876,-0.040067385882139206,0.619094967842102,0.4570293724536896,-0.04016922786831856,0.6193540096282959,0.4570055305957794,-0.04019283875823021,0.627562403678894,0.45974311232566833,-0.05596095323562622,0.6241257190704346,0.45964229106903076,0.002450327854603529,0.6200135946273804,0.4683762192726135,-0.04723678529262543,0.6184436082839966,0.46841081976890564,-0.03105325624346733,0.638684093952179,0.48638853430747986,-0.06962882727384567,0.6208070516586304,0.49356862902641296,0.05534575507044792,0.6474364995956421,0.5246099829673767,-0.09920390695333481,0.6114978194236755,0.5277325510978699,0.07886388897895813,0.6473671197891235,0.5673487186431885,-0.1396407186985016,0.5909851789474487,0.5382579565048218,0.02660423517227173,0.6499339938163757,0.5778645277023315,-0.15613731741905212,0.5837522745132446,0.5427511930465698,0.019196782261133194,0.6465921401977539,0.5780665874481201,-0.16065150499343872,0.5810191035270691,0.5407015681266785,0.002764391712844372,0.6451356410980225,0.5745947360992432,-0.141671285033226,0.5857335329055786,0.5389291048049927,0.017486577853560448,0.6381667852401733,0.5716784000396729,-0.03660368174314499,0.6261547207832336,0.5718863010406494,0.03654143959283829,0.639699399471283,0.6319468021392822,-0.03651830181479454,0.6295686364173889,0.6303209066390991,0.031189793720841408,0.6473982334136963,0.6925048232078552,0.012841589748859406,0.626050591468811,0.6871874928474426,0.07661309838294983,0.6500643491744995,0.699444591999054,0.013891570270061493,0.6306596398353577,0.694904625415802,0.0793721079826355,0.6367897987365723,0.707440972328186,-0.040565136820077896,0.6197911500930786,0.7058005928993225,0.041565410792827606
frame_00104.jpg,0.6165674328804016,0.4624723494052887,-0.04526222497224808,0.6197514533996582,0.4571971595287323,-0.04837407171726227,0.6209477782249451,0.45731088519096375,-0.048472557216882706,0.6220773458480835,0.45741015672683716,-0.04844561964273453,0.6183425188064575,0.45699241757392883,-0.03708619624376297,0.6184918880462646,0.45700547099113464,-0.0371953621506691,0.6185704469680786,0.4569636881351471,-0.03722665458917618,0.6270257234573364,0.4597044587135315,-0.043706703931093216,0.6225473880767822,0.4595530331134796,0.007622851524502039,0.6199129819869995,0.46812552213668823,-0.04135965555906296,0.6180669665336609,0.46814775466918945,-0.02726210653781891,0.6383143067359924,0.48478496074676514,-0.052369944751262665,0.6189454793930054,0.4932204484939575,0.058676473796367645,0.6470801830291748,0.5236467123031616,-0.08243023604154587,0.6089485287666321,0.5268753170967102,0.07827609032392502,0.6436227560043335,0.5556641817092896,-0.1289103627204895,0.5864638090133667,0.5332520008087158,0.024082956835627556,0.644849419593811,0.5635760426521301,-0.1452999711036682,0.5792864561080933,0.5364202857017517,0.01592988893389702,0.6427513360977173,0.5618568658828735,-0.14928553998470306,0.5769063830375671,0.5324596762657166,0.0004826003569178283,0.6417880058288574,0.5589046478271484,-0.13091972470283508,0.580740749835968,0.531732439994812,0.015317226760089397,0.6364506483078003,0.5714433789253235,-0.03326626867055893,0.622913658618927,0.5717475414276123,0.03320379927754402,0.6395334005355835,0.6319743394851685,-0.03731729835271835,0.6278878450393677,0.6301277279853821,0.024129919707775116,0.6490920186042786,0.6925041079521179,0.010948967188596725,0.6255804300308228,0.6870411038398743,0.07306884229183197,0.6511327624320984,0.6994175314903259,0.011899979785084724,0.6295287013053894,0.6947680711746216,0.07609401643276215,0.6374164819717407,0.7074833512306213,-0.04187016934156418,0.6188167333602905,0.7059155702590942,0.036538079380989075
frame_00105.jpg,0.6161641478538513,0.46216729283332825,-0.04345722869038582,0.6193076968193054,0.4569578766822815,-0.0472848042845726,0.6205177903175354,0.45707574486732483,-0.04738354682922363,0.621665894985199,0.45717939734458923,-0.047355540096759796,0.6179136633872986,0.4567605257034302,-0.035547055304050446,0.6180844902992249,0.4567793905735016,-0.035655271261930466,0.6181942820549011,0.4567410349845886,-0.03568876162171364,0.6265133619308472,0.4595390856266022,-0.04635144770145416,0.6222962141036987,0.4593874514102936,0.007680897600948811,0.6194631457328796,0.4678376019001007,-0.040761590003967285,0.6175444722175598,0.4678827226161957,-0.02602757140994072,0.6381031274795532,0.48359695076942444,-0.057490330189466476,0.6185682415962219,0.4930872321128845,0.05783411115407944,0.6469131112098694,0.5227975845336914,-0.09099473059177399,0.6083014607429504,0.526432454586029,0.07790888100862503,0.6398792266845703,0.5474303364753723,-0.13774451613426208,0.5848528742790222,0.5309470891952515,0.023411531001329422,0.640039324760437,0.5547235608100891,-0.15599866211414337,0.5780545473098755,0.5339392423629761,0.01502007432281971,0.6379040479660034,0.552362859249115,-0.15803128480911255,0.576045036315918,0.5310323238372803,-0.00033532516681589186,0.6374110579490662,0.5495694875717163,-0.13934370875358582,0.5794952511787415,0.5302183032035828,0.014642899855971336,0.6371395587921143,0.5712562799453735,-0.03231241926550865,0.6219141483306885,0.5713757872581482,0.03225667029619217,0.6398158073425293,0.632090151309967,-0.037535715848207474,0.6257849931716919,0.6300487518310547,0.024336140602827072,0.6492612361907959,0.6925013661384583,0.0117031866684556,0.6253446340560913,0.6869698166847229,0.07390820980072021,0.6519675850868225,0.6993296146392822,0.013212923891842365,0.6294137835502625,0.6947028040885925,0.07831373065710068,0.6419764757156372,0.7077165842056274,-0.040185630321502686,0.61850506067276,0.7058438658714294,0.040391724556684494
frame_00106.jpg,0.6141284704208374,0.461770623922348,-0.04048805311322212,0.6174330711364746,0.4564100503921509,-0.046904485672712326,0.6184723377227783,0.45657286047935486,-0.047001563012599945,0.6194183230400085,0.4566965699195862,-0.04697331041097641,0.6166867613792419,0.4561062455177307,-0.033173806965351105,0.6171590685844421,0.45611047744750977,-0.03327817842364311,0.6175700426101685,0.4560544192790985,-0.03330255299806595,0.6245743036270142,0.4593292474746704,-0.048624180257320404,0.6221287250518799,0.4590437710285187,0.006525504402816296,0.617229700088501,0.46739083528518677,-0.04167088866233826,0.6160901784896851,0.4674561321735382,-0.024371173232793808,0.6368762254714966,0.48316988348960876,-0.07681479305028915,0.6186175346374512,0.49307000637054443,0.05751710385084152,0.6461465358734131,0.5202709436416626,-0.1302604377269745,0.6079233884811401,0.5254516005516052,0.08226017653942108,0.6262665390968323,0.5287879109382629,-0.18184493482112885,0.5850261449813843,0.5286506414413452,0.03451696038246155,0.6218377351760864,0.5382354259490967,-0.20216791331768036,0.5777387619018555,0.5310431122779846,0.028036633506417274,0.6186044216156006,0.529887318611145,-0.20029671490192413,0.5761697292327881,0.5272439122200012,0.01223851554095745,0.6217597126960754,0.5282101631164551,-0.18158933520317078,0.5791105031967163,0.5270118713378906,0.025639554485678673,0.6374614834785461,0.5709493160247803,-0.03539333492517471,0.6227129697799683,0.5713445544242859,0.035339582711458206,0.639004111289978,0.6322794556617737,-0.041298989206552505,0.6259928941726685,0.6299835443496704,0.025696704164147377,0.6498682498931885,0.6915499567985535,-0.004184042103588581,0.6253925561904907,0.6870957016944885,0.07553420215845108,0.6533944010734558,0.6992762088775635,-0.0038366697262972593,0.6295233368873596,0.6949377059936523,0.07939041405916214,0.6421307325363159,0.7077654004096985,-0.055948130786418915,0.6180523633956909,0.7060014605522156,0.04414423927664757
frame_00107.jpg,0.6134024858474731,0.4614928960800171,-0.04269733279943466,0.6168230772018433,0.45600035786628723,-0.04904738813638687,0.6177929639816284,0.45618781447410583,-0.04914471507072449,0.6186581254005432,0.4563235342502594,-0.04911545664072037,0.6163055896759033,0.455623060464859,-0.035374823957681656,0.6168780326843262,0.4555984437465668,-0.0354803204536438,0.6174017786979675,0.4555056691169739,-0.035505544394254684,0.6238585114479065,0.45905178785324097,-0.05460113286972046,0.6220864653587341,0.45862001180648804,0.005055399611592293,0.6165965795516968,0.46713170409202576,-0.04366002231836319,0.615665078163147,0.46711769700050354,-0.02640121802687645,0.6364285349845886,0.4830259680747986,-0.08069455623626709,0.6186097860336304,0.4930137097835541,0.056454725563526154,0.6456775069236755,0.5188756585121155,-0.13541558384895325,0.607806921005249,0.5248008966445923,0.08038322627544403,0.625834584236145,0.526807427406311,-0.1910848319530487,0.5847538709640503,0.5282494425773621,0.03147124499082565,0.6227155923843384,0.5364646315574646,-0.21200475096702576,0.5775713920593262,0.5304732918739319,0.02458927407860756,0.6205637454986572,0.5306724309921265,-0.21062736213207245,0.5759112238883972,0.526344895362854,0.008857293985784054,0.6215770244598389,0.5262498259544373,-0.1911754608154297,0.5787685513496399,0.5262416005134583,0.02260582149028778,0.6376854181289673,0.570579469203949,-0.03709627687931061,0.6231692433357239,0.5712038278579712,0.03704310208559036,0.6385640501976013,0.6322273015975952,-0.04369976371526718,0.6260643601417542,0.6299086809158325,0.0290539413690567,0.650590181350708,0.6912801265716553,-0.011302482336759567,0.62572181224823,0.6870681047439575,0.07809990644454956,0.6539413928985596,0.6992748975753784,-0.011498573236167431,0.6302762031555176,0.6949256062507629,0.08174265921115875,0.6422175765037537,0.7078238129615784,-0.06526945531368256,0.6164385080337524,0.7037439942359924,0.04735511913895607
frame_00108.jpg,0.612920343875885,0.46139097213745117,-0.047858528792858124,0.6165808439254761,0.45593711733818054,-0.05160801485180855,0.6175564527511597,0.4561251699924469,-0.051697827875614166,0.6184431314468384,0.45627233386039734,-0.051662344485521317,0.6160188317298889,0.45558300614356995,-0.03883013501763344,0.6165416836738586,0.45556172728538513,-0.038940537720918655,0.6170211434364319,0.45547056198120117,-0.03897371515631676,0.6236274838447571,0.4591749310493469,-0.05420612543821335,0.6217555403709412,0.4587229788303375,0.0047105103731155396,0.6159728765487671,0.46702519059181213,-0.04529285430908203,0.6150984764099121,0.4670192003250122,-0.029115548357367516,0.6366010308265686,0.48304396867752075,-0.07310827821493149,0.6172539591789246,0.49291181564331055,0.057887811213731766,0.6461232900619507,0.518957793712616,-0.129645437002182,0.6070843935012817,0.524763822555542,0.08008831739425659,0.6315642595291138,0.5270032286643982,-0.2018110454082489,0.5827573537826538,0.5294086933135986,0.03014373779296875,0.629952073097229,0.5345288515090942,-0.22502557933330536,0.5741750001907349,0.5313514471054077,0.022355711087584496,0.6270273923873901,0.5255559086799622,-0.22504016757011414,0.5727939009666443,0.5274555087089539,0.006514403969049454,0.6272178888320923,0.5250314474105835,-0.2030092179775238,0.5756789445877075,0.5272817015647888,0.021721433848142624,0.6378272771835327,0.5700677037239075,-0.03748553991317749,0.6226071119308472,0.5708437561988831,0.037428177893161774,0.6383713483810425,0.6320973634719849,-0.05067288130521774,0.624454140663147,0.6298387050628662,0.029667282477021217,0.650837242603302,0.6912984848022461,-0.00873994268476963,0.6263481378555298,0.6870244145393372,0.08826516568660736,0.6542505621910095,0.6992671489715576,-0.008056854829192162,0.6315445899963379,0.6949368715286255,0.09252262115478516,0.6423211097717285,0.7080365419387817,-0.06547950953245163,0.6142193078994751,0.7031914591789246,0.05328274518251419
frame_00109.jpg,0.6130046844482422,0.46141427755355835,-0.049619410187006,0.6165650486946106,0.45600825548171997,-0.052667271345853806,0.6175569295883179,0.4562148153781891,-0.052753664553165436,0.6184595227241516,0.4563901722431183,-0.05271546170115471,0.6159644722938538,0.455626517534256,-0.040285054594278336,0.6164509057998657,0.45560210943222046,-0.04039590805768967,0.6169010400772095,0.4555106461048126,-0.040430571883916855,0.6236057281494141,0.45934394001960754,-0.05371632054448128,0.6216403245925903,0.45880070328712463,0.004604026675224304,0.6160286068916321,0.46708330512046814,-0.04587322100996971,0.6150815486907959,0.46707433462142944,-0.03029095008969307,0.6367701888084412,0.48325982689857483,-0.07037503272294998,0.6168371438980103,0.49288690090179443,0.05855204537510872,0.6463547945022583,0.5190927982330322,-0.1290588676929474,0.6072933077812195,0.5247517228126526,0.08045467734336853,0.6324971914291382,0.5271914005279541,-0.20315301418304443,0.5832455158233643,0.5300473570823669,0.028077587485313416,0.6297426223754883,0.5350108742713928,-0.22646811604499817,0.5753862261772156,0.5321600437164307,0.02101522870361805,0.6277680993080139,0.5251430869102478,-0.22629258036613464,0.5732237696647644,0.5281273126602173,0.004934963770210743,0.6278455853462219,0.5249411463737488,-0.20425763726234436,0.5766552090644836,0.5280117392539978,0.01947508193552494,0.6379551887512207,0.569729745388031,-0.03765534609556198,0.6222823262214661,0.5706233978271484,0.0375971645116806,0.6381940245628357,0.6319277882575989,-0.052188318222761154,0.6235953569412231,0.6298128366470337,0.030002597719430923,0.6509939432144165,0.6913150548934937,-0.010005060583353043,0.6264777779579163,0.6869722604751587,0.08832637220621109,0.6545292735099792,0.6992596983909607,-0.009311411529779434,0.63193279504776,0.6949798464775085,0.0922413244843483,0.6425742506980896,0.7080691456794739,-0.06780247390270233,0.6121531128883362,0.702701210975647,0.05181509256362915
frame_00110.jpg,0.6129354238510132,0.46135178208351135,-0.0497826412320137,0.6164268851280212,0.4559783935546875,-0.053217582404613495,0.6174055337905884,0.45619258284568787,-0.05330350995063782,0.6182934045791626,0.4563813805580139,-0.053264547139406204,0.6158648133277893,0.4555988013744354,-0.040610529482364655,0.616353452205658,0.4555794894695282,-0.040721289813518524,0.6168125867843628,0.4554957151412964,-0.04075517877936363,0.6234642863273621,0.45942339301109314,-0.054052650928497314,0.621606171131134,0.4588397145271301,0.004324126522988081,0.6158781051635742,0.4670853614807129,-0.04664727300405502,0.6150055527687073,0.4670785963535309,-0.030717860907316208,0.6368643045425415,0.48357611894607544,-0.07254235446453094,0.6167923212051392,0.49275314807891846,0.05783709138631821,0.6464558243751526,0.5191708207130432,-0.13317222893238068,0.607499897480011,0.5248018503189087,0.08066736161708832,0.6324268579483032,0.5275524258613586,-0.20276275277137756,0.5836406350135803,0.5303036570549011,0.029178986325860023,0.6289175748825073,0.5357716083526611,-0.2254195660352707,0.5761332511901855,0.5324655771255493,0.02160022035241127,0.6275044083595276,0.5254077911376953,-0.22477063536643982,0.5738106966018677,0.5283799767494202,0.0058929831720888615,0.6276594996452332,0.5252353549003601,-0.20352640748023987,0.5772908329963684,0.5282573103904724,0.02041020616889,0.6380208730697632,0.5698339343070984,-0.03805968165397644,0.6222401857376099,0.5707826018333435,0.0380033478140831,0.6381285190582275,0.631878137588501,-0.05163995176553726,0.6234428286552429,0.630247950553894,0.030253741890192032,0.6511486768722534,0.6913149356842041,-0.009098973125219345,0.626620888710022,0.6869275569915771,0.0895642414689064,0.6547379493713379,0.6992142200469971,-0.008366401307284832,0.6322900056838989,0.6950579881668091,0.09342772513628006,0.6428929567337036,0.7081325650215149,-0.06603942811489105,0.6115826964378357,0.7026880979537964,0.05363265424966812
frame_00111.jpg,0.6120148301124573,0.4611436128616333,-0.050010789185762405,0.6155322790145874,0.4558611512184143,-0.054680805653333664,0.6164530515670776,0.4560792148113251,-0.054765067994594574,0.6172914505004883,0.4562726318836212,-0.054726630449295044,0.6151805520057678,0.45545870065689087,-0.04092967137694359,0.6157805323600769,0.45542532205581665,-0.04104222357273102,0.616362988948822,0.4553331434726715,-0.04107847809791565,0.6225987672805786,0.45926761627197266,-0.06080060452222824,0.6213366985321045,0.4586484134197235,0.0041578300297260284,0.6151317954063416,0.46699079871177673,-0.04881327226758003,0.6144582629203796,0.46692514419555664,-0.03114500641822815,0.6367665529251099,0.483354777097702,-0.08204080164432526,0.6170986890792847,0.49320322275161743,0.05743439123034477,0.6465283632278442,0.5185508131980896,-0.1383097767829895,0.6075741648674011,0.5268856287002563,0.08116555958986282,0.62920743227005,0.5315743088722229,-0.19405068457126617,0.5878018736839294,0.5430395603179932,0.02894314005970955,0.6255319714546204,0.5389775037765503,-0.2152983695268631,0.5813050866127014,0.549648106098175,0.02115814760327339,0.6235049962997437,0.5285388827323914,-0.2142699658870697,0.5792731046676636,0.5483445525169373,0.005154593847692013,0.6239227652549744,0.528544545173645,-0.19421730935573578,0.5830298066139221,0.5460454821586609,0.02003595232963562,0.638125479221344,0.5703305602073669,-0.0402504988014698,0.6224250197410583,0.5714144110679626,0.04019983112812042,0.6379399299621582,0.6318528056144714,-0.051488716155290604,0.623660683631897,0.630833625793457,0.03670131787657738,0.6512042284011841,0.6913436055183411,-0.01193043403327465,0.6268706917762756,0.6868962645530701,0.09139084070920944,0.65477454662323,0.6992313265800476,-0.011485740542411804,0.6327205896377563,0.6951740384101868,0.09486134350299835,0.6429404616355896,0.7083415389060974,-0.06820202618837357,0.6120577454566956,0.7024511098861694,0.05583031103014946
frame_00112.jpg,0.6114403605461121,0.460997998714447,-0.04953835904598236,0.6150025129318237,0.45573922991752625,-0.054663848131895065,0.6159298419952393,0.45595836639404297,-0.05474793165922165,0.6167768836021423,0.45615679025650024,-0.05470970273017883,0.6147335767745972,0.45532122254371643,-0.040620964020490646,0.6154037117958069,0.4552743136882782,-0.040734246373176575,0.6160625219345093,0.455173134803772,-0.04077150300145149,0.6222254037857056,0.4591238796710968,-0.06127616763114929,0.6211903691291809,0.45846810936927795,0.004310680087655783,0.6146794557571411,0.46692267060279846,-0.04881244897842407,0.6140888929367065,0.466807097196579,-0.030910730361938477,0.6366083025932312,0.48305901885032654,-0.08185382187366486,0.617262601852417,0.49326837062835693,0.057559676468372345,0.6466078758239746,0.518115222454071,-0.1345537006855011,0.6076635122299194,0.5276967287063599,0.08117150515317917,0.6291926503181458,0.5311564803123474,-0.18730750679969788,0.5895323157310486,0.5458839535713196,0.02826186642050743,0.6250910758972168,0.53959721326828,-0.20802848041057587,0.5832112431526184,0.5524098873138428,0.02057885006070137,0.6227512955665588,0.5292847752571106,-0.20788176357746124,0.5813400745391846,0.5512287616729736,0.004946425557136536,0.6231775879859924,0.5291746258735657,-0.1877550333738327,0.5850809812545776,0.5490097403526306,0.019418668001890182,0.6381804943084717,0.5704648494720459,-0.040616560727357864,0.622552752494812,0.5716041326522827,0.04056825116276741,0.6380998492240906,0.6317629218101501,-0.05054314061999321,0.6237949132919312,0.6308651566505432,0.037778548896312714,0.6510906219482422,0.6913530230522156,-0.011650128290057182,0.626951277256012,0.6868343353271484,0.09186171740293503,0.6547337770462036,0.6992241144180298,-0.01093347929418087,0.6329353451728821,0.6951727271080017,0.09528373181819916,0.643043577671051,0.7083448767662048,-0.06664611399173737,0.6123145222663879,0.7024004459381104,0.056057803332805634
frame_00113.jpg,0.6108924746513367,0.46053043007850647,-0.058913737535476685,0.6141879558563232,0.45559069514274597,-0.0654512420296669,0.6150844693183899,0.4557643532752991,-0.06554129719734192,0.6159011721611023,0.4559246897697449,-0.06550998985767365,0.6139239072799683,0.4552208185195923,-0.050863802433013916,0.6146096587181091,0.4551733732223511,-0.050982631742954254,0.6152966618537903,0.45507970452308655,-0.05102720111608505,0.6213924884796143,0.4584839642047882,-0.07334675639867783,0.6205214262008667,0.45800653100013733,-0.006193277891725302,0.6142297983169556,0.46614113450050354,-0.05919088050723076,0.6136617660522461,0.46609094738960266,-0.04060046374797821,0.6366097331047058,0.48262688517570496,-0.08806796371936798,0.6176477074623108,0.49307116866111755,0.04649856314063072,0.646641194820404,0.5183166861534119,-0.13152793049812317,0.6100158095359802,0.5289166569709778,0.06434277445077896,0.6394201517105103,0.5502014756202698,-0.1759651005268097,0.5975929498672485,0.5579037070274353,0.0037212788593024015,0.640105664730072,0.5578612089157104,-0.19471444189548492,0.593621015548706,0.5676227807998657,-0.005983269773423672,0.6381387114524841,0.5555967688560486,-0.19755356013774872,0.5923750400543213,0.567656397819519,-0.02182197943329811,0.6376862525939941,0.5530203580856323,-0.17737707495689392,0.5955433249473572,0.5643497705459595,-0.005305150523781776,0.6378770470619202,0.5704543590545654,-0.04049638658761978,0.6225687265396118,0.5715600848197937,0.040451280772686005,0.6380857229232788,0.6317547559738159,-0.04626236855983734,0.62385094165802,0.6308457851409912,0.04236438497900963,0.6509512662887573,0.69114089012146,0.004320080392062664,0.6269391775131226,0.686724841594696,0.09200320392847061,0.6547389626502991,0.6988717317581177,0.005970763508230448,0.6328567862510681,0.6951505541801453,0.09497647732496262,0.6430729627609253,0.7077195644378662,-0.049021508544683456,0.6124784350395203,0.7024098634719849,0.054482292383909225
frame_00114.jpg,0.6108159422874451,0.4603535830974579,-0.05823691934347153,0.6139987707138062,0.45555490255355835,-0.06484493613243103,0.6148846745491028,0.45570865273475647,-0.06493674218654633,0.6156904101371765,0.4558519423007965,-0.06490520387887955,0.6137164831161499,0.45520249009132385,-0.050234515219926834,0.6143900752067566,0.4551530182361603,-0.05035199970006943,0.6150670051574707,0.4550609290599823,-0.05039576441049576,0.6211063861846924,0.458185613155365,-0.07318951189517975,0.6202479600906372,0.4577890634536743,-0.005951048340648413,0.614180862903595,0.4657778739929199,-0.058763228356838226,0.6135927438735962,0.465738981962204,-0.04015273228287697,0.6365967392921448,0.482245534658432,-0.08863654732704163,0.6180293560028076,0.4928293526172638,0.04733217507600784,0.6466638445854187,0.5184059143066406,-0.13082578778266907,0.6107280254364014,0.5298669338226318,0.06722898781299591,0.6404907703399658,0.55507493019104,-0.16495057940483093,0.5985745191574097,0.5608211159706116,0.009687499143183231,0.641339123249054,0.5636481642723083,-0.1829080879688263,0.594314455986023,0.5710620880126953,0.0007632446940988302,0.6388850808143616,0.5622716546058655,-0.1856067180633545,0.5925552248954773,0.5713472962379456,-0.01529686339199543,0.6384391188621521,0.5591775178909302,-0.1661265790462494,0.5962091684341431,0.5677898526191711,0.0006457379786297679,0.6377301812171936,0.5704411268234253,-0.04069267213344574,0.6226402521133423,0.5715372562408447,0.040651850402355194,0.6377779841423035,0.6316576600074768,-0.044277362525463104,0.6240351796150208,0.6308204531669617,0.04426503926515579,0.6508963108062744,0.6909456849098206,0.002747213002294302,0.6269840598106384,0.6865755319595337,0.09099914133548737,0.654761791229248,0.6985759139060974,0.003933343105018139,0.6328999400138855,0.6950860619544983,0.09430796653032303,0.6430903673171997,0.7073432803153992,-0.051234252750873566,0.6124626994132996,0.7023051381111145,0.05384375900030136
frame_00115.jpg,0.6107439398765564,0.4602350890636444,-0.05830832198262215,0.6138811707496643,0.45551928877830505,-0.06474108248949051,0.6147547960281372,0.45565637946128845,-0.06483139842748642,0.6155480146408081,0.4557846486568451,-0.06479907035827637,0.6136226654052734,0.4551822245121002,-0.05036235600709915,0.61430424451828,0.45512962341308594,-0.05048104375600815,0.6149906516075134,0.45503517985343933,-0.05052631348371506,0.6209312677383423,0.4579814374446869,-0.07238774746656418,0.6201570630073547,0.45761582255363464,-0.006296681705862284,0.6141229867935181,0.4655635952949524,-0.05866268277168274,0.6135478019714355,0.4655435383319855,-0.04034789651632309,0.6365960836410522,0.4821119010448456,-0.08706401288509369,0.6184483766555786,0.49269524216651917,0.046080220490694046,0.6467068195343018,0.5180755257606506,-0.13028118014335632,0.6112464666366577,0.530292272567749,0.0652814656496048,0.640776515007019,0.5538474321365356,-0.16618165373802185,0.5991256833076477,0.5609759092330933,0.00829674955457449,0.6415361762046814,0.5620847344398499,-0.18442349135875702,0.5948121547698975,0.5711008906364441,-0.000695415772497654,0.639130711555481,0.5603011250495911,-0.18696407973766327,0.5928586721420288,0.5713110566139221,-0.01649455539882183,0.638733983039856,0.5574578642845154,-0.16742673516273499,0.5967048406600952,0.5677362680435181,-0.0005823938990943134,0.6375434994697571,0.5704087615013123,-0.040579505264759064,0.6226726770401001,0.5715217590332031,0.040538154542446136,0.6373129487037659,0.6314374804496765,-0.044372737407684326,0.6242258548736572,0.6300308704376221,0.04392531141638756,0.6507465243339539,0.6905859708786011,0.0001176253063022159,0.6269830465316772,0.686208188533783,0.08731331676244736,0.6547354459762573,0.6983548998832703,0.000742881849873811,0.6328702569007874,0.6950012445449829,0.08925633877515793,0.6429088711738586,0.706892728805542,-0.05472790449857712,0.612440824508667,0.7022356390953064,0.047254692763090134
frame_00116.jpg,0.6106783747673035,0.4600587487220764,-0.06363482028245926,0.613578736782074,0.455264151096344,-0.07269476354122162,0.6143823862075806,0.4553329646587372,-0.07281243056058884,0.6150912046432495,0.4553869068622589,-0.07280551642179489,0.6134389638900757,0.4549754858016968,-0.05656125023961067,0.6141611337661743,0.45490047335624695,-0.05666383355855942,0.6148938536643982,0.4547805190086365,-0.05670490860939026,0.6205323338508606,0.4572523236274719,-0.09021343290805817,0.6201188564300537,0.4569537043571472,-0.015902850776910782,0.6140080690383911,0.46524402499198914,-0.06716160476207733,0.6135376691818237,0.46529775857925415,-0.04657796397805214,0.6371923089027405,0.4821242094039917,-0.11387281119823456,0.6205440759658813,0.49216631054878235,0.04392527788877487,0.6494818925857544,0.522074282169342,-0.14173021912574768,0.6229398250579834,0.535340428352356,0.061912380158901215,0.6539149284362793,0.566435694694519,-0.16554725170135498,0.6160327792167664,0.566886842250824,0.0071927085518836975,0.6561989784240723,0.5777818560600281,-0.18354235589504242,0.6144065260887146,0.5749343037605286,-0.0005909194005653262,0.6510369181632996,0.5782532095909119,-0.1866869032382965,0.6120479106903076,0.5751769542694092,-0.016461974009871483,0.6490667462348938,0.5745478868484497,-0.16648337244987488,0.6133334040641785,0.5719757676124573,-0.001894647255539894,0.6353619694709778,0.5711106061935425,-0.04594176635146141,0.622543215751648,0.5722471475601196,0.04590930417180061,0.6363430619239807,0.6317613124847412,-0.04391930624842644,0.6250823736190796,0.6300246119499207,0.06814572960138321,0.6506136059761047,0.6909087300300598,0.004709688015282154,0.626889169216156,0.6863054037094116,0.11916901171207428,0.6549296379089355,0.6988621950149536,0.005958040710538626,0.6328973770141602,0.6952123045921326,0.12195942550897598,0.63972407579422,0.7084965109825134,-0.0502874031662941,0.612369954586029,0.7017066478729248,0.08313136547803879
frame_00117.jpg,0.6106427907943726,0.46002405881881714,-0.06220077723264694,0.6133962869644165,0.45522192120552063,-0.07145452499389648,0.6141659021377563,0.45526397228240967,-0.07157664746046066,0.614831805229187,0.4552887976169586,-0.07157119363546371,0.6133025884628296,0.454960435628891,-0.055082134902477264,0.6140373349189758,0.4548834264278412,-0.05518261715769768,0.6147772669792175,0.454762727022171,-0.05522402375936508,0.6202985644340515,0.45696407556533813,-0.09010153263807297,0.620063304901123,0.45674508810043335,-0.014425231143832207,0.6139508485794067,0.4651411175727844,-0.0660540834069252,0.6135203242301941,0.4652562439441681,-0.04514355584979057,0.6375659108161926,0.4821940064430237,-0.11569186300039291,0.6213404536247253,0.49213898181915283,0.04562581330537796,0.6504273414611816,0.5240479111671448,-0.14566859602928162,0.6245161890983582,0.5375890731811523,0.06452701985836029,0.6557005643844604,0.5697029232978821,-0.1677979975938797,0.6167893409729004,0.5686725974082947,0.009762716479599476,0.6582132577896118,0.5809312462806702,-0.18653295934200287,0.6149960160255432,0.5763373970985413,0.0019157070200890303,0.6527041792869568,0.5816825032234192,-0.1881629079580307,0.6125456094741821,0.5765487551689148,-0.014124652370810509,0.6506702303886414,0.5779312252998352,-0.16877202689647675,0.6138318777084351,0.5734120011329651,0.0005630190717056394,0.6343837976455688,0.572554886341095,-0.048064813017845154,0.6221174597740173,0.5734524130821228,0.04803115874528885,0.636332631111145,0.6334255337715149,-0.0384599044919014,0.6255141496658325,0.6304105520248413,0.07794539630413055,0.6504908800125122,0.6925641894340515,0.011893696151673794,0.6269160509109497,0.6871216297149658,0.13499265909194946,0.6549380421638489,0.7006083726882935,0.013247869908809662,0.633136510848999,0.6957715153694153,0.1384570598602295,0.6382635831832886,0.710584819316864,-0.043945685029029846,0.6124063730239868,0.7016588449478149,0.10079534351825714
frame_00118.jpg,0.6105690598487854,0.46009543538093567,-0.04886966198682785,0.613025963306427,0.45523494482040405,-0.05908461660146713,0.6137456893920898,0.4552620053291321,-0.059207428246736526,0.6143468022346497,0.45528650283813477,-0.05921873450279236,0.6130052208900452,0.45501625537872314,-0.04304240271449089,0.613752007484436,0.4549359679222107,-0.04314499720931053,0.61448734998703,0.45481425523757935,-0.04318423941731453,0.619829535484314,0.45667120814323425,-0.08287303149700165,0.6198527812957764,0.45658084750175476,-0.011415280401706696,0.6139199137687683,0.4651436507701874,-0.05478210002183914,0.6135411858558655,0.46529102325439453,-0.03430462256073952,0.6378892660140991,0.48222193121910095,-0.10366415977478027,0.6222769021987915,0.49207818508148193,0.04655124992132187,0.6550217270851135,0.523137092590332,-0.13129667937755585,0.6264250874519348,0.5362463593482971,0.06402214616537094,0.663408637046814,0.5627192854881287,-0.1458713263273239,0.6242319345474243,0.564453125,0.011594352312386036,0.6697966456413269,0.5731723308563232,-0.16029515862464905,0.6234623193740845,0.5717388987541199,0.006894896272569895,0.6639488339424133,0.5744520425796509,-0.1633271723985672,0.6210370659828186,0.5712396502494812,-0.007274414412677288,0.6603819131851196,0.5715287327766418,-0.14655454456806183,0.621760368347168,0.5682802796363831,0.0035018406342715025,0.6327104568481445,0.5732679963111877,-0.046724557876586914,0.6234641075134277,0.5734826922416687,0.04667902737855911,0.6317761540412903,0.6328321099281311,-0.035462912172079086,0.6285732984542847,0.6304671168327332,0.07475388050079346,0.6359076499938965,0.6921474933624268,0.005777697544544935,0.6461682319641113,0.6879884600639343,0.08160267770290375,0.6423572897911072,0.7017163038253784,0.006000896450132132,0.6484403610229492,0.6983537077903748,0.08212171494960785,0.6187974214553833,0.7082951664924622,-0.04644623398780823,0.6348686218261719,0.7054373621940613,0.04817821830511093
frame_00119.jpg,0.6108348965644836,0.4604300558567047,-0.05053744465112686,0.6131435036659241,0.4554187059402466,-0.059280186891555786,0.613913893699646,0.45541220903396606,-0.059422023594379425,0.6145657300949097,0.4554051160812378,-0.05945153161883354,0.6130670309066772,0.4552162289619446,-0.04389199614524841,0.6138775944709778,0.45511090755462646,-0.043998491019010544,0.6146734952926636,0.4549647569656372,-0.044035907834768295,0.6200255155563354,0.45667189359664917,-0.08192267268896103,0.6201543211936951,0.4565609395503998,-0.009876400232315063,0.6143141388893127,0.4653359353542328,-0.05536432936787605,0.6141781210899353,0.465565025806427,-0.03483828157186508,0.6395008563995361,0.48246830701828003,-0.10373923927545547,0.623671293258667,0.49206870794296265,0.04568030685186386,0.6600804328918457,0.5206525921821594,-0.13025371730327606,0.6266087889671326,0.535568356513977,0.06074463576078415,0.6691628694534302,0.5603476762771606,-0.14871469140052795,0.6250565648078918,0.5679528117179871,0.01033938117325306,0.6745599508285522,0.5705549120903015,-0.16465085744857788,0.6241196393966675,0.5759497880935669,0.004295690450817347,0.669103741645813,0.5723855495452881,-0.16789916157722473,0.6216882467269897,0.5763693451881409,-0.009730255231261253,0.665634036064148,0.5695099234580994,-0.1495906114578247,0.6225677728652954,0.5728628039360046,0.001969229895621538,0.633398175239563,0.5743509531021118,-0.045770805329084396,0.6236996054649353,0.5741510987281799,0.04572969675064087,0.6329745650291443,0.6350015997886658,-0.034533340483903885,0.6284686923027039,0.6306847333908081,0.08345977216959,0.6470335125923157,0.6924228072166443,0.011310175992548466,0.6320813894271851,0.6879563927650452,0.13128796219825745,0.6540645360946655,0.7016013264656067,0.012397377751767635,0.6375799775123596,0.6974892020225525,0.13381202518939972,0.6243244409561157,0.7093883156776428,-0.042197130620479584,0.6241255402565002,0.7040423154830933,0.0968928188085556
frame_00120.jpg,0.6110325455665588,0.4612889587879181,-0.0447407141327858,0.6132505536079407,0.45586147904396057,-0.05443478375673294,0.6139880418777466,0.45577532052993774,-0.054555267095565796,0.614590585231781,0.4557013213634491,-0.05456002429127693,0.6131734848022461,0.45572662353515625,-0.03922142833471298,0.6139623522758484,0.45557883381843567,-0.039326541125774384,0.6147388219833374,0.45538902282714844,-0.03936982899904251,0.6200271844863892,0.4566781222820282,-0.08004017919301987,0.6201720237731934,0.45656734704971313,-0.008306199684739113,0.6144983768463135,0.46609798073768616,-0.04996322840452194,0.6145093441009521,0.46637794375419617,-0.03041352890431881,0.6398116946220398,0.4825935959815979,-0.10157375037670135,0.6248674392700195,0.4917253851890564,0.0453280508518219,0.6613649129867554,0.5184553861618042,-0.12506377696990967,0.6286438703536987,0.5354316830635071,0.05812293291091919,0.6708027124404907,0.5589221119880676,-0.14274577796459198,0.6297703981399536,0.5674850344657898,0.010515676811337471,0.6761845946311951,0.5691444873809814,-0.15727896988391876,0.629409670829773,0.5754980444908142,0.00557304173707962,0.6707163453102112,0.5710201263427734,-0.16020825505256653,0.6271535158157349,0.5755137801170349,-0.007033869624137878,0.6672854423522949,0.567821204662323,-0.1433875560760498,0.6276885271072388,0.5721371173858643,0.0032002106308937073,0.6332700848579407,0.574404776096344,-0.044560402631759644,0.6263546943664551,0.5740439891815186,0.04454159364104271,0.632598876953125,0.6346921920776367,-0.0120753338560462,0.631962239742279,0.6307399272918701,0.08013919740915298,0.6330686807632446,0.6903017163276672,0.032402362674474716,0.6457333564758301,0.6878927946090698,0.09267756342887878,0.6414069533348083,0.7017030715942383,0.03354869782924652,0.647912323474884,0.6972057223320007,0.09339535236358643,0.6180802583694458,0.7076356410980225,-0.013542400673031807,0.6352549195289612,0.7069047093391418,0.06018228456377983
frame_00121.jpg,0.611048698425293,0.46088024973869324,-0.04689257964491844,0.6131376028060913,0.4555949866771698,-0.05588177964091301,0.6138084530830383,0.45548808574676514,-0.05601117014884949,0.6143613457679749,0.45538994669914246,-0.056034497916698456,0.6131137013435364,0.4555007219314575,-0.03951173275709152,0.6138609647750854,0.455366313457489,-0.03960996866226196,0.6146079897880554,0.4551883339881897,-0.039665140211582184,0.6197938323020935,0.4562076926231384,-0.0821659117937088,0.620097815990448,0.45618578791618347,-0.0103070680052042,0.6143457293510437,0.46567869186401367,-0.05199779197573662,0.6143978834152222,0.4660686254501343,-0.031351637095212936,0.6396951675415039,0.4824833571910858,-0.10455294698476791,0.624693751335144,0.49118927121162415,0.041953545063734055,0.6612412929534912,0.5167998671531677,-0.13031676411628723,0.6274302005767822,0.5353957414627075,0.05402876064181328,0.6710960865020752,0.5584585070610046,-0.15035003423690796,0.6267693638801575,0.5689706802368164,0.007611825130879879,0.6763211488723755,0.5682996511459351,-0.16571731865406036,0.6258412599563599,0.5775567889213562,0.0014752544229850173,0.6707779169082642,0.5700275897979736,-0.16864100098609924,0.6238305568695068,0.5776581168174744,-0.011704345233738422,0.6672927141189575,0.5666300058364868,-0.15107974410057068,0.6246699094772339,0.5741503834724426,-0.0002762016956694424,0.6333947777748108,0.5742079019546509,-0.04428812116384506,0.6265328526496887,0.5740050673484802,0.04426530748605728,0.6323727369308472,0.6343623995780945,-0.01353677548468113,0.6324344873428345,0.6307329535484314,0.06978223472833633,0.6326407194137573,0.6897461414337158,0.037491265684366226,0.6518455147743225,0.6880044937133789,0.0934571847319603,0.6377116441726685,0.7016036510467529,0.039487846195697784,0.6573854684829712,0.6972547769546509,0.09484872967004776,0.616000771522522,0.7067257761955261,-0.006776976399123669,0.6405504941940308,0.7097194194793701,0.06116347387433052
frame_00122.jpg,0.6125199198722839,0.46093112230300903,-0.042985036969184875,0.6147028207778931,0.45562705397605896,-0.052625589072704315,0.6153875589370728,0.4555126130580902,-0.05274264141917229,0.6159182786941528,0.45540592074394226,-0.05274582654237747,0.6148028373718262,0.455531507730484,-0.037253499031066895,0.6156219244003296,0.4553850293159485,-0.037360779941082,0.6164149045944214,0.4551944136619568,-0.03741142526268959,0.6215294599533081,0.45620277523994446,-0.07662257552146912,0.6218729615211487,0.4561540484428406,-0.006407581269741058,0.6161543130874634,0.4657861888408661,-0.047994766384363174,0.6161065697669983,0.46616512537002563,-0.028473833575844765,0.6412132978439331,0.48262184858322144,-0.09737063944339752,0.6261065006256104,0.4908771812915802,0.04250278323888779,0.662737250328064,0.5170587301254272,-0.11696840822696686,0.6283349990844727,0.5349757671356201,0.05719903111457825,0.6724043488502502,0.5586580634117126,-0.13150326907634735,0.6285428404808044,0.568965494632721,0.00997071247547865,0.67765212059021,0.5688855051994324,-0.14501944184303284,0.6276585459709167,0.5771881341934204,0.004497329704463482,0.6724360585212708,0.5712400078773499,-0.14900889992713928,0.6255884170532227,0.5773226022720337,-0.007957587018609047,0.6692379713058472,0.5679110288619995,-0.1324639618396759,0.626426100730896,0.5738717913627625,0.0027514337562024593,0.6334221363067627,0.5742876529693604,-0.04370683804154396,0.6268847584724426,0.5740019679069519,0.04369082301855087,0.6328148245811462,0.6342177987098694,-0.019134504720568657,0.6323558688163757,0.6308851838111877,0.06469227373600006,0.6369865536689758,0.6938342452049255,0.025091996416449547,0.6461728811264038,0.6901952624320984,0.09480137377977371,0.6421269178390503,0.7048928737640381,0.026845678687095642,0.6514281630516052,0.7010197043418884,0.09631352126598358,0.6203779578208923,0.7067270278930664,-0.02385314740240574,0.633571445941925,0.7083252668380737,0.06193288043141365
frame_00123.jpg,0.6133829355239868,0.46105125546455383,-0.04343005642294884,0.6155182719230652,0.4556873142719269,-0.05328011512756348,0.6161898970603943,0.4555794596672058,-0.05339589715003967,0.6167123317718506,0.4554758071899414,-0.053394902497529984,0.6156700849533081,0.4555792212486267,-0.03811415657401085,0.6165114641189575,0.45542606711387634,-0.03822002559900284,0.6173266172409058,0.45522451400756836,-0.038268834352493286,0.622303307056427,0.4562162458896637,-0.07654696702957153,0.6227563619613647,0.4561617970466614,-0.006413643714040518,0.6169599294662476,0.4660193622112274,-0.04844629019498825,0.6168476343154907,0.46629905700683594,-0.029164474457502365,0.6415124535560608,0.4826867878437042,-0.09749884903430939,0.626625657081604,0.4907979369163513,0.04347260296344757,0.6630743741989136,0.5172102451324463,-0.11993086338043213,0.6284730434417725,0.5348263382911682,0.05670243501663208,0.672763466835022,0.5591705441474915,-0.13577213883399963,0.6266124844551086,0.5703098773956299,0.010499265976250172,0.6782081127166748,0.5697667002677917,-0.14959557354450226,0.6251657009124756,0.5785802006721497,0.0046472093090415,0.6722244620323181,0.5724624395370483,-0.15334287285804749,0.6229678392410278,0.5788456797599792,-0.008033991791307926,0.6691820621490479,0.5691072344779968,-0.13667921721935272,0.6240540146827698,0.5754113793373108,0.002874248195439577,0.6336222887039185,0.5744578838348389,-0.0436229482293129,0.6276885867118835,0.5741302967071533,0.04360494762659073,0.6330245733261108,0.6340614557266235,-0.016057370230555534,0.6326950788497925,0.6309363842010498,0.062206167727708817,0.6355586647987366,0.6949824094772339,0.02464631199836731,0.6512295007705688,0.6900034546852112,0.0954681932926178,0.6406151652336121,0.7056514024734497,0.025460556149482727,0.6570754647254944,0.7004329562187195,0.09699415415525436,0.6172226667404175,0.706244707107544,-0.023816239088773727,0.6365089416503906,0.7077777981758118,0.06264659017324448
frame_00124.jpg,0.6161688566207886,0.4608907997608185,-0.04036903753876686,0.6185649633407593,0.4553205668926239,-0.050861656665802,0.6191490292549133,0.4552830755710602,-0.050972502678632736,0.6196041703224182,0.455223947763443,-0.05097189545631409,0.6188902854919434,0.4551047682762146,-0.03560800850391388,0.6197791695594788,0.4549708366394043,-0.035707827657461166,0.6206635236740112,0.45477011799812317,-0.035743597894907,0.6249898672103882,0.4561866223812103,-0.07590068876743317,0.6263020634651184,0.45603981614112854,-0.005769755691289902,0.6193437576293945,0.46597492694854736,-0.046201806515455246,0.6196098327636719,0.4661961495876312,-0.026854485273361206,0.6413921117782593,0.482695609331131,-0.09803681820631027,0.6336909532546997,0.48883718252182007,0.043938349932432175,0.6622796058654785,0.5188557505607605,-0.12189420312643051,0.641889750957489,0.5348970890045166,0.05710102990269661,0.6697455644607544,0.5609599947929382,-0.13616399466991425,0.6379770636558533,0.5698827505111694,0.01366348285228014,0.6743543148040771,0.5715433955192566,-0.14969724416732788,0.6372231245040894,0.5783680081367493,0.00865955650806427,0.6684728860855103,0.5743905901908875,-0.15189188718795776,0.6344863176345825,0.578031599521637,-0.0036998570431023836,0.6656473875045776,0.5706107020378113,-0.13638049364089966,0.6350286602973938,0.5747211575508118,0.006344640161842108,0.6332091093063354,0.5749660730361938,-0.04357243329286575,0.6320856809616089,0.5746805667877197,0.04355311393737793,0.6326721906661987,0.6341087818145752,-0.0175189021974802,0.6348123550415039,0.6320458054542542,0.06188228726387024,0.6362227201461792,0.6964690089225769,0.026048725470900536,0.6533210873603821,0.689781129360199,0.09602753818035126,0.6414716839790344,0.7061771154403687,0.027462059631943703,0.658051609992981,0.6995397210121155,0.09771684557199478,0.6199988126754761,0.7098408937454224,-0.012794842012226582,0.636313796043396,0.70698481798172,0.07073633372783661
frame_00125.jpg,0.6180433034896851,0.460917592048645,-0.035342197865247726,0.6203013062477112,0.4553769826889038,-0.04568417742848396,0.6208217144012451,0.45533332228660583,-0.04579033702611923,0.6211969256401062,0.45526865124702454,-0.0457892045378685,0.6207707524299622,0.45516806840896606,-0.03094782494008541,0.6216986179351807,0.4550270736217499,-0.031047174707055092,0.6226058006286621,0.45481663942337036,-0.031078755855560303,0.6261476278305054,0.45626285672187805,-0.07092233747243881,0.6280443072319031,0.45607519149780273,-0.0034028373192995787,0.6209001541137695,0.46600085496902466,-0.0413421094417572,0.6213052272796631,0.46620461344718933,-0.022685987874865532,0.6409608721733093,0.48300448060035706,-0.09536971896886826,0.6348354816436768,0.4885188043117523,0.04564328491687775,0.6614407300949097,0.5193071961402893,-0.11743922531604767,0.6392731070518494,0.5349268317222595,0.05790911987423897,0.668820858001709,0.5604724287986755,-0.12518590688705444,0.6330873370170593,0.5695285797119141,0.01747904345393181,0.673416256904602,0.5713446736335754,-0.13712845742702484,0.6317071318626404,0.577782928943634,0.013477141037583351,0.6672370433807373,0.5737997889518738,-0.13906291127204895,0.6291366219520569,0.5779358148574829,0.0009879987919703126,0.6638723015785217,0.5702783465385437,-0.12515795230865479,0.629959225654602,0.5743070840835571,0.010181709192693233,0.6330795884132385,0.5750728249549866,-0.04337115213274956,0.6335929036140442,0.5750064849853516,0.043350305408239365,0.6321456432342529,0.6340328454971313,-0.019742002710700035,0.6363435387611389,0.6319992542266846,0.05622207373380661,0.632192850112915,0.6916738748550415,0.025083795189857483,0.6562213897705078,0.6887626647949219,0.08628614246845245,0.6358720064163208,0.7003709077835083,0.02683279849588871,0.6608688831329346,0.6981980800628662,0.08778002858161926,0.6152364015579224,0.7078264355659485,-0.008979353122413158,0.6407713890075684,0.705444872379303,0.0666300356388092
frame_00126.jpg,0.6192835569381714,0.46112290024757385,-0.03616248443722725,0.6213787794113159,0.45545944571495056,-0.04804297536611557,0.6219674348831177,0.45538130402565,-0.048149120062589645,0.6224161982536316,0.4552939832210541,-0.04813515394926071,0.6217650175094604,0.45528048276901245,-0.033693842589855194,0.6227003335952759,0.4551093280315399,-0.033788926899433136,0.6236294507980347,0.45486676692962646,-0.03382720425724983,0.6278364658355713,0.4562907814979553,-0.07459081709384918,0.6296979188919067,0.4560869336128235,-0.0072328620590269566,0.6223308444023132,0.4662834107875824,-0.043683577328920364,0.6227303743362427,0.4664756655693054,-0.025531074032187462,0.6420777440071106,0.48318713903427124,-0.09720049053430557,0.6354097127914429,0.48857077956199646,0.04305781424045563,0.6609989404678345,0.5223705768585205,-0.11960651725530624,0.6366605758666992,0.5345531105995178,0.054616767913103104,0.6645919680595398,0.5651612877845764,-0.1330478936433792,0.6330346465110779,0.5694296360015869,0.013926905579864979,0.6676331758499146,0.5780342221260071,-0.14680948853492737,0.6316376328468323,0.577552080154419,0.008898936212062836,0.6621061563491821,0.5790406465530396,-0.14942367374897003,0.629435122013092,0.5778623819351196,-0.003368049394339323,0.6596817374229431,0.5754143595695496,-0.1334572732448578,0.6302610635757446,0.5745574831962585,0.006578643806278706,0.6335271596908569,0.5747467279434204,-0.043181296437978745,0.6345449090003967,0.5750386118888855,0.04316159337759018,0.6325381994247437,0.6330795884132385,-0.006222083233296871,0.6396547555923462,0.6300972104072571,0.06356953829526901,0.6341555118560791,0.6918901801109314,0.036600224673748016,0.6534042954444885,0.687926173210144,0.0978664979338646,0.6369014978408813,0.6982471942901611,0.037637751549482346,0.6574098467826843,0.6974220871925354,0.09940283000469208,0.6164137721061707,0.7065930962562561,-0.005314029287546873,0.6385639309883118,0.7052282691001892,0.0733119398355484
frame_00127.jpg,0.6193838119506836,0.461083322763443,-0.03739500790834427,0.6215061545372009,0.4554217755794525,-0.04840817674994469,0.6220834255218506,0.4553395211696625,-0.048505980521440506,0.622519314289093,0.4552462697029114,-0.04848369210958481,0.6218954920768738,0.45522037148475647,-0.034475527703762054,0.6228304505348206,0.4550209939479828,-0.03456677868962288,0.6237710118293762,0.4547376036643982,-0.034603096544742584,0.6280203461647034,0.4562046229839325,-0.07585276663303375,0.6299213767051697,0.45591723918914795,-0.00842998456209898,0.6225036382675171,0.4662792980670929,-0.04423905164003372,0.6228496432304382,0.46644696593284607,-0.026525819674134254,0.6422535181045532,0.48320239782333374,-0.09775109589099884,0.6362259984016418,0.4883062243461609,0.042084839195013046,0.6606050729751587,0.5232473611831665,-0.1199413388967514,0.6363715529441833,0.5344160795211792,0.054335106164216995,0.6633081436157227,0.5663483738899231,-0.13091805577278137,0.635594367980957,0.569620668888092,0.013907752931118011,0.6663876175880432,0.5791529417037964,-0.14452491700649261,0.6345195174217224,0.5779721736907959,0.008800195530056953,0.66090989112854,0.5803101062774658,-0.14745423197746277,0.6323673129081726,0.5785046219825745,-0.003888034727424383,0.6584148406982422,0.5766570568084717,-0.13138800859451294,0.6330441236495972,0.5751491189002991,0.006519847549498081,0.6339682340621948,0.5744935870170593,-0.04305173456668854,0.634834349155426,0.5747736096382141,0.04303419217467308,0.6339203119277954,0.6324104070663452,-0.012471930123865604,0.6387174129486084,0.6285434365272522,0.06361080706119537,0.638738751411438,0.6921772360801697,0.030427074059844017,0.6510353684425354,0.689379870891571,0.0997154489159584,0.6431249380111694,0.7005676031112671,0.03155957907438278,0.6525598764419556,0.6964399218559265,0.10126610845327377,0.6191377639770508,0.7065876126289368,-0.013316357508301735,0.6370528936386108,0.7037612795829773,0.0733020082116127
frame_00128.jpg,0.6192041039466858,0.461053729057312,-0.047094009816646576,0.6213557720184326,0.45541703701019287,-0.05740630626678467,0.6219363212585449,0.4553343951702118,-0.057510294020175934,0.6223770380020142,0.4552404582500458,-0.05749484896659851,0.6217285394668579,0.45521122217178345,-0.04229404777288437,0.6226482391357422,0.45500555634498596,-0.0423894077539444,0.6235637664794922,0.4547121226787567,-0.042426060885190964,0.6280092597007751,0.4561733305454254,-0.08107693493366241,0.6298640966415405,0.4558505415916443,-0.011042561382055283,0.6223261952400208,0.466251015663147,-0.05274292081594467,0.6226344108581543,0.46640002727508545,-0.03350599855184555,0.6428016424179077,0.48333263397216797,-0.10227978229522705,0.6359080076217651,0.4882611036300659,0.041198354214429855,0.6603835821151733,0.5245263576507568,-0.12073169648647308,0.6403636336326599,0.5356773138046265,0.05370273068547249,0.6629613637924194,0.5674611330032349,-0.13192299008369446,0.6356780529022217,0.5704435706138611,0.011711498722434044,0.6660194993019104,0.5801268219947815,-0.14578305184841156,0.6344560384750366,0.5788774490356445,0.00599278649315238,0.6604638695716858,0.5813764929771423,-0.14884985983371735,0.6320279836654663,0.5796939730644226,-0.006880771368741989,0.6579951643943787,0.5777472257614136,-0.1324044167995453,0.6328214406967163,0.5762395858764648,0.004102035891264677,0.6347839832305908,0.5744581818580627,-0.04331280291080475,0.6337324976921082,0.574743390083313,0.04329671338200569,0.6360313296318054,0.6324239373207092,-0.021153513342142105,0.6376612782478333,0.6278396248817444,0.07048739492893219,0.651854395866394,0.6931300759315491,0.021943222731351852,0.6393910050392151,0.6899874210357666,0.11359019577503204,0.6580628156661987,0.7027853727340698,0.022725138813257217,0.6429911255836487,0.7011349201202393,0.11557187139987946,0.6367368102073669,0.7066836953163147,-0.02523203194141388,0.623022735118866,0.7013165950775146,0.08449481427669525
frame_00129.jpg,0.6214904189109802,0.46102622151374817,-0.05166428163647652,0.6242148876190186,0.45541155338287354,-0.060238681733608246,0.6249481439590454,0.45533114671707153,-0.060355156660079956,0.6255606412887573,0.45523977279663086,-0.06034300848841667,0.6243825554847717,0.45521003007888794,-0.045369476079940796,0.6252435445785522,0.4550057351589203,-0.045471128076314926,0.6260936260223389,0.4547153115272522,-0.0455198660492897,0.6312351822853088,0.45632168650627136,-0.08089115470647812,0.6319151520729065,0.4560287594795227,-0.01034396793693304,0.6246439218521118,0.46629300713539124,-0.054993342608213425,0.6246336698532104,0.46646207571029663,-0.036072805523872375,0.6471737623214722,0.4855184555053711,-0.101432204246521,0.6346924304962158,0.4893900454044342,0.04347090423107147,0.6568494439125061,0.5285611748695374,-0.1255451738834381,0.6367335319519043,0.5355008244514465,0.05815998837351799,0.6570115089416504,0.5680915713310242,-0.15324296057224274,0.6303236484527588,0.5701471567153931,0.011811068281531334,0.658369779586792,0.582023561000824,-0.1719813197851181,0.6288394331932068,0.5785958766937256,0.005787231959402561,0.6528870463371277,0.5818700790405273,-0.17477107048034668,0.6271392703056335,0.5792134404182434,-0.007660800125449896,0.6517585515975952,0.577403724193573,-0.1542954295873642,0.6281421780586243,0.5756720304489136,0.004208484664559364,0.6406786441802979,0.5754371881484985,-0.04353155940771103,0.6314946413040161,0.575033962726593,0.04352080449461937,0.6430938243865967,0.6336592435836792,-0.025316987186670303,0.633232057094574,0.6278913021087646,0.07973899692296982,0.6559892296791077,0.6910814642906189,0.03329448774456978,0.6308371424674988,0.6874663233757019,0.13641370832920074,0.6620660424232483,0.6990562081336975,0.03617292642593384,0.6358027458190918,0.6984347701072693,0.13990655541419983,0.6434739828109741,0.7069311141967773,-0.016404051333665848,0.6141074895858765,0.701481282711029,0.10373912751674652
frame_00130.jpg,0.622144341468811,0.4606874883174896,-0.05300199240446091,0.6249070167541504,0.45517799258232117,-0.062081970274448395,0.6256501078605652,0.45508724451065063,-0.06219793111085892,0.6262792348861694,0.4549756348133087,-0.06218857318162918,0.6250114440917969,0.45499372482299805,-0.046888578683137894,0.625839352607727,0.4548036754131317,-0.04699135571718216,0.6266608238220215,0.4545280635356903,-0.04704257473349571,0.6319629549980164,0.45617419481277466,-0.08103860914707184,0.6322146654129028,0.4559142291545868,-0.010626441799104214,0.6253616213798523,0.46609923243522644,-0.05659957602620125,0.6253235936164856,0.46634483337402344,-0.03726861625909805,0.6485055088996887,0.48540496826171875,-0.10501338541507721,0.6340535283088684,0.48915207386016846,0.044469982385635376,0.6558714509010315,0.5287534594535828,-0.1309904158115387,0.6345854997634888,0.5350968241691589,0.0618315152823925,0.654886782169342,0.5694494247436523,-0.1543206423521042,0.6246976852416992,0.5685996413230896,0.01266181655228138,0.6566194891929626,0.5834438800811768,-0.17226490378379822,0.6241992712020874,0.5777155756950378,0.006046205293387175,0.6513466835021973,0.5831862092018127,-0.17502617835998535,0.6235283613204956,0.5785250067710876,-0.007608027197420597,0.6499967575073242,0.5787533521652222,-0.15514889359474182,0.6247321367263794,0.574337363243103,0.004652873147279024,0.6427374482154846,0.5749542117118835,-0.04506368190050125,0.6296820640563965,0.5740954875946045,0.04506346583366394,0.6445580124855042,0.6336497664451599,-0.032801512628793716,0.6305562853813171,0.6279655694961548,0.08314632624387741,0.6571028828620911,0.6909477710723877,0.0325254425406456,0.6278401613235474,0.686048686504364,0.13675862550735474,0.6630163788795471,0.6982653141021729,0.032747093588113785,0.6330102682113647,0.6963902711868286,0.1400226652622223,0.6429404616355896,0.7072321772575378,-0.019042562693357468,0.6125671863555908,0.7016127109527588,0.10496127605438232
frame_00131.jpg,0.6247297525405884,0.45990294218063354,-0.05327015370130539,0.6279682517051697,0.4544071555137634,-0.06187404319643974,0.6287592649459839,0.4543818235397339,-0.06199011206626892,0.6294798851013184,0.4543391168117523,-0.0619734451174736,0.6278627514839172,0.45424407720565796,-0.046880125999450684,0.6285564303398132,0.454120010137558,-0.04698297008872032,0.6292679905891418,0.45390644669532776,-0.04702713340520859,0.6347929239273071,0.45609569549560547,-0.08052708208560944,0.6344937086105347,0.455740749835968,-0.01035596989095211,0.6276145577430725,0.4655672311782837,-0.05638844519853592,0.6271833777427673,0.4657287001609802,-0.03728165477514267,0.6508863568305969,0.48540639877319336,-0.10273575782775879,0.6338230967521667,0.49026840925216675,0.04676821082830429,0.6558001637458801,0.5293856859207153,-0.1297920048236847,0.6307329535484314,0.5308394432067871,0.07304711639881134,0.6556431651115417,0.5701302289962769,-0.15738394856452942,0.6164479851722717,0.55019211769104,0.022828586399555206,0.6573647260665894,0.5841655135154724,-0.1758263111114502,0.6112186312675476,0.5593622326850891,0.015040007419884205,0.6522173285484314,0.5834721326828003,-0.179763525724411,0.6094033718109131,0.5563366413116455,-0.001112737925723195,0.6506068110466003,0.5788722634315491,-0.15884408354759216,0.6126994490623474,0.5532072186470032,0.013773245736956596,0.6447600722312927,0.5760272741317749,-0.04494740441441536,0.6297469139099121,0.574377179145813,0.044939327985048294,0.6464390158653259,0.6344377398490906,-0.02552987076342106,0.6305340528488159,0.6284295320510864,0.07870964705944061,0.6568169593811035,0.6910837292671204,0.04305388033390045,0.6281911134719849,0.6857956051826477,0.14161647856235504,0.6621913313865662,0.6984103322029114,0.04628875106573105,0.6331116557121277,0.6958220601081848,0.1463458240032196,0.6450949311256409,0.7074889540672302,0.0003520277386996895,0.6129370331764221,0.7016547322273254,0.11649326980113983
frame_00132.jpg,0.6252396702766418,0.4610520601272583,-0.0593612864613533,0.6282911896705627,0.45531150698661804,-0.06791921705007553,0.629201352596283,0.45521053671836853,-0.06803710013628006,0.6300362348556519,0.45510008931159973,-0.06801234930753708,0.6279528141021729,0.4552351236343384,-0.05304189771413803,0.6285824179649353,0.45510563254356384,-0.053148142993450165,0.6292040944099426,0.4548986256122589,-0.053194694221019745,0.6357459425926208,0.4565526247024536,-0.08294425904750824,0.6346939206123352,0.4563835859298706,-0.014109743759036064,0.628489077091217,0.4665999114513397,-0.06174326688051224,0.6278778314590454,0.46667277812957764,-0.04276823252439499,0.652065098285675,0.4866214692592621,-0.10229185968637466,0.633610188961029,0.4916725754737854,0.04300630837678909,0.6552171111106873,0.5317219495773315,-0.12964491546154022,0.630553126335144,0.5304154753684998,0.07005038112401962,0.6548259854316711,0.5712960958480835,-0.16256222128868103,0.6165770292282104,0.5478411316871643,0.01343593467026949,0.6565284729003906,0.5847929120063782,-0.181182399392128,0.6105750203132629,0.5555521845817566,0.0043701971881091595,0.6512070894241333,0.583654522895813,-0.1856824904680252,0.6087660789489746,0.5532257556915283,-0.01200396753847599,0.6500149965286255,0.5789669156074524,-0.16432446241378784,0.6124535799026489,0.5507118105888367,0.004076471086591482,0.6451665163040161,0.5765475630760193,-0.04456033557653427,0.6297522783279419,0.5746421813964844,0.04455053061246872,0.6459019780158997,0.63438880443573,-0.026093969121575356,0.6296669244766235,0.6285333037376404,0.07544678449630737,0.6555035710334778,0.6913909912109375,0.036625973880290985,0.627554178237915,0.684486448764801,0.1318037509918213,0.6600180268287659,0.6987362504005432,0.038937658071517944,0.6327354311943054,0.6946666836738586,0.13571450114250183,0.6430034637451172,0.7074903249740601,-0.007403629831969738,0.613035261631012,0.7016847729682922,0.10376807302236557
frame_00133.jpg,0.6254540681838989,0.4620072543621063,-0.05739647150039673,0.6283048391342163,0.45630893111228943,-0.066245898604393,0.6292212605476379,0.4561847448348999,-0.06635824590921402,0.6300426721572876,0.45605242252349854,-0.06629826128482819,0.6279529333114624,0.4562457203865051,-0.05103740096092224,0.6285656094551086,0.4561028480529785,-0.051152266561985016,0.6291671991348267,0.4558955430984497,-0.05119551345705986,0.6359629034996033,0.45713481307029724,-0.08060901612043381,0.634867787361145,0.45703256130218506,-0.010826708748936653,0.6289309859275818,0.467413991689682,-0.05927082151174545,0.6282903552055359,0.4675213396549225,-0.03988184034824371,0.6528300046920776,0.48721179366111755,-0.09898670017719269,0.6339054703712463,0.4921269714832306,0.04606924578547478,0.6552725434303284,0.532648503780365,-0.12884745001792908,0.6304765939712524,0.5299522876739502,0.07320054620504379,0.6541545987129211,0.5710269212722778,-0.15958313643932343,0.6159757971763611,0.5468305349349976,0.022702641785144806,0.6564510464668274,0.5847796201705933,-0.1777791678905487,0.6100856065750122,0.555273175239563,0.014720669016242027,0.6509252190589905,0.5835182070732117,-0.1818370223045349,0.6082687377929688,0.5530836582183838,-0.0013293181546032429,0.6490034461021423,0.5788281559944153,-0.16112038493156433,0.6121909022331238,0.5501276850700378,0.013707351870834827,0.6449872851371765,0.576596200466156,-0.04451388865709305,0.6297532320022583,0.5746877789497375,0.04450488090515137,0.6456924676895142,0.6343175768852234,-0.024791117757558823,0.6292543411254883,0.6287171840667725,0.07402034103870392,0.6554936766624451,0.6919476389884949,0.03554103523492813,0.6273881196975708,0.6841456294059753,0.1299249827861786,0.6593910455703735,0.6991320252418518,0.038145456463098526,0.6327118277549744,0.694288432598114,0.13395532965660095,0.6424539089202881,0.7074251174926758,-0.0073931775987148285,0.6128798723220825,0.7017442584037781,0.10407137870788574
frame_00134.jpg,0.6277967095375061,0.461945503950119,-0.06905142217874527,0.630620539188385,0.4562893807888031,-0.07743792235851288,0.6316790580749512,0.4561600089073181,-0.07755779474973679,0.6326742768287659,0.4559880197048187,-0.07753244042396545,0.6298154592514038,0.4562070965766907,-0.06259377300739288,0.6302547454833984,0.4560684263706207,-0.06270839273929596,0.6306764483451843,0.4558633863925934,-0.06276273727416992,0.6388674974441528,0.4571113884449005,-0.08956576138734818,0.6365083456039429,0.4570177495479584,-0.02160201594233513,0.6312522292137146,0.467358261346817,-0.0703946128487587,0.6300569772720337,0.467472642660141,-0.05158112198114395,0.6547297239303589,0.4873506724834442,-0.10552265495061874,0.6348406672477722,0.49180546402931213,0.039589833468198776,0.6560027599334717,0.5343295335769653,-0.12489376962184906,0.6322966814041138,0.5301547646522522,0.0640643760561943,0.6549588441848755,0.5733649134635925,-0.14208444952964783,0.6216766834259033,0.5524776577949524,0.01611737534403801,0.6568648219108582,0.5860737562179565,-0.15859630703926086,0.6188955903053284,0.5554882287979126,0.008769340813159943,0.6512421369552612,0.5852311253547668,-0.16261522471904755,0.616487443447113,0.5536499619483948,-0.006028224714100361,0.6498911380767822,0.5807096362113953,-0.1431979537010193,0.6182913780212402,0.552501380443573,0.007723771966993809,0.6462262272834778,0.5765451192855835,-0.044495951384305954,0.6312433481216431,0.574281632900238,0.044479623436927795,0.645560622215271,0.6342241168022156,-0.02452222630381584,0.6295343637466431,0.6285585165023804,0.079807348549366,0.6549201607704163,0.6919711828231812,0.0374763086438179,0.6263251900672913,0.6833667159080505,0.13488765060901642,0.6590620875358582,0.6993470788002014,0.040309324860572815,0.6321255564689636,0.6939598917961121,0.1383499801158905,0.6406891942024231,0.7074337601661682,-0.009919409640133381,0.6126418709754944,0.7017574906349182,0.10172446072101593
frame_00135.jpg,0.6280679702758789,0.46190518140792847,-0.062811478972435,0.6309045553207397,0.45625436305999756,-0.0715867429971695,0.6319383382797241,0.45612889528274536,-0.07170092314481735,0.6328908205032349,0.45596548914909363,-0.07168398797512054,0.6302531957626343,0.4561685621738434,-0.05650421231985092,0.6307632923126221,0.45602867007255554,-0.0566125325858593,0.6312557458877563,0.45582303404808044,-0.05666029453277588,0.6390260457992554,0.45706644654273987,-0.08778192102909088,0.6372262835502625,0.4570121467113495,-0.017863716930150986,0.6315972805023193,0.46734410524368286,-0.06572867929935455,0.6306297183036804,0.46743935346603394,-0.046417269855737686,0.6548932194709778,0.48741498589515686,-0.10010415315628052,0.6353832483291626,0.49176475405693054,0.039781443774700165,0.6560959815979004,0.5345067381858826,-0.11690007150173187,0.6329394578933716,0.5301033854484558,0.06912268698215485,0.6553829312324524,0.5730511546134949,-0.13831733167171478,0.6200352907180786,0.5446068644523621,0.028755879029631615,0.6571710109710693,0.5857442021369934,-0.15422476828098297,0.6167404055595398,0.5458272099494934,0.023025501519441605,0.6514925956726074,0.5852492451667786,-0.15847301483154297,0.6139387488365173,0.5442909598350525,0.00843527726829052,0.6499146223068237,0.5805230736732483,-0.1396414339542389,0.6158086061477661,0.5436017513275146,0.020515218377113342,0.6463124752044678,0.5765155553817749,-0.04312244430184364,0.6318442225456238,0.5737971067428589,0.0431179478764534,0.6456125378608704,0.6342123746871948,-0.024440936744213104,0.6297610998153687,0.6286042928695679,0.07558585703372955,0.6548431515693665,0.6920070052146912,0.037443436682224274,0.6265064477920532,0.6834703683853149,0.12968306243419647,0.6585321426391602,0.6993758678436279,0.04044671729207039,0.6322065591812134,0.6940342783927917,0.133278489112854,0.6408311724662781,0.7074446082115173,-0.008815540932118893,0.6129705309867859,0.7018349170684814,0.0947926864027977
frame_00136.jpg,0.6272723078727722,0.45853108167648315,-0.06493312120437622,0.6302927732467651,0.45286303758621216,-0.0744176059961319,0.6313023567199707,0.4526923894882202,-0.07454150915145874,0.63224196434021,0.45250001549720764,-0.07452496141195297,0.6298598051071167,0.4528408944606781,-0.058442361652851105,0.6305409669876099,0.4526917040348053,-0.058557190001010895,0.6312298774719238,0.4524742066860199,-0.058616869151592255,0.6390185952186584,0.45451587438583374,-0.09221513569355011,0.6378710865974426,0.4543866217136383,-0.018910659477114677,0.6306672096252441,0.46453115344047546,-0.06840111315250397,0.63003009557724,0.4645410478115082,-0.04806112125515938,0.6556532382965088,0.4873020350933075,-0.10955624282360077,0.6386001110076904,0.4909648299217224,0.038681380450725555,0.6561450362205505,0.5350049734115601,-0.1287079155445099,0.6372120976448059,0.534329354763031,0.05692249536514282,0.6525818705558777,0.5731368660926819,-0.14458033442497253,0.6242094039916992,0.551224946975708,0.00427622813731432,0.6546794772148132,0.5856040120124817,-0.1614849716424942,0.6213365793228149,0.5507836937904358,-0.004168390296399593,0.6492375135421753,0.5850129723548889,-0.16541415452957153,0.6184214353561401,0.5496439337730408,-0.018572237342596054,0.6485621333122253,0.5804999470710754,-0.14562758803367615,0.6200075745582581,0.5498174428939819,-0.004312393255531788,0.646287739276886,0.5766761898994446,-0.0434843972325325,0.6346040964126587,0.5738363862037659,0.04348236322402954,0.645063042640686,0.6343672275543213,-0.02044982835650444,0.6320933103561401,0.6291748881340027,0.08115973323583603,0.6543854475021362,0.6921656131744385,0.05067402869462967,0.627747118473053,0.6870354413986206,0.13673396408557892,0.6581371426582336,0.6996148228645325,0.05456661432981491,0.6331155896186829,0.6944827437400818,0.1402711421251297,0.6404097676277161,0.708264946937561,0.004917195998132229,0.6138755679130554,0.7020246386528015,0.10353807359933853
frame_00137.jpg,0.6269664168357849,0.45695459842681885,-0.06603649258613586,0.6300177574157715,0.4514041543006897,-0.07568643987178802,0.6309942603111267,0.45122069120407104,-0.07580985128879547,0.6318985819816589,0.45100852847099304,-0.07579172402620316,0.6297014951705933,0.451366126537323,-0.05975308269262314,0.6304429173469543,0.45120757818222046,-0.05987028032541275,0.6311954259872437,0.4509694278240204,-0.059933632612228394,0.6387218236923218,0.45310550928115845,-0.09389083087444305,0.6379005312919617,0.4530533254146576,-0.0208442322909832,0.6301770210266113,0.4630446135997772,-0.06963765621185303,0.6297047138214111,0.46299484372138977,-0.04935864359140396,0.6560865044593811,0.48721596598625183,-0.11166191101074219,0.6396252512931824,0.48949703574180603,0.036141544580459595,0.6562789678573608,0.5348569750785828,-0.13216963410377502,0.6381077170372009,0.5356292128562927,0.05344759300351143,0.6524797081947327,0.5730180144309998,-0.14910224080085754,0.6253541111946106,0.5552855730056763,0.002763584954664111,0.6546584367752075,0.5855773687362671,-0.1658305823802948,0.6225078105926514,0.5565077066421509,-0.005313379690051079,0.6488733291625977,0.5849325060844421,-0.16985979676246643,0.6196931600570679,0.5556429028511047,-0.019958604127168655,0.6482948064804077,0.5805429816246033,-0.1501796394586563,0.6212881803512573,0.55533766746521,-0.005817893892526627,0.6463086605072021,0.5765221118927002,-0.04349454492330551,0.635511577129364,0.5736328363418579,0.04349249601364136,0.6447511911392212,0.6343469023704529,-0.019613545387983322,0.6334401369094849,0.6293836832046509,0.07940869778394699,0.6496745347976685,0.6955216526985168,0.044047411531209946,0.6340730786323547,0.689419150352478,0.1325465440750122,0.6513866186141968,0.6997052431106567,0.047178253531455994,0.6380969882011414,0.6997556090354919,0.13591280579566956,0.6269915699958801,0.7077025771141052,0.003014578949660063,0.6147664785385132,0.7028353810310364,0.10207594931125641
frame_00138.jpg,0.6286481022834778,0.45641544461250305,-0.049029625952243805,0.6313077211380005,0.4507147967815399,-0.059783779084682465,0.6321211457252502,0.45047420263290405,-0.059894125908613205,0.6328400373458862,0.4501858949661255,-0.0598674900829792,0.6314631700515747,0.45070505142211914,-0.04418162256479263,0.6324602961540222,0.45048677921295166,-0.044296927750110626,0.6335347890853882,0.45016908645629883,-0.044350482523441315,0.6392143964767456,0.4518267512321472,-0.08544789254665375,0.6402823328971863,0.4517803490161896,-0.013525104150176048,0.6317504644393921,0.4622443616390228,-0.054993413388729095,0.6319060325622559,0.46220239996910095,-0.03517795726656914,0.6550862193107605,0.4866046905517578,-0.1089491993188858,0.6439126133918762,0.48804494738578796,0.0415116623044014,0.6558555364608765,0.5345996618270874,-0.12529459595680237,0.6397488117218018,0.5312652587890625,0.060891151428222656,0.6481973528862,0.5754724144935608,-0.13282936811447144,0.6260312795639038,0.5548652410507202,0.015159040689468384,0.6495342254638672,0.5866111516952515,-0.14758174121379852,0.6231651306152344,0.5581783652305603,0.008849929086863995,0.6452864408493042,0.5856553316116333,-0.15017278492450714,0.6211954951286316,0.5566532611846924,-0.00556767825037241,0.64494788646698,0.5815320611000061,-0.13312838971614838,0.6225771903991699,0.5559631586074829,0.006955803371965885,0.645614743232727,0.573501467704773,-0.0435667522251606,0.6381445527076721,0.5714264512062073,0.04356507211923599,0.6407833099365234,0.6322519183158875,-0.0013598463265225291,0.6423839330673218,0.6294049024581909,0.07003367692232132,0.6301232576370239,0.6894923448562622,0.046320658177137375,0.65410977602005,0.6911479830741882,0.11121650040149689,0.6345866918563843,0.6993046402931213,0.048070453107357025,0.6544613242149353,0.7010804414749146,0.11364829540252686,0.6121106743812561,0.7050763964653015,0.00461636483669281,0.6379703879356384,0.7042253613471985,0.08436965197324753
frame_00139.jpg,0.629108726978302,0.45613887906074524,-0.051142413169145584,0.631822943687439,0.4504079222679138,-0.061354391276836395,0.6326436400413513,0.4501483738422394,-0.06146852299571037,0.6333541870117188,0.44985726475715637,-0.06144627928733826,0.6319657564163208,0.4504203498363495,-0.04556434601545334,0.6329408884048462,0.4501977264881134,-0.0456690713763237,0.63395094871521,0.44988569617271423,-0.0457160584628582,0.6397527456283569,0.4512406587600708,-0.08537693321704865,0.6406965255737305,0.4512863755226135,-0.013992463238537312,0.6322937607765198,0.4618612825870514,-0.056212544441223145,0.6323796510696411,0.46185940504074097,-0.036209553480148315,0.6556422114372253,0.4864066541194916,-0.10456635057926178,0.6428061723709106,0.4873935282230377,0.040132246911525726,0.6559077501296997,0.5341898202896118,-0.12079472839832306,0.6395965814590454,0.5297285318374634,0.06018344685435295,0.6499595642089844,0.5764977931976318,-0.13419610261917114,0.6259665489196777,0.5515019297599792,0.014656446874141693,0.6514277458190918,0.5857957601547241,-0.14943282306194305,0.623066782951355,0.5576032996177673,0.008029892109334469,0.6467472314834595,0.5861682891845703,-0.15322646498680115,0.6208325028419495,0.5564232468605042,-0.006429648958146572,0.6459969282150269,0.582069993019104,-0.13516002893447876,0.6224324703216553,0.5548306107521057,0.006498854607343674,0.6458357572555542,0.5728954076766968,-0.04323096200823784,0.6385712027549744,0.5705841779708862,0.04322604835033417,0.6437705159187317,0.6322813630104065,-0.0035718076396733522,0.6395578384399414,0.6289207935333252,0.06767790019512177,0.6403325200080872,0.6938690543174744,0.04217218607664108,0.6382752656936646,0.6880655884742737,0.11075973510742188,0.6372136473655701,0.6993591785430908,0.04389459639787674,0.6447088122367859,0.6999030709266663,0.1131434217095375,0.6253535747528076,0.7057435512542725,0.002221282571554184,0.6229938268661499,0.7036107182502747,0.08072523772716522
frame_00140.jpg,0.6287486553192139,0.45630428194999695,-0.0518801212310791,0.6315304040908813,0.4506855010986328,-0.062031347304582596,0.6323390007019043,0.4504432678222656,-0.062144290655851364,0.6330446004867554,0.4501717984676361,-0.06211931258440018,0.6316934823989868,0.4506799578666687,-0.04664091393351555,0.632667064666748,0.4504629075527191,-0.046752069145441055,0.633681058883667,0.4501602351665497,-0.046803493052721024,0.6395043134689331,0.45144209265708923,-0.08529604971408844,0.6405636668205261,0.4514572024345398,-0.014555970206856728,0.631818413734436,0.46196863055229187,-0.056775592267513275,0.6319095492362976,0.4619843065738678,-0.03720318526029587,0.655177891254425,0.4863065481185913,-0.10448087751865387,0.6425873637199402,0.4872751832008362,0.03889193385839462,0.6559265851974487,0.533842146396637,-0.12099149078130722,0.6390479803085327,0.5291942358016968,0.05900927260518074,0.6494650840759277,0.577039361000061,-0.1373002827167511,0.6262441873550415,0.5509787201881409,0.014588894322514534,0.6508837938308716,0.5869089961051941,-0.15258368849754333,0.6230644583702087,0.5581647753715515,0.00803362112492323,0.6466261148452759,0.5862354040145874,-0.15590301156044006,0.6207814812660217,0.5566288232803345,-0.006295511033385992,0.6460158228874207,0.5822845101356506,-0.13812781870365143,0.6225802898406982,0.5548444986343384,0.006461015902459621,0.6456671953201294,0.5726977586746216,-0.04305947571992874,0.6388656497001648,0.5703462958335876,0.04305224120616913,0.6430369019508362,0.6318410038948059,-0.009540481492877007,0.6397137641906738,0.6289383172988892,0.06524394452571869,0.631740152835846,0.6894950866699219,0.03884939104318619,0.6524744033813477,0.6900564432144165,0.10375134646892548,0.6364685893058777,0.6989491581916809,0.040201060473918915,0.6531147956848145,0.7002842426300049,0.10592775046825409,0.6138100624084473,0.7040663957595825,0.0017944261198863387,0.6351434588432312,0.7045659422874451,0.0746966227889061
frame_00141.jpg,0.6306127905845642,0.4559391736984253,-0.06642366200685501,0.6334146857261658,0.45028677582740784,-0.07468125224113464,0.6343011260032654,0.4501090943813324,-0.07479607313871384,0.635099470615387,0.4499094784259796,-0.07477127015590668,0.6333663463592529,0.450308620929718,-0.060503505170345306,0.6342054605484009,0.4501642882823944,-0.06061875820159912,0.6350358724594116,0.4499413073062897,-0.06067035719752312,0.6412355303764343,0.4514907896518707,-0.08853261172771454,0.6411207914352417,0.45159369707107544,-0.02291976287961006,0.6333898901939392,0.46172770857810974,-0.06824064999818802,0.6331052184104919,0.4617275595664978,-0.05024107173085213,0.656685471534729,0.48628848791122437,-0.10441727936267853,0.6413471698760986,0.48727405071258545,0.033352404832839966,0.657180905342102,0.5337995290756226,-0.12107082456350327,0.6369708180427551,0.5299574732780457,0.05387842655181885,0.6503108739852905,0.5742111802101135,-0.13776318728923798,0.6261938810348511,0.5504509806632996,0.008682492189109325,0.6509919762611389,0.5872108340263367,-0.15306338667869568,0.6228354573249817,0.5571305155754089,0.0015506993513554335,0.6468612551689148,0.5861937403678894,-0.15742500126361847,0.6203500032424927,0.5533466339111328,-0.012104797177016735,0.6464492082595825,0.5821250677108765,-0.1382843554019928,0.6224747896194458,0.5526043176651001,0.0008891589823178947,0.6493277549743652,0.57136470079422,-0.041398756206035614,0.6380972862243652,0.5685635209083557,0.04139438271522522,0.6479858756065369,0.6317942142486572,-0.03355197235941887,0.6359255909919739,0.628007709980011,0.06151925399899483,0.6526044607162476,0.689890444278717,0.026756037026643753,0.6321315169334412,0.6862522959709167,0.10487868636846542,0.6560500860214233,0.6990081667900085,0.029553016647696495,0.6375605463981628,0.6979158520698547,0.10727465152740479,0.6396323442459106,0.7048711776733398,-0.017903022468090057,0.6168316602706909,0.7044424414634705,0.07098685204982758
frame_00142.jpg,0.6314364075660706,0.4552987217903137,-0.0787009447813034,0.6347550749778748,0.4495896100997925,-0.08454109728336334,0.6357477307319641,0.44953569769859314,-0.08465892821550369,0.6366682052612305,0.4494815170764923,-0.08463354408740997,0.6343389749526978,0.44947752356529236,-0.0713704377412796,0.6349833011627197,0.4493686854839325,-0.07148746401071548,0.6355848908424377,0.44919365644454956,-0.07154518365859985,0.6422379612922668,0.4516109824180603,-0.08889122307300568,0.6413259506225586,0.4515937566757202,-0.028003796935081482,0.6340451240539551,0.4613819122314453,-0.07737619429826736,0.6334325671195984,0.46126729249954224,-0.060801226645708084,0.6573576331138611,0.4863385856151581,-0.10057643800973892,0.6368352770805359,0.48696690797805786,0.027744460850954056,0.658068835735321,0.5336912274360657,-0.11324825137853622,0.6346351504325867,0.5302417874336243,0.03634057193994522,0.6496773958206177,0.5741631388664246,-0.13453282415866852,0.6260955929756165,0.5502936244010925,-0.027703270316123962,0.6500532031059265,0.5871189832687378,-0.15077565610408783,0.6226790547370911,0.5569388270378113,-0.039009831845760345,0.6457886695861816,0.5855092406272888,-0.15552248060703278,0.620343804359436,0.5541995763778687,-0.052081428468227386,0.6455535888671875,0.5810514092445374,-0.13582496345043182,0.6224966049194336,0.5524832606315613,-0.035648297518491745,0.6515731811523438,0.570281982421875,-0.0385502353310585,0.6379735469818115,0.5670542120933533,0.03854244574904442,0.6503695845603943,0.6314889788627625,-0.03611830621957779,0.6329980492591858,0.6269527077674866,0.050136297941207886,0.6564871668815613,0.6901355981826782,0.021288368850946426,0.6288413405418396,0.6848361492156982,0.0969352275133133,0.6602322459220886,0.6990394592285156,0.023405209183692932,0.6340768337249756,0.6961504220962524,0.09929259121417999,0.6422700881958008,0.7049156427383423,-0.03449598699808121,0.6138759851455688,0.7033359408378601,0.054328061640262604
frame_00143.jpg,0.6318360567092896,0.4536595344543457,-0.08271239697933197,0.6354458332061768,0.4483293890953064,-0.08796243369579315,0.6365553736686707,0.44840672612190247,-0.08808295428752899,0.6375899314880371,0.44849008321762085,-0.08805906027555466,0.6347326636314392,0.44816699624061584,-0.07480400055646896,0.6352647542953491,0.4481431245803833,-0.07492098212242126,0.6357491612434387,0.4480533003807068,-0.07498185336589813,0.6429331302642822,0.45133060216903687,-0.08902271091938019,0.6412955522537231,0.45113685727119446,-0.028626922518014908,0.6346666812896729,0.46000030636787415,-0.0804368183016777,0.6337434649467468,0.45995551347732544,-0.06384901702404022,0.6602883338928223,0.486368864774704,-0.09769072383642197,0.6341965198516846,0.4869176745414734,0.02674519084393978,0.6602632403373718,0.5335721969604492,-0.1098976880311966,0.6288958787918091,0.5257695317268372,0.03178490325808525,0.650189995765686,0.5741003751754761,-0.1346018761396408,0.6259595155715942,0.550000786781311,-0.039786167442798615,0.6508714556694031,0.5870683193206787,-0.15183359384536743,0.623147189617157,0.5569837093353271,-0.05305483192205429,0.6464848518371582,0.5850592851638794,-0.15677961707115173,0.6220930218696594,0.55489182472229,-0.06594622880220413,0.6460703611373901,0.5801933407783508,-0.13625314831733704,0.6236907839775085,0.5521728992462158,-0.04784515127539635,0.6529056429862976,0.5684904456138611,-0.03673604875802994,0.6372636556625366,0.5663153529167175,0.03672739118337631,0.6522363424301147,0.6310228109359741,-0.034407228231430054,0.6326020956039429,0.6262796521186829,0.05221465229988098,0.6574405431747437,0.6903191208839417,0.025822019204497337,0.6275560259819031,0.6841251254081726,0.10406460613012314,0.6606425046920776,0.6990122199058533,0.02811167575418949,0.6324042081832886,0.6947014927864075,0.1064857691526413,0.6435083746910095,0.7060530781745911,-0.03164942190051079,0.6130717992782593,0.7025393843650818,0.06274306774139404
frame_00144.jpg,0.6331872344017029,0.45392045378685,-0.07952350378036499,0.6370956301689148,0.4493013322353363,-0.08299686014652252,0.6380339860916138,0.4495713412761688,-0.08312307298183441,0.6388674974441528,0.44981276988983154,-0.08310273289680481,0.6364237070083618,0.44899776577949524,-0.07164859771728516,0.6368675231933594,0.4490957260131836,-0.07175885885953903,0.6371865272521973,0.4490993320941925,-0.07182444632053375,0.6437183618545532,0.45346787571907043,-0.07519165426492691,0.6418082118034363,0.45314887166023254,-0.02617427334189415,0.6352137923240662,0.46002864837646484,-0.07543320953845978,0.6344112157821655,0.4602591395378113,-0.0610116645693779,0.6603347659111023,0.48625728487968445,-0.08024274557828903,0.6321147680282593,0.48661577701568604,0.02645057439804077,0.6602727174758911,0.5316818356513977,-0.09192971885204315,0.6280983686447144,0.5241553783416748,0.004599925596266985,0.6391363739967346,0.5547606348991394,-0.11733143031597137,0.6224702596664429,0.5232372879981995,-0.09380293637514114,0.6343215703964233,0.5686632990837097,-0.1343047320842743,0.6207424998283386,0.5229616165161133,-0.11236707121133804,0.6312533617019653,0.5641288757324219,-0.1384398639202118,0.6202384829521179,0.5180855989456177,-0.12114915996789932,0.6340599656105042,0.5579569339752197,-0.11863567680120468,0.6214382648468018,0.5178995132446289,-0.10103140026330948,0.6531183123588562,0.567844033241272,-0.03211730718612671,0.6371335983276367,0.5658519268035889,0.03210204094648361,0.6516932249069214,0.6300761699676514,-0.036549776792526245,0.6319669485092163,0.6255033016204834,0.03632276505231857,0.6571372151374817,0.6904377341270447,0.01581406220793724,0.6272839307785034,0.6842804551124573,0.0835535079240799,0.6599465608596802,0.6990468502044678,0.017198650166392326,0.6322796940803528,0.694721519947052,0.08588520437479019,0.6425386667251587,0.7071263194084167,-0.04630076140165329,0.612245500087738,0.7023105025291443,0.03602350130677223
frame_00145.jpg,0.6334850788116455,0.4540676474571228,-0.08049345016479492,0.6374602317810059,0.4495536684989929,-0.0834110900759697,0.6383542418479919,0.4499419927597046,-0.08354336023330688,0.639137864112854,0.45026785135269165,-0.08352504670619965,0.6368908882141113,0.44916751980781555,-0.07248888909816742,0.6374136805534363,0.449358731508255,-0.07259896397590637,0.6377774477005005,0.44943854212760925,-0.07266709208488464,0.6439035534858704,0.45424774289131165,-0.07574407756328583,0.642240047454834,0.4539364278316498,-0.02617001160979271,0.6353336572647095,0.46020790934562683,-0.07550309598445892,0.634642481803894,0.46034616231918335,-0.06179039552807808,0.6603512167930603,0.48607683181762695,-0.08140101283788681,0.6319915056228638,0.4865286946296692,0.025406798347830772,0.6603783369064331,0.5307030081748962,-0.09362627565860748,0.6276207566261292,0.5224832892417908,-0.002934106858447194,0.6373728513717651,0.5522801876068115,-0.11800777912139893,0.6216210126876831,0.5021348595619202,-0.10770533233880997,0.6328989863395691,0.5660148859024048,-0.13489556312561035,0.6200813055038452,0.5088222026824951,-0.12754574418067932,0.6299169659614563,0.5615614652633667,-0.13895997405052185,0.6196304559707642,0.5033376812934875,-0.1352018415927887,0.6315488815307617,0.5575572848320007,-0.11924189329147339,0.62070232629776,0.504155695438385,-0.11472336202859879,0.6532763242721558,0.5679261684417725,-0.03183596953749657,0.6369856595993042,0.5659247636795044,0.03181835263967514,0.6518131494522095,0.6300644278526306,-0.03711465746164322,0.6317591667175293,0.6253550052642822,0.03916916996240616,0.6571163535118103,0.6905261278152466,0.019045935943722725,0.6275166273117065,0.6843712329864502,0.08897199481725693,0.6594894528388977,0.6990718841552734,0.020886216312646866,0.6324501633644104,0.6947781443595886,0.09159984439611435,0.6430142521858215,0.7082468867301941,-0.041432514786720276,0.6117697954177856,0.7020152807235718,0.04226947948336601
frame_00146.jpg,0.6331561803817749,0.4561944901943207,-0.07708359509706497,0.6368365287780762,0.45149433612823486,-0.08187860995531082,0.6377872824668884,0.45166903734207153,-0.08200554549694061,0.6386375427246094,0.4518367052078247,-0.08198297768831253,0.6363668441772461,0.4512113928794861,-0.06983565539121628,0.6369990110397339,0.4512547552585602,-0.06995218992233276,0.6375013589859009,0.4512515366077423,-0.07001619040966034,0.6439856886863708,0.4550272226333618,-0.07674752175807953,0.6426305770874023,0.45487532019615173,-0.02563217654824257,0.6351659297943115,0.46131187677383423,-0.0740988552570343,0.6345498561859131,0.46171441674232483,-0.058961980044841766,0.6597942113876343,0.486128032207489,-0.08637035638093948,0.6323177814483643,0.4862622618675232,0.02678859792649746,0.6606623530387878,0.5328329801559448,-0.0981706827878952,0.6277427673339844,0.5169180035591125,0.03956599161028862,0.6405864953994751,0.557880699634552,-0.11874190717935562,0.6218520402908325,0.5078811049461365,-0.013625094667077065,0.6380434632301331,0.569210410118103,-0.1344405710697174,0.6214364767074585,0.5067907571792603,-0.023597847670316696,0.6348941922187805,0.5654078125953674,-0.13755974173545837,0.6209391355514526,0.502015233039856,-0.03209433704614639,0.6357502937316895,0.5615951418876648,-0.11947877705097198,0.621355414390564,0.5023117661476135,-0.019516844302415848,0.6530169248580933,0.5682401061058044,-0.033595845103263855,0.6367615461349487,0.5661097764968872,0.03358209878206253,0.6517150402069092,0.6302400827407837,-0.03759832680225372,0.6315852403640747,0.6254765391349792,0.04452729970216751,0.6572064161300659,0.690710723400116,0.016352826729416847,0.6270533800125122,0.6843952536582947,0.09493005275726318,0.6593438386917114,0.6993594765663147,0.01830218732357025,0.631604015827179,0.6947377920150757,0.09731349349021912,0.6426242589950562,0.7090080976486206,-0.040196992456912994,0.6109656095504761,0.7016878724098206,0.051516853272914886
frame_00147.jpg,0.6329900026321411,0.4571153521537781,-0.07805962860584259,0.6365444660186768,0.4522651135921478,-0.08353395760059357,0.6375492811203003,0.4522525668144226,-0.08366110920906067,0.6384326219558716,0.4523504674434662,-0.08363618701696396,0.6361303329467773,0.452021062374115,-0.07106523215770721,0.6367974281311035,0.4520079791545868,-0.07118459790945053,0.6373840570449829,0.45196518301963806,-0.07124733179807663,0.6440367102622986,0.4553528130054474,-0.08237572014331818,0.642825722694397,0.455264151096344,-0.027312342077493668,0.6350680589675903,0.46192678809165955,-0.07558130472898483,0.634488582611084,0.4624309241771698,-0.0598846971988678,0.6595507860183716,0.48620855808258057,-0.08842536807060242,0.6325451135635376,0.4861879348754883,0.02768176794052124,0.6608479022979736,0.5339059233665466,-0.10182058811187744,0.6281780004501343,0.5175392627716064,0.0491887629032135,0.6415513753890991,0.560175359249115,-0.12190649658441544,0.6220628023147583,0.512970507144928,0.0015503723407164216,0.6393250226974487,0.5709767937660217,-0.13771790266036987,0.6218568682670593,0.5119262933731079,-0.007094884756952524,0.6359868049621582,0.567268967628479,-0.14056023955345154,0.6211193799972534,0.50751131772995,-0.017033277079463005,0.6367282867431641,0.5634849071502686,-0.12250969558954239,0.6214486360549927,0.5075299143791199,-0.004798400215804577,0.6529856324195862,0.5684780478477478,-0.03446696698665619,0.6367365717887878,0.5662622451782227,0.034454748034477234,0.651730477809906,0.630384087562561,-0.03841475024819374,0.6313701868057251,0.6254737973213196,0.04660392552614212,0.6571415662765503,0.6909334063529968,0.014512194320559502,0.6270124912261963,0.6843955516815186,0.09683073312044144,0.6590896844863892,0.699748158454895,0.01640358194708824,0.6313950419425964,0.6947287917137146,0.09911056607961655,0.6426126956939697,0.7092534303665161,-0.04160303995013237,0.6106151342391968,0.701453447341919,0.054042279720306396
