image_name,x_0,y_0,z_0,x_1,y_1,z_1,x_2,y_2,z_2,x_3,y_3,z_3,x_4,y_4,z_4,x_5,y_5,z_5,x_6,y_6,z_6,x_7,y_7,z_7,x_8,y_8,z_8,x_9,y_9,z_9,x_10,y_10,z_10,x_11,y_11,z_11,x_12,y_12,z_12,x_13,y_13,z_13,x_14,y_14,z_14,x_15,y_15,z_15,x_16,y_16,z_16,x_17,y_17,z_17,x_18,y_18,z_18,x_19,y_19,z_19,x_20,y_20,z_20,x_21,y_21,z_21,x_22,y_22,z_22,x_23,y_23,z_23,x_24,y_24,z_24,x_25,y_25,z_25,x_26,y_26,z_26,x_27,y_27,z_27,x_28,y_28,z_28,x_29,y_29,z_29,x_30,y_30,z_30,x_31,y_31,z_31,x_32,y_32,z_32
frame_00000.jpg,0.5043821334838867,0.2288568913936615,-0.5384910106658936,0.531781792640686,0.18568281829357147,-0.489231675863266,0.5464984774589539,0.18768443167209625,-0.4898315966129303,0.5607951283454895,0.19011448323726654,-0.4897560477256775,0.49121108651161194,0.1801985800266266,-0.4859547019004822,0.4792695641517639,0.17895957827568054,-0.4865129590034485,0.4676481783390045,0.17868372797966003,-0.48682910203933716,0.5861456990242004,0.20743528008460999,-0.22500523924827576,0.4545156955718994,0.19731451570987701,-0.21243615448474884,0.5328354239463806,0.27770712971687317,-0.4375503659248352,0.4801782965660095,0.2669855058193207,-0.4379030764102936,0.6406133770942688,0.40303629636764526,-0.12939924001693726,0.36269494891166687,0.3982413113117218,-0.09323668479919434,0.7678159475326538,0.5944840908050537,-0.3892017602920532,0.21314597129821777,0.5762451887130737,-0.37719008326530457,0.7259590029716492,0.6542999744415283,-0.9259599447250366,0.2321634739637375,0.593341588973999,-0.9803345799446106,0.7209118604660034,0.702601969242096,-1.0459253787994385,0.21847279369831085,0.627565324306488,-1.1207802295684814,0.6838184595108032,0.6528648138046265,-1.0749140977859497,0.27151602506637573,0.617203950881958,-1.1436163187026978,0.6766355633735657,0.6416170597076416,-0.9475623965263367,0.2854655385017395,0.6157419681549072,-1.0077757835388184,0.5802215337753296,0.8662034273147583,0.02454148232936859,0.39957258105278015,0.8684618473052979,-0.025126967579126358,0.8038938641548157,0.8402625918388367,-0.39826950430870056,0.22774168848991394,0.8375813364982605,-0.5386154651641846,0.6014525294303894,1.1230595111846924,-0.20293056964874268,0.3245922029018402,1.211296796798706,-0.274802565574646,0.5611926317214966,1.1666477918624878,-0.1906985193490982,0.35268667340278625,1.2613749504089355,-0.25594767928123474,0.573630690574646,1.2318490743637085,-0.38703256845474243,0.340164452791214,1.3502418994903564,-0.43491142988204956
frame_00001.jpg,0.5048191547393799,0.22696352005004883,-0.5241711139678955,0.5320765376091003,0.18359416723251343,-0.47672396898269653,0.5468819737434387,0.18564052879810333,-0.47731032967567444,0.5612472891807556,0.18854156136512756,-0.47722458839416504,0.4916275143623352,0.17898191511631012,-0.47307077050209045,0.47973519563674927,0.1779790073633194,-0.47359198331832886,0.46839746832847595,0.17769013345241547,-0.473867803812027,0.5868889689445496,0.20690414309501648,-0.22294040024280548,0.4552348256111145,0.19659782946109772,-0.20517690479755402,0.5330879092216492,0.2753168046474457,-0.4256443977355957,0.4819068908691406,0.26607370376586914,-0.42537766695022583,0.6426923274993896,0.40300723910331726,-0.12671080231666565,0.3627491593360901,0.39633387327194214,-0.08684978634119034,0.7696665525436401,0.6002848148345947,-0.38222452998161316,0.20654407143592834,0.5860120058059692,-0.3721332550048828,0.7218522429466248,0.6566831469535828,-0.913007915019989,0.23271366953849792,0.5813068747520447,-0.9729346036911011,0.7183082699775696,0.7025182247161865,-1.033539056777954,0.2194443941116333,0.6110054850578308,-1.116681456565857,0.6821087002754211,0.6494844555854797,-1.0575816631317139,0.27146950364112854,0.5993058085441589,-1.1340599060058594,0.6753450632095337,0.6394035220146179,-0.9324926137924194,0.2865365147590637,0.5990381836891174,-1.0023143291473389,0.5840405225753784,0.8629158735275269,0.022837776690721512,0.4019133448600769,0.8674145936965942,-0.023431455716490746,0.8113044500350952,0.8357181549072266,-0.41007933020591736,0.22614558041095734,0.8380897641181946,-0.5155167579650879,0.5756458640098572,1.125647783279419,-0.3366924226284027,0.36033618450164795,1.2126810550689697,-0.2704713046550751,0.5330860614776611,1.1662033796310425,-0.33655014634132385,0.3887726664543152,1.2593566179275513,-0.25269126892089844,0.534075915813446,1.2291251420974731,-0.545879602432251,0.3875253200531006,1.3472695350646973,-0.41460710763931274
frame_00002.jpg,0.5053322315216064,0.22534888982772827,-0.547927737236023,0.5325388312339783,0.18205291032791138,-0.5081371068954468,0.547351598739624,0.18416745960712433,-0.5087732076644897,0.5616906881332397,0.1873968243598938,-0.5087454915046692,0.49226513504981995,0.17802949249744415,-0.5043751001358032,0.4803217053413391,0.17717966437339783,-0.5048877000808716,0.4691053330898285,0.17678268253803253,-0.5051869750022888,0.5876204967498779,0.2066478133201599,-0.275246798992157,0.45586976408958435,0.19571281969547272,-0.26101768016815186,0.5333753824234009,0.2734495997428894,-0.45712366700172424,0.4832468032836914,0.26520588994026184,-0.45682817697525024,0.6431026458740234,0.4029735326766968,-0.20072481036186218,0.36272484064102173,0.3950222432613373,-0.14215829968452454,0.7699446082115173,0.6057440638542175,-0.43627339601516724,0.19890232384204865,0.5885602831840515,-0.4021023213863373,0.7186634540557861,0.6563050746917725,-0.9306175112724304,0.23356501758098602,0.5841929316520691,-0.9629155993461609,0.7111787796020508,0.7026567459106445,-1.042360544204712,0.2197628915309906,0.6026237607002258,-1.0977765321731567,0.6736220121383667,0.6477728486061096,-1.0626204013824463,0.27108773589134216,0.5915279984474182,-1.119997262954712,0.6660085320472717,0.6373833417892456,-0.9468449354171753,0.2866211533546448,0.5928822755813599,-0.9887415766716003,0.5839184522628784,0.8590584993362427,0.015925418585538864,0.4020466208457947,0.8649830222129822,-0.016517946496605873,0.811427116394043,0.8298096060752869,-0.323141872882843,0.21481800079345703,0.8402090072631836,-0.39819636940956116,0.5651616454124451,1.1093790531158447,-0.3104443848133087,0.41579532623291016,1.1106361150741577,-0.24305613338947296,0.5187007188796997,1.1431258916854858,-0.3046190142631531,0.4522269368171692,1.13369882106781,-0.2244853675365448,0.5135424137115479,1.1977730989456177,-0.49987712502479553,0.465157687664032,1.2036001682281494,-0.31848379969596863
frame_00003.jpg,0.505673348903656,0.2244301438331604,-0.5520036220550537,0.5328384637832642,0.1808091253042221,-0.5105558633804321,0.5476599931716919,0.18278184533119202,-0.511191725730896,0.5620017647743225,0.18604062497615814,-0.5111557245254517,0.49250268936157227,0.1772901862859726,-0.5078393220901489,0.48047691583633423,0.17655780911445618,-0.508355975151062,0.4692898690700531,0.17615270614624023,-0.508659303188324,0.5881391763687134,0.20593787729740143,-0.26904594898223877,0.45609670877456665,0.19528359174728394,-0.2601117491722107,0.5336375832557678,0.27227920293807983,-0.45876938104629517,0.48382893204689026,0.2650004029273987,-0.45981889963150024,0.6430734395980835,0.4029506742954254,-0.19180268049240112,0.3629593849182129,0.3928733766078949,-0.13487224280834198,0.769889235496521,0.6111363172531128,-0.42969685792922974,0.19868895411491394,0.5892111659049988,-0.39853304624557495,0.7036149501800537,0.6574221253395081,-0.9311221241950989,0.2341129332780838,0.5794057846069336,-0.9609777331352234,0.6953802704811096,0.7026498317718506,-1.0429013967514038,0.21952268481254578,0.5907652378082275,-1.0898045301437378,0.6580127477645874,0.6485375165939331,-1.0626193284988403,0.2703481614589691,0.5819041132926941,-1.1114485263824463,0.648989737033844,0.6397409439086914,-0.9468826055526733,0.286614328622818,0.5859948396682739,-0.984810471534729,0.5835210084915161,0.8572035431861877,0.011846690438687801,0.40219932794570923,0.8646625280380249,-0.01244308240711689,0.809012770652771,0.8310514092445374,-0.3270331025123596,0.2147500067949295,0.8512597680091858,-0.38421395421028137,0.5567949414253235,1.1247217655181885,-0.28789106011390686,0.41876107454299927,1.1208343505859375,-0.1251746118068695,0.5126253366470337,1.1583521366119385,-0.2868843078613281,0.4515954554080963,1.1441601514816284,-0.0933636873960495,0.5038754343986511,1.2136657238006592,-0.45483893156051636,0.4647137522697449,1.2276241779327393,-0.19105808436870575
frame_00004.jpg,0.5073537826538086,0.22277434170246124,-0.5370669960975647,0.5356476902961731,0.1795307993888855,-0.49903884530067444,0.5508233308792114,0.18194428086280823,-0.4997235834598541,0.5656406879425049,0.1856997013092041,-0.49973374605178833,0.4947081208229065,0.17549674212932587,-0.498313844203949,0.4825325608253479,0.17460349202156067,-0.4988287091255188,0.47156915068626404,0.17368841171264648,-0.4991593360900879,0.5898900032043457,0.20595195889472961,-0.25540679693222046,0.4577960968017578,0.19413575530052185,-0.2505524754524231,0.5353187918663025,0.2709173262119293,-0.4498976171016693,0.4854764938354492,0.26293617486953735,-0.4536344110965729,0.6431256532669067,0.4029345214366913,-0.1744033545255661,0.3632360100746155,0.3930204510688782,-0.1302330642938614,0.7707074284553528,0.612909197807312,-0.41942381858825684,0.197874516248703,0.6048338413238525,-0.39066997170448303,0.6939049959182739,0.6595622897148132,-0.8888360261917114,0.23867261409759521,0.5861362814903259,-0.9277482032775879,0.6871625781059265,0.7005690932273865,-0.9957115054130554,0.2277655303478241,0.5909399390220642,-1.0426872968673706,0.648912787437439,0.647091269493103,-1.0093271732330322,0.2762574851512909,0.574047863483429,-1.055793285369873,0.641308605670929,0.6405040621757507,-0.9014606475830078,0.2911611795425415,0.5803013443946838,-0.947243332862854,0.5833467841148376,0.856684148311615,0.012906941585242748,0.4029204845428467,0.8646016716957092,-0.013502946123480797,0.807820200920105,0.8340962529182434,-0.28005295991897583,0.21465368568897247,0.8507605791091919,-0.39329829812049866,0.5525182485580444,1.1287360191345215,-0.23338881134986877,0.41797465085983276,1.124314546585083,-0.16049614548683167,0.5090137720108032,1.1620666980743408,-0.23213550448417664,0.44984158873558044,1.1499879360198975,-0.1317945122718811,0.5031440258026123,1.2166178226470947,-0.395961731672287,0.4626358449459076,1.2307814359664917,-0.24264690279960632
frame_00005.jpg,0.5116289854049683,0.22269907593727112,-0.5370352864265442,0.5421324968338013,0.17905299365520477,-0.49713024497032166,0.5587134957313538,0.18177276849746704,-0.4977942109107971,0.5735563635826111,0.1857009381055832,-0.4977894425392151,0.4987877309322357,0.17478707432746887,-0.4963490962982178,0.4859219491481781,0.17350000143051147,-0.49686652421951294,0.4749727249145508,0.1715947836637497,-0.4971856474876404,0.5951991081237793,0.2062368392944336,-0.24893026053905487,0.46178555488586426,0.19144995510578156,-0.24537937343120575,0.5406981706619263,0.27081871032714844,-0.4470517635345459,0.48851555585861206,0.26240482926368713,-0.45061588287353516,0.6452115774154663,0.40361136198043823,-0.16662846505641937,0.3660323917865753,0.39549586176872253,-0.12169250100851059,0.7744008302688599,0.6161749958992004,-0.38828760385513306,0.19790340960025787,0.6122154593467712,-0.33675557374954224,0.6910988092422485,0.6730862259864807,-0.8718625903129578,0.24658949673175812,0.6252840161323547,-0.8466804623603821,0.6835464239120483,0.7006530165672302,-0.9839370846748352,0.27269861102104187,0.6358329653739929,-0.9620507955551147,0.6462811827659607,0.6496659517288208,-0.9984927177429199,0.2962028980255127,0.5855388641357422,-0.9754823446273804,0.6396055817604065,0.6496899127960205,-0.8849567174911499,0.2948673963546753,0.5812996625900269,-0.8654974699020386,0.5894935131072998,0.8585864305496216,0.009685146622359753,0.4090699255466461,0.8678635358810425,-0.010302959010004997,0.7992424368858337,0.8622657656669617,-0.31266602873802185,0.21801531314849854,0.8670722246170044,-0.4061502516269684,0.577692985534668,1.2197270393371582,-0.23569738864898682,0.414074182510376,1.222975254058838,-0.13172714412212372,0.5435299277305603,1.2557144165039062,-0.2311161756515503,0.4448893666267395,1.2527062892913818,-0.09976399689912796,0.5299736857414246,1.3363627195358276,-0.40168866515159607,0.44995492696762085,1.3632729053497314,-0.21848717331886292
frame_00006.jpg,0.5191240906715393,0.22293855249881744,-0.5646480321884155,0.5499962568283081,0.17930063605308533,-0.5200163125991821,0.5668607354164124,0.1820828765630722,-0.5206398963928223,0.5811337828636169,0.18611453473567963,-0.5205714106559753,0.5065995454788208,0.17511306703090668,-0.520828902721405,0.4924677014350891,0.1735740453004837,-0.5213881134986877,0.4807918965816498,0.17167027294635773,-0.5216848850250244,0.6007066369056702,0.20694340765476227,-0.26202622056007385,0.46633100509643555,0.1902264654636383,-0.2677845060825348,0.5467708706855774,0.27095523476600647,-0.46626216173171997,0.49455875158309937,0.2621510922908783,-0.47243714332580566,0.6498184204101562,0.403518944978714,-0.16279861330986023,0.37223172187805176,0.39486268162727356,-0.13255354762077332,0.777970016002655,0.617863655090332,-0.3791552782058716,0.20026817917823792,0.6123507022857666,-0.3316728472709656,0.6918392777442932,0.6748465299606323,-0.8685253262519836,0.24486565589904785,0.6828051805496216,-0.7984588146209717,0.6846629977226257,0.7000294923782349,-0.9814642667770386,0.2655945420265198,0.7015584111213684,-0.907699704170227,0.647632360458374,0.6499624252319336,-0.9962574243545532,0.2897246479988098,0.641705334186554,-0.9280155897140503,0.6406307816505432,0.6498161554336548,-0.8822516202926636,0.2819412350654602,0.6295315027236938,-0.8192331194877625,0.5899616479873657,0.8581885099411011,0.020862281322479248,0.41088706254959106,0.8677768707275391,-0.021483637392520905,0.7974603772163391,0.8714172840118408,-0.2958070635795593,0.24340283870697021,0.8859444856643677,-0.41299858689308167,0.6131677627563477,1.2389296293258667,-0.14689047634601593,0.4121783673763275,1.2479264736175537,-0.0960879772901535,0.5778878927230835,1.2781823873519897,-0.13755208253860474,0.4393433630466461,1.281035304069519,-0.061513207852840424,0.5883994698524475,1.3687390089035034,-0.314022958278656,0.4431125223636627,1.3941084146499634,-0.19019560515880585
frame_00007.jpg,0.5199229121208191,0.22383186221122742,-0.5611182451248169,0.5507103800773621,0.18098825216293335,-0.5155535340309143,0.5677406191825867,0.18340523540973663,-0.5161899924278259,0.5827513933181763,0.18729141354560852,-0.5161484479904175,0.5074645280838013,0.1765976995229721,-0.5163646936416626,0.4933055341243744,0.17460674047470093,-0.5168784856796265,0.4818114638328552,0.17204374074935913,-0.5171722173690796,0.6035119891166687,0.20878395438194275,-0.25662514567375183,0.46771329641342163,0.19020387530326843,-0.26066872477531433,0.5471580624580383,0.27199238538742065,-0.46214327216148376,0.4951317310333252,0.2623636722564697,-0.46773308515548706,0.6515284776687622,0.4035991132259369,-0.16085253655910492,0.3740795850753784,0.39459630846977234,-0.1301964521408081,0.7789444327354431,0.6190887689590454,-0.36443763971328735,0.200666144490242,0.6114929914474487,-0.3023959994316101,0.6923699975013733,0.6771824359893799,-0.8428579568862915,0.24122679233551025,0.6854411363601685,-0.7575438618659973,0.6855487823486328,0.6996398568153381,-0.9522689580917358,0.25534725189208984,0.7138082385063171,-0.8636898994445801,0.6484977006912231,0.6500852704048157,-0.9672031402587891,0.2859423756599426,0.6774388551712036,-0.8851433992385864,0.6412818431854248,0.6501477956771851,-0.8561956286430359,0.2814623713493347,0.6680687069892883,-0.7785464525222778,0.5898541212081909,0.8575172424316406,0.02005317248404026,0.41088494658470154,0.862972617149353,-0.020672645419836044,0.7960646152496338,0.8696376085281372,-0.3132893443107605,0.24121001362800598,0.8808234333992004,-0.4151138365268707,0.5941113829612732,1.2116531133651733,-0.1815127432346344,0.4128142297267914,1.2235252857208252,-0.12215079367160797,0.5563709139823914,1.2465155124664307,-0.172533318400383,0.44122186303138733,1.2503653764724731,-0.08869971334934235,0.5562256574630737,1.3272284269332886,-0.339263379573822,0.4420328736305237,1.3838516473770142,-0.20432433485984802
frame_00008.jpg,0.5193353891372681,0.226023331284523,-0.5143428444862366,0.5497804880142212,0.18570443987846375,-0.4660584330558777,0.5666448473930359,0.18813171982765198,-0.4665958881378174,0.5814552903175354,0.19138287007808685,-0.4664730429649353,0.5067591071128845,0.1786617785692215,-0.4659963548183441,0.4927539825439453,0.1758633702993393,-0.466541051864624,0.4812508523464203,0.17282243072986603,-0.4667988717556,0.6035385727882385,0.213694766163826,-0.2019636183977127,0.4672122597694397,0.19081778824329376,-0.20425954461097717,0.5469440221786499,0.2749830186367035,-0.4126347601413727,0.49492302536964417,0.2642218768596649,-0.41752538084983826,0.6511090993881226,0.40428802371025085,-0.10512882471084595,0.3736334443092346,0.3962383568286896,-0.07475881278514862,0.7778890132904053,0.6203068494796753,-0.30048495531082153,0.1996048390865326,0.6117189526557922,-0.25484639406204224,0.6898742914199829,0.6888333559036255,-0.7766506671905518,0.24116890132427216,0.6849834322929382,-0.7420946955680847,0.6809080839157104,0.7047540545463562,-0.8846510648727417,0.2519207298755646,0.7104673385620117,-0.8556796312332153,0.643778920173645,0.6578168272972107,-0.9019543528556824,0.2844506800174713,0.6838953495025635,-0.8751233816146851,0.6384683847427368,0.6621435880661011,-0.7906898260116577,0.28169700503349304,0.6767489910125732,-0.7626166343688965,0.5917040109634399,0.8576507568359375,0.01914958655834198,0.4123328626155853,0.864396333694458,-0.01978830248117447,0.8043766021728516,0.8694053292274475,-0.347101628780365,0.2257089614868164,0.878750205039978,-0.42789897322654724,0.5870079398155212,1.2015007734298706,-0.1971360594034195,0.40999165177345276,1.2179348468780518,-0.13570895791053772,0.5477136373519897,1.2337424755096436,-0.1875537484884262,0.4384434223175049,1.2474302053451538,-0.10294274985790253,0.5441552400588989,1.3138529062271118,-0.35617950558662415,0.4394470751285553,1.3637771606445312,-0.22747740149497986
frame_00009.jpg,0.5198504328727722,0.22815343737602234,-0.41881370544433594,0.5499288439750671,0.18913517892360687,-0.3720439076423645,0.566580057144165,0.19110152125358582,-0.3725680708885193,0.5817875862121582,0.1941271871328354,-0.37246260046958923,0.506835401058197,0.18115496635437012,-0.37165382504463196,0.4929603934288025,0.17780941724777222,-0.37217897176742554,0.4816104471683502,0.17428603768348694,-0.37243232131004333,0.604542076587677,0.21666978299617767,-0.11924433708190918,0.4675794541835785,0.19136787950992584,-0.12108868360519409,0.5467589497566223,0.2768550515174866,-0.3211841881275177,0.49488043785095215,0.26540300250053406,-0.32578760385513306,0.6508026123046875,0.4046269357204437,-0.04097483307123184,0.3733347952365875,0.3974810838699341,-0.009979969821870327,0.7773798704147339,0.6225002408027649,-0.22967472672462463,0.1973779946565628,0.6127461791038513,-0.19702626764774323,0.6856134533882141,0.6907208561897278,-0.6812272071838379,0.24129018187522888,0.6807227730751038,-0.6967355012893677,0.6735117435455322,0.7047366499900818,-0.7806021571159363,0.2508218288421631,0.7113545536994934,-0.8069543838500977,0.6372150182723999,0.6582383513450623,-0.7930865287780762,0.28415316343307495,0.6798070073127747,-0.8250601887702942,0.6328529119491577,0.662768542766571,-0.6920366287231445,0.28191229701042175,0.6712619662284851,-0.7166228890419006,0.5911161303520203,0.8552035689353943,0.01875692419707775,0.41218361258506775,0.8630370497703552,-0.019396085292100906,0.8098894953727722,0.8547766804695129,-0.3258481025695801,0.21216361224651337,0.8678484559059143,-0.4221915304660797,0.552944540977478,1.1434547901153564,-0.20418913662433624,0.41371074318885803,1.1557552814483643,-0.17256906628608704,0.5075615048408508,1.1665233373641968,-0.19460150599479675,0.44542354345321655,1.175843596458435,-0.14241726696491241,0.49023303389549255,1.2390059232711792,-0.348369300365448,0.46107491850852966,1.271293044090271,-0.25047382712364197
frame_00010.jpg,0.5209594964981079,0.23077136278152466,-0.4224926829338074,0.5504696369171143,0.19276057183742523,-0.37280184030532837,0.5668068528175354,0.19423852860927582,-0.3733336329460144,0.5821030139923096,0.19691726565361023,-0.37321382761001587,0.5074726343154907,0.18472592532634735,-0.37303104996681213,0.49342912435531616,0.18087133765220642,-0.3735630214214325,0.48205867409706116,0.17685924470424652,-0.37380120158195496,0.604782223701477,0.2183346152305603,-0.10698244720697403,0.4676997661590576,0.1920366734266281,-0.1114407554268837,0.5471113920211792,0.2790755331516266,-0.3201248049736023,0.4954904019832611,0.26646873354911804,-0.3255469501018524,0.650581419467926,0.4055221676826477,-0.016963569447398186,0.3731134831905365,0.3978201746940613,0.01181151531636715,0.7769626379013062,0.6243031024932861,-0.2062949389219284,0.19661764800548553,0.6138717532157898,-0.1771382987499237,0.6829267144203186,0.6940158009529114,-0.6872956156730652,0.243707537651062,0.6802076101303101,-0.681728720664978,0.6691381335258484,0.706344723701477,-0.7954896688461304,0.25373268127441406,0.7137037515640259,-0.7947317361831665,0.636210024356842,0.6593977212905884,-0.8092762231826782,0.28400084376335144,0.6764188408851624,-0.8128588795661926,0.6323021054267883,0.6638756990432739,-0.699755072593689,0.2821294069290161,0.6667352914810181,-0.7014890313148499,0.5908538699150085,0.855255126953125,0.0186134222894907,0.4117441177368164,0.8629649877548218,-0.019269529730081558,0.8062790036201477,0.8555435538291931,-0.3503684103488922,0.2109559029340744,0.8669605851173401,-0.4197642207145691,0.5529099106788635,1.1635658740997314,-0.23026211559772491,0.4134409427642822,1.159310221672058,-0.12393297255039215,0.5087781548500061,1.1903362274169922,-0.2201564759016037,0.44509047269821167,1.1799304485321045,-0.08880005031824112,0.4935073256492615,1.2728781700134277,-0.38578158617019653,0.45785969495773315,1.2880423069000244,-0.20608098804950714
frame_00011.jpg,0.5214203596115112,0.2339162677526474,-0.4656919538974762,0.550826907157898,0.1956053376197815,-0.4227231442928314,0.5670795440673828,0.19674140214920044,-0.42322713136672974,0.582387387752533,0.19914144277572632,-0.4230450987815857,0.5078416466712952,0.1883048713207245,-0.42343321442604065,0.49368539452552795,0.18413060903549194,-0.42403215169906616,0.48238855600357056,0.17981749773025513,-0.42431050539016724,0.6054462194442749,0.21989037096500397,-0.17319883406162262,0.46800264716148376,0.19292058050632477,-0.1791878640651703,0.54744553565979,0.2817515432834625,-0.3687341511249542,0.49571695923805237,0.26832932233810425,-0.3748215436935425,0.6507079601287842,0.4077329933643341,-0.09122296422719955,0.3737128674983978,0.3978341817855835,-0.05567725747823715,0.7763404250144958,0.6262837052345276,-0.3028731942176819,0.19766409695148468,0.6029870510101318,-0.2619549632072449,0.683505117893219,0.6965439319610596,-0.7429276704788208,0.2435987889766693,0.6765760779380798,-0.7429995536804199,0.6681455373764038,0.7077223658561707,-0.8305788040161133,0.247796893119812,0.7084552645683289,-0.8512940406799316,0.6367308497428894,0.6588327884674072,-0.8480825424194336,0.28377678990364075,0.6773660778999329,-0.8609655499458313,0.6331174969673157,0.6637751460075378,-0.7545105218887329,0.28410759568214417,0.6678364872932434,-0.7593557834625244,0.5907284617424011,0.8557652235031128,0.013608990237116814,0.4116925299167633,0.8625202178955078,-0.014282641001045704,0.8048930168151855,0.8558138012886047,-0.35031193494796753,0.21078899502754211,0.8551257252693176,-0.3780539631843567,0.5521508455276489,1.1574631929397583,-0.24919815361499786,0.40624547004699707,1.1633144617080688,-0.110377237200737,0.5096164345741272,1.1853268146514893,-0.2417992800474167,0.4388570189476013,1.188315510749817,-0.07973868399858475,0.4903973937034607,1.2580626010894775,-0.40529322624206543,0.44174662232398987,1.2920787334442139,-0.19874009490013123
frame_00012.jpg,0.5256548523902893,0.23455475270748138,-0.4856639802455902,0.5550978183746338,0.1956673264503479,-0.4381023943424225,0.5711542367935181,0.19670964777469635,-0.43861255049705505,0.5854454636573792,0.19910405576229095,-0.4384525418281555,0.5109233260154724,0.18887335062026978,-0.4433313012123108,0.4960368275642395,0.18489773571491241,-0.4439026713371277,0.484473317861557,0.18067476153373718,-0.44417786598205566,0.606926441192627,0.21975275874137878,-0.17453473806381226,0.4699455201625824,0.19308681786060333,-0.19710300862789154,0.5517231822013855,0.2822989523410797,-0.38158074021339417,0.49959149956703186,0.26834753155708313,-0.3942699134349823,0.6533345580101013,0.40896928310394287,-0.09296323359012604,0.3754269480705261,0.39769819378852844,-0.07570108771324158,0.7765911817550659,0.6254627704620361,-0.3187882602214813,0.20208640396595,0.5986469984054565,-0.30962711572647095,0.6880131959915161,0.6957992315292358,-0.8008905649185181,0.24959683418273926,0.6699508428573608,-0.8005183339118958,0.6695749163627625,0.7114225625991821,-0.9068719744682312,0.25026044249534607,0.704386293888092,-0.9153092503547668,0.6375003457069397,0.6586840748786926,-0.9231222867965698,0.2897515892982483,0.6765133738517761,-0.9230955243110657,0.6368000507354736,0.6625685095787048,-0.8148936033248901,0.29769575595855713,0.6659486293792725,-0.8172606229782104,0.5932008624076843,0.8601778745651245,0.015163647942245007,0.41434311866760254,0.8670932650566101,-0.01582343317568302,0.80425626039505,0.8539902567863464,-0.32790473103523254,0.21095073223114014,0.8441964387893677,-0.3739564120769501,0.5537077188491821,1.1508671045303345,-0.22490274906158447,0.4019676148891449,1.1645915508270264,-0.11031840741634369,0.5141358971595764,1.17902410030365,-0.2173527181148529,0.4315970838069916,1.1912131309509277,-0.08043601363897324,0.49059733748435974,1.2398028373718262,-0.39434778690338135,0.438361257314682,1.2947181463241577,-0.20969414710998535
frame_00013.jpg,0.5269097089767456,0.2334042638540268,-0.46506690979003906,0.5561400055885315,0.19197265803813934,-0.4169657826423645,0.5722536444664001,0.1937834918498993,-0.4174985885620117,0.5862541198730469,0.19685231149196625,-0.41739097237586975,0.5120375156402588,0.1864175796508789,-0.42120060324668884,0.497342586517334,0.18308518826961517,-0.4217154085636139,0.4858817160129547,0.1792362630367279,-0.4219810962677002,0.6071814298629761,0.2178657501935959,-0.15295732021331787,0.4713793694972992,0.19220231473445892,-0.1748351752758026,0.554015576839447,0.2810024321079254,-0.3622417747974396,0.5014263987541199,0.26701387763023376,-0.3731859624385834,0.6554772853851318,0.408726304769516,-0.07971455156803131,0.37587791681289673,0.39698073267936707,-0.07461363077163696,0.7785841226577759,0.6245477795600891,-0.32097429037094116,0.2081771343946457,0.5995233058929443,-0.35341498255729675,0.6881012916564941,0.6936782598495483,-0.8276354074478149,0.2676869034767151,0.6588578820228577,-0.8801432847976685,0.6617580056190491,0.7103697657585144,-0.9401078224182129,0.27198275923728943,0.6906173825263977,-1.0011214017868042,0.6354219317436218,0.65399569272995,-0.9510105848312378,0.3091673254966736,0.6677347421646118,-1.0057181119918823,0.6369723081588745,0.6536868810653687,-0.8400472402572632,0.3160650432109833,0.6629685759544373,-0.8962936401367188,0.5940943956375122,0.8618246912956238,0.021321451291441917,0.4145640730857849,0.8669995665550232,-0.021933700889348984,0.81501305103302,0.8277100920677185,-0.3567826449871063,0.21072062849998474,0.8242019414901733,-0.4418460726737976,0.5340579748153687,1.1132843494415283,-0.35429415106773376,0.41221103072166443,1.14802086353302,-0.2871885895729065,0.4918801784515381,1.1418817043304443,-0.3561702370643616,0.4426027238368988,1.1773874759674072,-0.2669662535190582,0.45199960470199585,1.1713976860046387,-0.5694989562034607,0.465078741312027,1.2461707592010498,-0.4318820834159851
frame_00014.jpg,0.5268633961677551,0.22829416394233704,-0.5642745494842529,0.5563734769821167,0.1852882206439972,-0.5248490571975708,0.5728405117988586,0.1884680539369583,-0.5254300832748413,0.586920976638794,0.1927231103181839,-0.5254067182540894,0.5123361349105835,0.1809123158454895,-0.5314332246780396,0.49789395928382874,0.17829380929470062,-0.5319650769233704,0.486624538898468,0.17486925423145294,-0.5322485566139221,0.6076619029045105,0.21559268236160278,-0.27647632360458374,0.472257524728775,0.190403014421463,-0.3080795407295227,0.554313063621521,0.27728620171546936,-0.4645635187625885,0.5017001628875732,0.263078898191452,-0.4781031608581543,0.6553013324737549,0.40672969818115234,-0.1729966402053833,0.375786691904068,0.39671507477760315,-0.20210155844688416,0.7793971300125122,0.6196462512016296,-0.39295023679733276,0.20772698521614075,0.6086199283599854,-0.45389866828918457,0.6845215559005737,0.6900394558906555,-0.8892139196395874,0.3042431175708771,0.6589575409889221,-0.9185978770256042,0.6538015007972717,0.7029027938842773,-0.996735692024231,0.33066755533218384,0.6942636966705322,-1.027000904083252,0.6313546895980835,0.6482374668121338,-1.0029627084732056,0.35379332304000854,0.6626523733139038,-1.0276710987091064,0.6354161500930786,0.6461988687515259,-0.8980870246887207,0.3492439091205597,0.6566188931465149,-0.9292737245559692,0.5867936611175537,0.8613888621330261,0.03159434348344803,0.4134417474269867,0.8641111254692078,-0.032143715769052505,0.8162027597427368,0.8303270936012268,-0.33293256163597107,0.21054048836231232,0.8250344395637512,-0.43793392181396484,0.535979151725769,1.1175215244293213,-0.3074856698513031,0.4350457191467285,1.1034252643585205,-0.26836293935775757,0.4926765561103821,1.1413527727127075,-0.30387523770332336,0.46442484855651855,1.123572587966919,-0.24361205101013184,0.46246522665023804,1.1823261976242065,-0.5637881755828857,0.5068325400352478,1.1737967729568481,-0.3606528043746948
frame_00015.jpg,0.5287380218505859,0.2243226021528244,-0.5687934160232544,0.5584956407546997,0.17866010963916779,-0.5226861238479614,0.5749019980430603,0.18070539832115173,-0.5232654809951782,0.5884698033332825,0.18419243395328522,-0.5231788754463196,0.5136122703552246,0.17792735993862152,-0.5262566208839417,0.498835027217865,0.1760742962360382,-0.5267566442489624,0.48724365234375,0.17296437919139862,-0.5269957780838013,0.6092057228088379,0.20870380103588104,-0.2566750645637512,0.4733474850654602,0.1894901543855667,-0.2741610109806061,0.558599591255188,0.27360963821411133,-0.4641505777835846,0.5037031769752502,0.261776864528656,-0.4732528626918793,0.6602466702461243,0.4067049026489258,-0.15992185473442078,0.3760017454624176,0.3964553475379944,-0.1531062126159668,0.7839195728302002,0.619511067867279,-0.4026077687740326,0.2079097032546997,0.6125338077545166,-0.39302921295166016,0.6851534843444824,0.6900045871734619,-0.9624325037002563,0.27790185809135437,0.6591176986694336,-0.9229639172554016,0.6552819609642029,0.7016839385032654,-1.0912710428237915,0.3266468644142151,0.6938267946243286,-1.0506576299667358,0.6310838460922241,0.6467716097831726,-1.106412649154663,0.33537715673446655,0.6529209017753601,-1.0666959285736084,0.6354526281356812,0.6452605128288269,-0.9779564142227173,0.32883572578430176,0.6425922513008118,-0.9431964159011841,0.5887538194656372,0.8633130788803101,0.020574145019054413,0.41343849897384644,0.8640258312225342,-0.02119370549917221,0.8098214268684387,0.8414076566696167,-0.45423465967178345,0.20954641699790955,0.8276892304420471,-0.433891624212265,0.5211074352264404,1.1514360904693604,-0.37888842821121216,0.39692121744155884,1.2238634824752808,-0.22568175196647644,0.48106497526168823,1.1775572299957275,-0.3743753135204315,0.4225307106971741,1.263970971107483,-0.20447520911693573,0.4417947828769684,1.2345985174179077,-0.5836788415908813,0.4354709982872009,1.3546528816223145,-0.3308001160621643
frame_00016.jpg,0.5327521562576294,0.21594275534152985,-0.5950943231582642,0.561903715133667,0.17272743582725525,-0.5480583906173706,0.579071044921875,0.17494827508926392,-0.548661470413208,0.5926563143730164,0.17812880873680115,-0.5485738515853882,0.5166029334068298,0.1690567433834076,-0.5507559180259705,0.5016840696334839,0.16652211546897888,-0.5512968897819519,0.4895181655883789,0.16297034919261932,-0.551535964012146,0.6109474897384644,0.20195049047470093,-0.28668028116226196,0.47535938024520874,0.18146902322769165,-0.3007705807685852,0.5619680881500244,0.26589080691337585,-0.49386897683143616,0.505685567855835,0.2555839419364929,-0.5022041201591492,0.6617300510406494,0.4041577875614166,-0.17006562650203705,0.37843629717826843,0.3939567804336548,-0.1753310263156891,0.7851549386978149,0.6088301539421082,-0.38283032178878784,0.21003496646881104,0.6125093102455139,-0.3790866434574127,0.6853989362716675,0.671227216720581,-0.9583947062492371,0.2693565785884857,0.6728987097740173,-0.8611035346984863,0.6695599555969238,0.6990531086921692,-1.083053708076477,0.2881879210472107,0.7159055471420288,-0.9748113751411438,0.6303170323371887,0.6525953412055969,-1.0940883159637451,0.3081722557544708,0.6700830459594727,-1.0034605264663696,0.6310688853263855,0.6519349217414856,-0.9750524759292603,0.31077367067337036,0.6562181711196899,-0.8842718005180359,0.5847094058990479,0.8616207838058472,0.0371105894446373,0.4126933515071869,0.8614920973777771,-0.03776038810610771,0.8046825528144836,0.841042697429657,-0.36664456129074097,0.24008998274803162,0.8423164486885071,-0.43154287338256836,0.5723801851272583,1.1907697916030884,-0.18172763288021088,0.3750004470348358,1.2545161247253418,-0.15270225703716278,0.5313805341720581,1.2287260293960571,-0.17007741332054138,0.3920416235923767,1.2987754344940186,-0.12498372793197632,0.5499526858329773,1.3174870014190674,-0.33302056789398193,0.3960025906562805,1.4009791612625122,-0.26021212339401245
frame_00017.jpg,0.5345734357833862,0.2107790857553482,-0.5811904668807983,0.5627303719520569,0.16780129075050354,-0.5443304181098938,0.5801495909690857,0.16970904171466827,-0.5447487235069275,0.5941752195358276,0.17233511805534363,-0.5446922779083252,0.5172414183616638,0.1618637889623642,-0.5409731268882751,0.5022427439689636,0.1588781476020813,-0.5414556860923767,0.4902525842189789,0.15573884546756744,-0.5417049527168274,0.6120587587356567,0.19618533551692963,-0.2642783224582672,0.476223886013031,0.17759664356708527,-0.28017711639404297,0.5639733672142029,0.26008468866348267,-0.4804120659828186,0.5071083307266235,0.251609742641449,-0.4840245246887207,0.6617108583450317,0.4028010666370392,-0.17082902789115906,0.38036319613456726,0.3923438489437103,-0.15402813255786896,0.7847108840942383,0.6082646250724792,-0.37884318828582764,0.2130054235458374,0.6125276684761047,-0.33851367235183716,0.6829363107681274,0.6743261814117432,-0.8228030204772949,0.2680921256542206,0.6779126524925232,-0.7332553863525391,0.6671910881996155,0.6995630264282227,-0.9217497706413269,0.27680495381355286,0.7214937806129456,-0.8306719064712524,0.6294528245925903,0.6545512676239014,-0.9331849813461304,0.2993226945400238,0.6783789992332458,-0.8504436612129211,0.6302334070205688,0.6558642983436584,-0.8336989283561707,0.30535247921943665,0.6642898321151733,-0.7526841163635254,0.5836493968963623,0.859394371509552,0.03264159709215164,0.4128482937812805,0.8556733727455139,-0.03320746496319771,0.7394312620162964,0.9732815623283386,-0.24607062339782715,0.24578960239887238,0.8713677525520325,-0.3328816294670105,0.5693529844284058,1.2393052577972412,-0.12078730016946793,0.3929210901260376,1.2685130834579468,-0.09892097115516663,0.5279262065887451,1.2750415802001953,-0.11230753362178802,0.41559141874313354,1.308492660522461,-0.07422860711812973,0.5336236357688904,1.354684591293335,-0.25607186555862427,0.4047206938266754,1.4174565076828003,-0.18932178616523743
frame_00018.jpg,0.5354192852973938,0.2074899971485138,-0.606177806854248,0.5630899667739868,0.16452857851982117,-0.561695396900177,0.5805334448814392,0.16553474962711334,-0.5622305870056152,0.5948657393455505,0.16707831621170044,-0.5620793104171753,0.517952024936676,0.15898315608501434,-0.5660223364830017,0.5030356645584106,0.1559736132621765,-0.5665165185928345,0.49118250608444214,0.15303130447864532,-0.566746175289154,0.6130654215812683,0.19019193947315216,-0.29074203968048096,0.47728627920150757,0.1755017191171646,-0.31633031368255615,0.5647104382514954,0.25520431995391846,-0.5017210245132446,0.5088122487068176,0.2483387291431427,-0.5123666524887085,0.6652178764343262,0.4025205373764038,-0.17765074968338013,0.38376012444496155,0.39087140560150146,-0.18125000596046448,0.7845944166183472,0.6082584261894226,-0.4210246205329895,0.21529658138751984,0.6124680042266846,-0.3933202922344208,0.683207631111145,0.6792058944702148,-0.9814170598983765,0.26567524671554565,0.6787500977516174,-0.8599570989608765,0.6629878282546997,0.6972326040267944,-1.1071077585220337,0.27449801564216614,0.7193270921707153,-0.9784348607063293,0.6291356682777405,0.6517259478569031,-1.12718665599823,0.29435157775878906,0.6765129566192627,-1.000179409980774,0.6301246881484985,0.6558812260627747,-0.9994701147079468,0.30018100142478943,0.6634804010391235,-0.8821626901626587,0.5994300842285156,0.8628690838813782,0.032164908945560455,0.41935548186302185,0.8558347225189209,-0.032722704112529755,0.7560340166091919,0.9359856843948364,-0.3348349630832672,0.28119605779647827,0.9865659475326538,-0.3404165208339691,0.5864349603652954,1.327707052230835,-0.27585211396217346,0.39329931139945984,1.4024715423583984,-0.1228335052728653,0.5560256242752075,1.3711270093917847,-0.2794981300830841,0.4155721068382263,1.45067298412323,-0.09489257633686066,0.5342680215835571,1.4482923746109009,-0.5204635262489319,0.40802884101867676,1.5666242837905884,-0.29330044984817505
frame_00019.jpg,0.5390938520431519,0.20569947361946106,-0.5275965332984924,0.5649411082267761,0.16304275393486023,-0.47646385431289673,0.5823373198509216,0.16419877111911774,-0.47698649764060974,0.5967413187026978,0.1656874120235443,-0.476815789937973,0.521307110786438,0.15764497220516205,-0.4814991354942322,0.506929874420166,0.15502646565437317,-0.48202115297317505,0.49533611536026,0.1521996408700943,-0.4822619557380676,0.6139923334121704,0.18729647994041443,-0.19715699553489685,0.4805571436882019,0.17396734654903412,-0.2214169204235077,0.5666148662567139,0.25181639194488525,-0.4195784628391266,0.5126678347587585,0.2455839365720749,-0.4307820200920105,0.6674472093582153,0.40220868587493896,-0.10529997199773788,0.38684186339378357,0.38869401812553406,-0.08465871214866638,0.7844851613044739,0.6083199977874756,-0.3451237976551056,0.22135543823242188,0.6116126775741577,-0.2964804470539093,0.682295560836792,0.6854104995727539,-0.9206467866897583,0.2644156515598297,0.6793689727783203,-0.8005491495132446,0.649625301361084,0.7004657983779907,-1.062442421913147,0.2727230489253998,0.7203515768051147,-0.9204469919204712,0.6274974346160889,0.6514102220535278,-1.0897514820098877,0.2943069338798523,0.6763749718666077,-0.9426944851875305,0.6303497552871704,0.6554084420204163,-0.9424760937690735,0.30014893412590027,0.6631495952606201,-0.8229444622993469,0.5983002185821533,0.8654218316078186,0.024101391434669495,0.4205401837825775,0.855591356754303,-0.0246068574488163,0.7640983462333679,0.9187808632850647,-0.411598265171051,0.2324361354112625,0.8632834553718567,-0.42956504225730896,0.5803769826889038,1.272135853767395,-0.3226277232170105,0.3646201193332672,1.332281470298767,-0.18253140151500702,0.5461819767951965,1.309567928314209,-0.3191832900047302,0.3914158046245575,1.367251992225647,-0.15666761994361877,0.5183439254760742,1.3883187770843506,-0.5395077466964722,0.38660117983818054,1.4671692848205566,-0.3448832929134369
frame_00020.jpg,0.5428393483161926,0.20476612448692322,-0.5462326407432556,0.5670667886734009,0.16252101957798004,-0.49206146597862244,0.5843291878700256,0.1636582911014557,-0.4925903379917145,0.5985681414604187,0.16494324803352356,-0.4923790991306305,0.524120032787323,0.1570979654788971,-0.49992308020591736,0.5099292397499084,0.15464189648628235,-0.5004265308380127,0.4982771873474121,0.1518780142068863,-0.5006533861160278,0.6144188642501831,0.1844291388988495,-0.20623859763145447,0.4825447201728821,0.17331331968307495,-0.2297777682542801,0.5695585012435913,0.24955454468727112,-0.4313534200191498,0.5167264342308044,0.24399606883525848,-0.44657111167907715,0.6697596311569214,0.40123069286346436,-0.10316693782806396,0.3898572623729706,0.38760799169540405,-0.09133494645357132,0.7844148874282837,0.6083606481552124,-0.3467611074447632,0.2293696105480194,0.611078143119812,-0.3152603507041931,0.6824820041656494,0.6892427802085876,-0.9290943145751953,0.2635701894760132,0.6791708469390869,-0.8539026975631714,0.6495054364204407,0.6985035538673401,-1.0604588985443115,0.2717389762401581,0.7199751734733582,-0.9810592532157898,0.6274600028991699,0.6476160883903503,-1.080360770225525,0.2943231165409088,0.6754085421562195,-1.0040199756622314,0.630520224571228,0.6537490487098694,-0.9478825330734253,0.30030858516693115,0.6625989675521851,-0.8774968385696411,0.600772500038147,0.8659717440605164,0.02713726833462715,0.4227971136569977,0.855696976184845,-0.027622107416391373,0.766779363155365,0.988508403301239,-0.392739474773407,0.22791090607643127,0.861233651638031,-0.45981183648109436,0.591138482093811,1.2880126237869263,-0.3013198971748352,0.36951956152915955,1.321060299873352,-0.18184898793697357,0.5596250891685486,1.3269598484039307,-0.29843515157699585,0.39432209730148315,1.3620957136154175,-0.15552310645580292,0.5363118648529053,1.3979524374008179,-0.5363328456878662,0.3978631794452667,1.4710055589675903,-0.3554016053676605
frame_00021.jpg,0.5438511967658997,0.20446895062923431,-0.5532896518707275,0.5678888559341431,0.1623058170080185,-0.4999960958957672,0.5852988958358765,0.16358442604541779,-0.5005548000335693,0.599629282951355,0.16501323878765106,-0.5003793835639954,0.5248056650161743,0.15683896839618683,-0.5069894194602966,0.510820746421814,0.15445385873317719,-0.5074849724769592,0.49934881925582886,0.15181255340576172,-0.5077049136161804,0.6148995757102966,0.18447138369083405,-0.20743241906166077,0.48369136452674866,0.17293652892112732,-0.23666253685951233,0.5709380507469177,0.2490474283695221,-0.4403960704803467,0.5181670188903809,0.24343878030776978,-0.45438867807388306,0.6692303419113159,0.40073344111442566,-0.10826665163040161,0.3917427659034729,0.38757047057151794,-0.09812914580106735,0.7855872511863708,0.6083263754844666,-0.3400607705116272,0.24111859500408173,0.6110758185386658,-0.3205098807811737,0.6890398263931274,0.6890296936035156,-0.9050620198249817,0.2633727490901947,0.678577184677124,-0.8590005040168762,0.6528390645980835,0.6999360918998718,-1.0388929843902588,0.2687770128250122,0.7194637060165405,-0.9826477766036987,0.6356609463691711,0.6488891839981079,-1.0705618858337402,0.28896114230155945,0.6740648150444031,-1.009472131729126,0.6391984224319458,0.6538586020469666,-0.9273072481155396,0.2981707751750946,0.6625045537948608,-0.8844486474990845,0.6010238528251648,0.8654674291610718,0.025995317846536636,0.4251846671104431,0.856140673160553,-0.026471639052033424,0.7700567841529846,0.9596579074859619,-0.384833961725235,0.2490263432264328,0.8646184802055359,-0.43618637323379517,0.5859435200691223,1.2702995538711548,-0.30007708072662354,0.400491863489151,1.3067786693572998,-0.12469850480556488,0.5536941885948181,1.3075138330459595,-0.29844504594802856,0.422663152217865,1.3449476957321167,-0.0946660116314888,0.5296619534492493,1.3812527656555176,-0.5241245031356812,0.4401211142539978,1.4553073644638062,-0.27254340052604675
frame_00022.jpg,0.5434936285018921,0.20430567860603333,-0.6214028596878052,0.5677922964096069,0.16222579777240753,-0.577487587928772,0.5852046012878418,0.16364648938179016,-0.5781160593032837,0.5998307466506958,0.16526028513908386,-0.5779914855957031,0.5246292352676392,0.15656283497810364,-0.5811620950698853,0.510623574256897,0.15415294468402863,-0.5816561579704285,0.4991757273674011,0.15160752832889557,-0.5818915367126465,0.6153225302696228,0.18504710495471954,-0.3142271935939789,0.48387885093688965,0.17284466326236725,-0.3316613733768463,0.570739209651947,0.24936223030090332,-0.5182247161865234,0.5177901983261108,0.2432529330253601,-0.5276654958724976,0.668815553188324,0.4008343815803528,-0.21214747428894043,0.3930293023586273,0.3873569667339325,-0.1747840791940689,0.7863487005233765,0.6085530519485474,-0.43511930108070374,0.24382750689983368,0.6112465262413025,-0.40517741441726685,0.6907666921615601,0.6893720626831055,-0.9555011987686157,0.26281481981277466,0.6784384846687317,-0.9299618005752563,0.6602185964584351,0.6970284581184387,-1.0758512020111084,0.2686338424682617,0.7168951034545898,-1.0497033596038818,0.6403738856315613,0.6489042043685913,-1.096627116203308,0.2878771722316742,0.6725823879241943,-1.0751230716705322,0.6408697366714478,0.654242753982544,-0.972294807434082,0.2981107831001282,0.6621209979057312,-0.9551613926887512,0.6004429459571838,0.8605080842971802,0.022309668362140656,0.4250280261039734,0.8538836240768433,-0.022780247032642365,0.7581502795219421,0.9418513178825378,-0.3220587372779846,0.2574736475944519,0.8882381319999695,-0.38798007369041443,0.5829024314880371,1.2856847047805786,-0.2939993143081665,0.42184585332870483,1.350810170173645,-0.12298282235860825,0.5497947931289673,1.3237814903259277,-0.29252317547798157,0.4440682530403137,1.3910235166549683,-0.09713676571846008,0.5274562835693359,1.4013352394104004,-0.5056686401367188,0.4623555541038513,1.5095068216323853,-0.270059734582901
frame_00023.jpg,0.543606162071228,0.2039262354373932,-0.5407105088233948,0.5678482055664062,0.1622309684753418,-0.49728456139564514,0.5851079225540161,0.16378600895404816,-0.4979099631309509,0.5997931361198425,0.1655464470386505,-0.49782100319862366,0.524701714515686,0.15657992660999298,-0.5000717043876648,0.5108741521835327,0.15426908433437347,-0.500583827495575,0.49958333373069763,0.15184298157691956,-0.5008286237716675,0.6153464913368225,0.18531043827533722,-0.2516501247882843,0.48446106910705566,0.17284414172172546,-0.2643985152244568,0.5709222555160522,0.24915842711925507,-0.4445638656616211,0.5181376934051514,0.24288469552993774,-0.45276182889938354,0.6685506105422974,0.400840163230896,-0.19608572125434875,0.3935704827308655,0.38654404878616333,-0.12402971088886261,0.7870091795921326,0.6092889904975891,-0.40147513151168823,0.2442983090877533,0.6112331748008728,-0.33739322423934937,0.6907384991645813,0.6894367337226868,-0.880031406879425,0.26241084933280945,0.6780126690864563,-0.8330830335617065,0.6675581932067871,0.6883145570755005,-0.990277886390686,0.2683956027030945,0.7128325700759888,-0.9421868324279785,0.6400895118713379,0.6448584198951721,-1.0055216550827026,0.28668999671936035,0.6684831976890564,-0.9687352180480957,0.6398987174034119,0.6533220410346985,-0.8935106992721558,0.29726365208625793,0.6597577929496765,-0.8579832911491394,0.600460946559906,0.8575147986412048,0.01649719662964344,0.424713671207428,0.8522710204124451,-0.017015617340803146,0.7821758389472961,0.8852130770683289,-0.3136518895626068,0.2549991309642792,0.8682032227516174,-0.36179545521736145,0.5713656544685364,1.2268060445785522,-0.29818326234817505,0.424919456243515,1.260079264640808,-0.11321805417537689,0.5355214476585388,1.2614632844924927,-0.3002084791660309,0.4514216482639313,1.2910945415496826,-0.08611802756786346,0.5090919733047485,1.3291293382644653,-0.49792560935020447,0.46316972374916077,1.3990974426269531,-0.21695725619792938
frame_00024.jpg,0.5432473421096802,0.2035127580165863,-0.49293962121009827,0.5677123069763184,0.16207298636436462,-0.44996699690818787,0.5849058628082275,0.1636665314435959,-0.45056524872779846,0.5995875597000122,0.1653975546360016,-0.4504881501197815,0.5245245695114136,0.1562773734331131,-0.45229387283325195,0.5107382535934448,0.15394888818264008,-0.4528084397315979,0.4994868338108063,0.1516408622264862,-0.4530588686466217,0.6152892708778381,0.18464726209640503,-0.20758621394634247,0.4846002459526062,0.17248712480068207,-0.21917882561683655,0.5705935955047607,0.24859264492988586,-0.39806869626045227,0.5179407000541687,0.2425999939441681,-0.40585821866989136,0.6684244871139526,0.40017253160476685,-0.15514324605464935,0.3931872248649597,0.3843280076980591,-0.08909396082162857,0.7869330048561096,0.609343409538269,-0.3496764302253723,0.24424752593040466,0.6086977124214172,-0.28782984614372253,0.6919873356819153,0.6863831877708435,-0.8091793060302734,0.2622998058795929,0.6767419576644897,-0.7648468017578125,0.6806535720825195,0.6812393069267273,-0.912460207939148,0.26767152547836304,0.7112148404121399,-0.8690102696418762,0.6430066823959351,0.6401474475860596,-0.926244854927063,0.2862781286239624,0.665353536605835,-0.8938840627670288,0.6405259370803833,0.649028480052948,-0.8213559985160828,0.2962941825389862,0.6560553908348083,-0.7883520126342773,0.5985535979270935,0.8526722192764282,0.01295373123139143,0.424557626247406,0.8472727537155151,-0.013485491275787354,0.7986751794815063,0.8669958710670471,-0.2771480679512024,0.24221059679985046,0.8607809543609619,-0.33763501048088074,0.560483455657959,1.189677119255066,-0.27962008118629456,0.43308931589126587,1.2066437005996704,-0.10924173891544342,0.5237368941307068,1.2185969352722168,-0.2830616533756256,0.4622093141078949,1.231124997138977,-0.081656314432621,0.48777031898498535,1.2832270860671997,-0.44673603773117065,0.47893357276916504,1.3312946557998657,-0.1919366717338562
frame_00025.jpg,0.5430985689163208,0.2023148536682129,-0.4739806652069092,0.5676381587982178,0.16071008145809174,-0.42999109625816345,0.5847811102867126,0.16232068836688995,-0.4305497705936432,0.5995417833328247,0.1639060527086258,-0.4304533898830414,0.5241435766220093,0.15454648435115814,-0.4334279000759125,0.5106658935546875,0.15216703712940216,-0.43393808603286743,0.4993208348751068,0.15000846982002258,-0.43415912985801697,0.615260899066925,0.18257637321949005,-0.1809745579957962,0.48464760184288025,0.1702549010515213,-0.1974216103553772,0.5704882144927979,0.24755285680294037,-0.37665417790412903,0.5177010297775269,0.24158430099487305,-0.3858301639556885,0.6680527329444885,0.3979169428348541,-0.10063997656106949,0.3931357264518738,0.3824380338191986,-0.07108193635940552,0.7851434946060181,0.6090266704559326,-0.30207115411758423,0.2423863708972931,0.6079462766647339,-0.2582364082336426,0.6933851838111877,0.6785885691642761,-0.7934719920158386,0.2621138095855713,0.676647961139679,-0.7168798446655273,0.6894576549530029,0.6786011457443237,-0.9025071263313293,0.26794615387916565,0.7109893560409546,-0.8215688467025757,0.6489876508712769,0.6370483636856079,-0.919296383857727,0.28670814633369446,0.6652626395225525,-0.8475903272628784,0.6426189541816711,0.6437461972236633,-0.8081547021865845,0.29654327034950256,0.6555991768836975,-0.7404701709747314,0.598391592502594,0.8481037616729736,0.015653369948267937,0.4239174723625183,0.8454623818397522,-0.016165312379598618,0.8001227378845215,0.8716051578521729,-0.26091599464416504,0.291134238243103,1.0031754970550537,-0.32093530893325806,0.569065511226654,1.2512266635894775,-0.26594364643096924,0.42888736724853516,1.3514353036880493,-0.08373858034610748,0.532944917678833,1.2888063192367554,-0.2737957239151001,0.4557502865791321,1.3856364488601685,-0.05869666486978531,0.5063929557800293,1.3654816150665283,-0.4487953782081604,0.4712827205657959,1.5056564807891846,-0.20389775931835175
frame_00026.jpg,0.5428985357284546,0.20136818289756775,-0.44211992621421814,0.5675286054611206,0.16034044325351715,-0.39590299129486084,0.5847330093383789,0.16205614805221558,-0.3964745104312897,0.5994365811347961,0.16371652483940125,-0.39641016721725464,0.5240780711174011,0.15401263535022736,-0.3988686203956604,0.5107225775718689,0.15155348181724548,-0.39940884709358215,0.4995107650756836,0.14944307506084442,-0.3996555507183075,0.6152392625808716,0.18179355561733246,-0.14637768268585205,0.4850143790245056,0.16897256672382355,-0.16081415116786957,0.5702625513076782,0.2468203604221344,-0.34592586755752563,0.5177417993545532,0.2408013641834259,-0.35412144660949707,0.6679195761680603,0.3972775638103485,-0.07644792646169662,0.39292365312576294,0.38070595264434814,-0.05833972617983818,0.7821244597434998,0.6077397465705872,-0.2784523367881775,0.24260202050209045,0.6053232550621033,-0.24721252918243408,0.7058262228965759,0.6690817475318909,-0.765410840511322,0.2634415924549103,0.6712767481803894,-0.7283262610435486,0.7100822329521179,0.679032564163208,-0.8741490244865417,0.269218385219574,0.7075658440589905,-0.834387481212616,0.6736446022987366,0.6337106823921204,-0.895723819732666,0.29303306341171265,0.6651118993759155,-0.8643329739570618,0.6640373468399048,0.6345617771148682,-0.7828302383422852,0.3006526231765747,0.655211865901947,-0.7534273266792297,0.5940666794776917,0.8468891382217407,0.016865944489836693,0.423297643661499,0.8452028632164001,-0.017378665506839752,0.8138157725334167,0.847683846950531,-0.2637331187725067,0.2519318759441376,0.8403456807136536,-0.34143149852752686,0.525166928768158,1.0989189147949219,-0.26622551679611206,0.42872270941734314,1.1079083681106567,-0.15189813077449799,0.47793927788734436,1.1152418851852417,-0.27203369140625,0.45559024810791016,1.1259876489639282,-0.12441366910934448,0.44880837202072144,1.175633192062378,-0.41858038306236267,0.48739591240882874,1.2132847309112549,-0.2191464602947235
frame_00027.jpg,0.5429561138153076,0.20078463852405548,-0.5497958660125732,0.5674639940261841,0.16005684435367584,-0.501855194568634,0.5845870971679688,0.16190488636493683,-0.5024887919425964,0.5992984175682068,0.16362079977989197,-0.5024414658546448,0.5242935419082642,0.15302833914756775,-0.5041568279266357,0.510935366153717,0.1504564732313156,-0.504754900932312,0.49979647994041443,0.1484839916229248,-0.5050010085105896,0.6153796911239624,0.1814436912536621,-0.23892565071582794,0.48528772592544556,0.1678948849439621,-0.24929530918598175,0.5700889229774475,0.2465675324201584,-0.44866809248924255,0.5177701711654663,0.24023151397705078,-0.45559877157211304,0.667497992515564,0.3943517506122589,-0.15882180631160736,0.39311668276786804,0.3789565861225128,-0.12725841999053955,0.7765359878540039,0.5948018431663513,-0.3623001277446747,0.24850861728191376,0.5984459519386292,-0.3031439781188965,0.7286344766616821,0.647746741771698,-0.8499695062637329,0.2704036831855774,0.66693115234375,-0.7768908739089966,0.7392311096191406,0.6761205196380615,-0.9629036784172058,0.2704865336418152,0.7053626775741577,-0.8756729364395142,0.6994215250015259,0.6278486251831055,-0.9919527769088745,0.2993270754814148,0.6650648713111877,-0.9213406443595886,0.6878266334533691,0.6235452890396118,-0.8722394704818726,0.30635666847229004,0.6551140546798706,-0.8073722124099731,0.5898309350013733,0.8409188389778137,0.012128871865570545,0.4199344217777252,0.8364118337631226,-0.012675754725933075,0.8041235208511353,0.8531274199485779,-0.24949996173381805,0.2395574301481247,0.8285996913909912,-0.3224814236164093,0.5020129084587097,1.0835039615631104,-0.16285185515880585,0.4194785952568054,1.0769072771072388,-0.056570105254650116,0.4539526402950287,1.093993902206421,-0.15312671661376953,0.4494132995605469,1.0928388833999634,-0.020211730152368546,0.43242043256759644,1.1778512001037598,-0.2597087323665619,0.4666394591331482,1.1981260776519775,-0.07233954221010208
frame_00028.jpg,0.5428735017776489,0.20081809163093567,-0.5456608533859253,0.5674301385879517,0.15999425947666168,-0.49820512533187866,0.5844710469245911,0.1619306355714798,-0.4988406300544739,0.5991896390914917,0.16373057663440704,-0.4988324046134949,0.524343729019165,0.15266479551792145,-0.49819740653038025,0.5111134648323059,0.15002475678920746,-0.4988706707954407,0.5001474618911743,0.1481276899576187,-0.4991641938686371,0.61563640832901,0.181625634431839,-0.23675771057605743,0.4861737787723541,0.1675007939338684,-0.2391619235277176,0.5699611902236938,0.24670544266700745,-0.44549256563186646,0.517694890499115,0.24021805822849274,-0.4488726556301117,0.6674349308013916,0.39439553022384644,-0.1548835188150406,0.3939111828804016,0.3777969181537628,-0.12588965892791748,0.7704638838768005,0.5958478450775146,-0.3524058759212494,0.24897697567939758,0.5985569357872009,-0.2982105016708374,0.736436128616333,0.6523734331130981,-0.8427279591560364,0.2744540870189667,0.6653738617897034,-0.7820117473602295,0.752782940864563,0.6767451763153076,-0.9559385180473328,0.2741469442844391,0.7043970823287964,-0.8858232498168945,0.7193375825881958,0.6271043419837952,-0.9894527196884155,0.30262038111686707,0.6637551784515381,-0.924034595489502,0.7000452280044556,0.623129665851593,-0.8669676780700684,0.3085964024066925,0.6505886912345886,-0.8102527856826782,0.5879403352737427,0.8377052545547485,0.010695054195821285,0.4195278286933899,0.8319987058639526,-0.011238208040595055,0.8005115389823914,0.856474757194519,-0.27771270275115967,0.22825443744659424,0.8242999315261841,-0.335744708776474,0.5078593492507935,1.0972963571548462,-0.18662366271018982,0.42284566164016724,1.0979312658309937,-0.08539611846208572,0.46297723054885864,1.1030405759811401,-0.1741666942834854,0.4546847939491272,1.114910364151001,-0.04474186152219772,0.43469157814979553,1.1956074237823486,-0.2888597548007965,0.4734559655189514,1.2248562574386597,-0.1474943906068802
frame_00029.jpg,0.5433961749076843,0.2008967250585556,-0.48598942160606384,0.5680334568023682,0.15997260808944702,-0.44523388147354126,0.5848725438117981,0.16191866993904114,-0.4458410143852234,0.599578320980072,0.1638130098581314,-0.44582676887512207,0.5251724123954773,0.152772456407547,-0.444425493478775,0.511919379234314,0.15013980865478516,-0.4450737535953522,0.5010352730751038,0.14822545647621155,-0.4454033374786377,0.6172612309455872,0.18177177011966705,-0.20851123332977295,0.48723268508911133,0.1672755926847458,-0.20623791217803955,0.5708918571472168,0.24716120958328247,-0.3939327597618103,0.5184792876243591,0.24025683104991913,-0.39710038900375366,0.6688866019248962,0.39557820558547974,-0.1516549289226532,0.39646220207214355,0.37678229808807373,-0.10160372406244278,0.7708142995834351,0.5965251326560974,-0.34826838970184326,0.2531086802482605,0.5966559648513794,-0.28350168466567993,0.7405195236206055,0.6698017120361328,-0.80540931224823,0.27591028809547424,0.6644195914268494,-0.7542752027511597,0.7561895251274109,0.6888163089752197,-0.9071123003959656,0.2774319052696228,0.7022018432617188,-0.8547757267951965,0.7297596335411072,0.644776463508606,-0.9358735084533691,0.30523020029067993,0.6625292897224426,-0.8831766843795776,0.7065654993057251,0.6419543623924255,-0.8258787393569946,0.31253582239151,0.6490567922592163,-0.7786197066307068,0.5880557298660278,0.8386054635047913,0.004422406665980816,0.41999682784080505,0.8319385051727295,-0.004960837308317423,0.7930352091789246,0.9497461915016174,-0.32482001185417175,0.2211630642414093,0.8140128254890442,-0.3412124514579773,0.5126014947891235,1.1175742149353027,-0.25024527311325073,0.4234631061553955,1.1272614002227783,-0.20200201869010925,0.47074180841445923,1.1252366304397583,-0.23554685711860657,0.4584333002567291,1.148806095123291,-0.17815177142620087,0.43298545479774475,1.2016122341156006,-0.3426404595375061,0.4755496382713318,1.2526047229766846,-0.2576920986175537
frame_00030.jpg,0.5455338358879089,0.20097403228282928,-0.5141788721084595,0.5704919099807739,0.15960215032100677,-0.47182607650756836,0.5875794887542725,0.16175705194473267,-0.4724133610725403,0.6024437546730042,0.16385714709758759,-0.4723326563835144,0.5274708271026611,0.1518591344356537,-0.4678575396537781,0.5135945677757263,0.14901955425739288,-0.46852007508277893,0.5023844242095947,0.14689584076404572,-0.46886616945266724,0.6202017664909363,0.1818922609090805,-0.22789645195007324,0.4880501329898834,0.1658875048160553,-0.2131333351135254,0.5733429193496704,0.24746744334697723,-0.4201328158378601,0.5196357369422913,0.2404724657535553,-0.41948404908180237,0.6752762198448181,0.39560794830322266,-0.1564446985721588,0.39899665117263794,0.3765525817871094,-0.10028810799121857,0.7708909511566162,0.5930152535438538,-0.33190321922302246,0.25746339559555054,0.5931385159492493,-0.2737959027290344,0.7344808578491211,0.7023592591285706,-0.7505745887756348,0.27510154247283936,0.6642354130744934,-0.7309688925743103,0.7496316432952881,0.7136343717575073,-0.8488785028457642,0.27674975991249084,0.7009800672531128,-0.8323208689689636,0.7157548666000366,0.6917701363563538,-0.8807662725448608,0.30449774861335754,0.6622548699378967,-0.8619548082351685,0.7007648944854736,0.6888344883918762,-0.7710614204406738,0.3118364214897156,0.6492222547531128,-0.7557551860809326,0.5925105214118958,0.8343686461448669,0.0010043360525742173,0.42086106538772583,0.8258420825004578,-0.0015362888807430863,0.7861914038658142,0.954011082649231,-0.2867995500564575,0.22828681766986847,0.8216426968574524,-0.347800612449646,0.552496075630188,1.141400933265686,-0.12285149097442627,0.402759313583374,1.15923011302948,-0.13171455264091492,0.5181297063827515,1.152967095375061,-0.1081295982003212,0.43416181206703186,1.1891735792160034,-0.10048647224903107,0.48005956411361694,1.2655460834503174,-0.24664542078971863,0.4214579463005066,1.3257871866226196,-0.19918376207351685
frame_00031.jpg,0.5503997802734375,0.19971507787704468,-0.6195895671844482,0.5737437009811401,0.15834897756576538,-0.5660402774810791,0.5908451676368713,0.16052085161209106,-0.5666353702545166,0.6061343550682068,0.16267505288124084,-0.566537082195282,0.5319342613220215,0.15017959475517273,-0.5675668120384216,0.5175143480300903,0.14706119894981384,-0.5681506395339966,0.5058397650718689,0.14459410309791565,-0.5684396028518677,0.623170018196106,0.17979568243026733,-0.2810802459716797,0.49091577529907227,0.1627682000398636,-0.288102388381958,0.5764518976211548,0.24617058038711548,-0.5114172101020813,0.5237473249435425,0.23925451934337616,-0.5177741646766663,0.6779862642288208,0.39442774653434753,-0.17369399964809418,0.3999195694923401,0.376247376203537,-0.15449894964694977,0.7711464166641235,0.5736395716667175,-0.38221561908721924,0.25986817479133606,0.5869073867797852,-0.3704064190387726,0.7494990825653076,0.6999577879905701,-0.8781548738479614,0.2593708634376526,0.6609944105148315,-0.8787158131599426,0.7737367153167725,0.7130364775657654,-0.9911845922470093,0.2594481408596039,0.6995334029197693,-0.9973194003105164,0.7402847409248352,0.682226836681366,-1.026763916015625,0.28253334760665894,0.651254415512085,-1.0331284999847412,0.7186726331710815,0.6818915605545044,-0.9029426574707031,0.29114821553230286,0.6403505802154541,-0.9079872369766235,0.5922927856445312,0.8333336710929871,0.011232604272663593,0.4215582311153412,0.8234100341796875,-0.011757798492908478,0.7685772776603699,0.9746056199073792,-0.25245481729507446,0.25037604570388794,0.8288024663925171,-0.5066513419151306,0.5923113226890564,1.2169897556304932,0.002934118267148733,0.3718140721321106,1.2203549146652222,-0.17794662714004517,0.5580434203147888,1.2462337017059326,0.02137955278158188,0.3913087248802185,1.2631876468658447,-0.14340011775493622,0.5608373284339905,1.3671696186065674,-0.1269252896308899,0.37642809748649597,1.3939518928527832,-0.26904866099357605
frame_00032.jpg,0.5516829490661621,0.19882409274578094,-0.6705614924430847,0.5750691294670105,0.15762217342853546,-0.6204949617385864,0.5922982692718506,0.15986837446689606,-0.6211096048355103,0.6074792146682739,0.16208359599113464,-0.62102872133255,0.5331693291664124,0.14864303171634674,-0.6229102611541748,0.518786609172821,0.14545464515686035,-0.6235064268112183,0.5072540044784546,0.14310245215892792,-0.6238113045692444,0.6246777176856995,0.17828939855098724,-0.3379163146018982,0.4920423626899719,0.161295086145401,-0.3496941924095154,0.5778436064720154,0.2456233650445938,-0.5621792078018188,0.5246760845184326,0.23883479833602905,-0.5694868564605713,0.6788851022720337,0.3928675055503845,-0.21766901016235352,0.40006381273269653,0.3758622705936432,-0.2059284746646881,0.770793080329895,0.567547619342804,-0.4218595027923584,0.25833144783973694,0.5853955745697021,-0.42952102422714233,0.7561937570571899,0.6989677548408508,-0.9303491711616516,0.25089651346206665,0.6499355435371399,-0.9747961163520813,0.7812871932983398,0.7087582945823669,-1.047292709350586,0.2490944117307663,0.689746081829071,-1.0979477167129517,0.7526525855064392,0.6814485788345337,-1.0850709676742554,0.27539244294166565,0.6421505212783813,-1.1351664066314697,0.7302277088165283,0.6810744404792786,-0.9564809799194336,0.2851559817790985,0.6334567666053772,-1.0048469305038452,0.5950545072555542,0.8280348181724548,0.012880404479801655,0.4253256320953369,0.8202289938926697,-0.013418039306998253,0.7858402729034424,0.9572365283966064,-0.30544140934944153,0.2501029670238495,0.8233453035354614,-0.49812713265419006,0.5864527225494385,1.1932871341705322,-0.09424977749586105,0.3800639510154724,1.1837553977966309,-0.18512235581874847,0.5469162464141846,1.216330885887146,-0.07932308316230774,0.40366849303245544,1.2231463193893433,-0.15079477429389954,0.545240581035614,1.3456649780273438,-0.234212726354599,0.40056389570236206,1.3535759449005127,-0.28120750188827515
frame_00033.jpg,0.5538370013237,0.19731470942497253,-0.6858865022659302,0.5762566328048706,0.15651880204677582,-0.6383422613143921,0.5935655832290649,0.15871265530586243,-0.6389722228050232,0.6087218523025513,0.16082879900932312,-0.638898491859436,0.5345606207847595,0.14773640036582947,-0.6399030685424805,0.5202676057815552,0.14475242793560028,-0.6405003070831299,0.5088058710098267,0.14262452721595764,-0.6407960653305054,0.6255975365638733,0.17568913102149963,-0.36366233229637146,0.49349111318588257,0.16040250658988953,-0.3708958625793457,0.5800013542175293,0.24353577196598053,-0.579971969127655,0.5270557999610901,0.2374049723148346,-0.5859168171882629,0.680325448513031,0.3904860317707062,-0.2592456042766571,0.4007853865623474,0.37444791197776794,-0.2281280755996704,0.7699725031852722,0.5617809295654297,-0.474980890750885,0.26165270805358887,0.5785810351371765,-0.45275282859802246,0.7573848962783813,0.6962215900421143,-0.9841936826705933,0.25135213136672974,0.6265591382980347,-0.9839644432067871,0.7833875417709351,0.7073938250541687,-1.10063636302948,0.243788480758667,0.6621840000152588,-1.1021382808685303,0.7570728659629822,0.6762151718139648,-1.1391632556915283,0.274784654378891,0.6256570816040039,-1.1387879848480225,0.7342740297317505,0.67626953125,-1.010643720626831,0.2869531512260437,0.6194506883621216,-1.0135606527328491,0.595029890537262,0.8252219557762146,0.010044218972325325,0.4251963198184967,0.8136146068572998,-0.010584624484181404,0.775890588760376,0.9729427695274353,-0.3579851984977722,0.24916663765907288,0.8256133198738098,-0.45932140946388245,0.5541104078292847,1.1675238609313965,-0.15399475395679474,0.3915646970272064,1.1784600019454956,-0.17770805954933167,0.5126105546951294,1.1800817251205444,-0.13212773203849792,0.41929537057876587,1.2137011289596558,-0.14580115675926208,0.5021889805793762,1.297942042350769,-0.25537437200546265,0.4046454429626465,1.3412182331085205,-0.25629889965057373
frame_00034.jpg,0.5557593107223511,0.19652488827705383,-0.5617352724075317,0.5778297185897827,0.15602807700634003,-0.5131672620773315,0.5949132442474365,0.1580737978219986,-0.513738214969635,0.6097346544265747,0.16000324487686157,-0.5136290192604065,0.5362029075622559,0.1473861187696457,-0.5126214027404785,0.5219064950942993,0.1443820297718048,-0.5132327675819397,0.5105410218238831,0.14225754141807556,-0.5135155320167542,0.6263719201087952,0.17377491295337677,-0.2431052029132843,0.49478068947792053,0.15953804552555084,-0.2424854338169098,0.5810434818267822,0.24224810302257538,-0.4576767385005951,0.5290413498878479,0.23582544922828674,-0.46130022406578064,0.6811122894287109,0.386922687292099,-0.15968559682369232,0.40339064598083496,0.3709736168384552,-0.11381944268941879,0.7695881128311157,0.5585368275642395,-0.35482099652290344,0.2696611285209656,0.5658398866653442,-0.3242754340171814,0.7587932348251343,0.6950047016143799,-0.8247717022895813,0.25150221586227417,0.6070202589035034,-0.8413017988204956,0.7811849117279053,0.7059242129325867,-0.9302016496658325,0.23558452725410461,0.6341639161109924,-0.949745774269104,0.7561079859733582,0.6744006872177124,-0.9682245254516602,0.2724456489086151,0.6080323457717896,-0.9902912974357605,0.734461784362793,0.6730049252510071,-0.8500996828079224,0.2876390814781189,0.6054458618164062,-0.872417151927948,0.5945698022842407,0.8228533864021301,0.006455606315284967,0.4251176714897156,0.8091328144073486,-0.007000123616307974,0.7762580513954163,0.9631518721580505,-0.33988091349601746,0.24078992009162903,0.812771201133728,-0.44628286361694336,0.5459899306297302,1.1383248567581177,-0.15010711550712585,0.3972926735877991,1.1126759052276611,-0.17687806487083435,0.5026581287384033,1.1510816812515259,-0.13296067714691162,0.431318998336792,1.1373471021652222,-0.14002713561058044,0.4919130802154541,1.2525702714920044,-0.25420039892196655,0.4092455804347992,1.2497806549072266,-0.21452276408672333
frame_00035.jpg,0.5552997589111328,0.19598498940467834,-0.544638454914093,0.5776174664497375,0.15592513978481293,-0.496835857629776,0.5947216749191284,0.15799133479595184,-0.49741673469543457,0.6096760630607605,0.15989640355110168,-0.4973260760307312,0.5360375642776489,0.14719358086585999,-0.49564066529273987,0.5221028923988342,0.14417441189289093,-0.4962281286716461,0.5107886791229248,0.14210690557956696,-0.496518611907959,0.6262415647506714,0.1739373505115509,-0.23330597579479218,0.49473676085472107,0.15964393317699432,-0.2294362336397171,0.5809920430183411,0.24144460260868073,-0.4430374503135681,0.5287569165229797,0.23452122509479523,-0.445803165435791,0.6809773445129395,0.38421112298965454,-0.15386423468589783,0.4033907353878021,0.3705178499221802,-0.10015495866537094,0.7664596438407898,0.5490496158599854,-0.3381926119327545,0.2705681324005127,0.5650767087936401,-0.30476564168930054,0.7551060914993286,0.6910189986228943,-0.7913066744804382,0.25571340322494507,0.6029945015907288,-0.7968971133232117,0.774826169013977,0.7037298679351807,-0.8952231407165527,0.23848161101341248,0.6225080490112305,-0.9019379615783691,0.748825192451477,0.6740737557411194,-0.9287310838699341,0.27694278955459595,0.5958293080329895,-0.9336088299751282,0.7278304100036621,0.6699655055999756,-0.8140138387680054,0.29194968938827515,0.5931468605995178,-0.8237484693527222,0.6014573574066162,0.8207541704177856,0.00245225359685719,0.42874082922935486,0.8104963302612305,-0.002999077783897519,0.7938116788864136,0.9617024064064026,-0.31016939878463745,0.23738911747932434,0.8135142922401428,-0.40393346548080444,0.5694929361343384,1.128105640411377,-0.12943528592586517,0.39779824018478394,1.1071094274520874,-0.11044941842556,0.5284902453422546,1.14224112033844,-0.1133602038025856,0.4331431984901428,1.1300405263900757,-0.07317238301038742,0.510403037071228,1.2393468618392944,-0.23905189335346222,0.4150746762752533,1.2414976358413696,-0.14595399796962738
frame_00036.jpg,0.555141270160675,0.19600419700145721,-0.6484619379043579,0.5782028436660767,0.15601791441440582,-0.6009928584098816,0.5948213338851929,0.15824921429157257,-0.601616621017456,0.6096369624137878,0.16052645444869995,-0.6015191674232483,0.5371696352958679,0.1472216248512268,-0.5990077257156372,0.5234379768371582,0.14406685531139374,-0.5995880961418152,0.5121901631355286,0.14180497825145721,-0.5999142527580261,0.6270881295204163,0.17544883489608765,-0.3322969079017639,0.49566274881362915,0.15920792520046234,-0.3248591125011444,0.5806626081466675,0.2415156364440918,-0.5446051955223083,0.5285940766334534,0.23373013734817505,-0.5465683341026306,0.6810106039047241,0.3833422064781189,-0.22485463321208954,0.4060409963130951,0.36644449830055237,-0.16794174909591675,0.7665643095970154,0.5488827228546143,-0.43349161744117737,0.26941391825675964,0.5661599636077881,-0.39997535943984985,0.7603874802589417,0.6840341687202454,-0.9234879612922668,0.2641963064670563,0.5548559427261353,-0.9271252751350403,0.7803203463554382,0.7009363174438477,-1.0362104177474976,0.25900813937187195,0.5466550588607788,-1.04935622215271,0.7508472204208374,0.6690931916236877,-1.0683281421661377,0.29654839634895325,0.5112236142158508,-1.0694727897644043,0.7305216789245605,0.663468599319458,-0.946297287940979,0.3101364076137543,0.5220087766647339,-0.9508444666862488,0.5998958349227905,0.8207247853279114,0.0038592417258769274,0.42878279089927673,0.8093305230140686,-0.004331801552325487,0.7748036980628967,0.9758972525596619,-0.18523117899894714,0.2450471818447113,0.8141511678695679,-0.4934230446815491,0.6358639001846313,1.1991735696792603,0.1509198248386383,0.321200430393219,1.159627079963684,-0.14714500308036804,0.607757031917572,1.2306809425354004,0.17656520009040833,0.34244102239608765,1.2064579725265503,-0.11030548810958862,0.6115678548812866,1.324689269065857,0.026978489011526108,0.309708833694458,1.313002347946167,-0.2472178041934967
frame_00037.jpg,0.5549468994140625,0.19621829688549042,-0.8342318534851074,0.5783154964447021,0.15620562434196472,-0.7848007082939148,0.5946857333183289,0.15835648775100708,-0.7854686975479126,0.6094574332237244,0.16057924926280975,-0.7853962182998657,0.537124514579773,0.1474350541830063,-0.7838355302810669,0.523490309715271,0.14414770901203156,-0.7843884229660034,0.512273907661438,0.14182376861572266,-0.7847166061401367,0.6270952224731445,0.1756044179201126,-0.4842522144317627,0.49556031823158264,0.15929202735424042,-0.4807090163230896,0.5805500745773315,0.2421964555978775,-0.7165534496307373,0.5284324884414673,0.23378537595272064,-0.7195691466331482,0.6809462904930115,0.3775992691516876,-0.3346152901649475,0.4057525098323822,0.36550644040107727,-0.2905372381210327,0.764121413230896,0.5393679738044739,-0.567221462726593,0.2515720725059509,0.5716611742973328,-0.571589469909668,0.7605636715888977,0.6648665070533752,-1.1208325624465942,0.27104252576828003,0.5547438859939575,-1.1789060831069946,0.7791234850883484,0.6879313588142395,-1.2506309747695923,0.2709425091743469,0.5380815863609314,-1.322988748550415,0.7510508298873901,0.6472634673118591,-1.2871582508087158,0.3082123100757599,0.49714431166648865,-1.3417813777923584,0.7302063703536987,0.6356216073036194,-1.147106409072876,0.3238423466682434,0.5092502236366272,-1.203965425491333,0.5995956063270569,0.8204715251922607,0.004508768208324909,0.4287671446800232,0.8093551993370056,-0.004931912291795015,0.7720235586166382,0.9804521799087524,-0.2310558259487152,0.2459869682788849,0.8175339102745056,-0.5294015407562256,0.6591500043869019,1.222665786743164,0.11175628006458282,0.31992217898368835,1.2041325569152832,-0.15590736269950867,0.6327692270278931,1.259455919265747,0.1380656659603119,0.34060001373291016,1.2571816444396973,-0.11967019736766815,0.6416894197463989,1.3443281650543213,-0.04138815775513649,0.3087192177772522,1.3463475704193115,-0.29287397861480713
frame_00038.jpg,0.554689347743988,0.19666147232055664,-0.7460220456123352,0.5782259106636047,0.15645524859428406,-0.7222402691841125,0.5944489240646362,0.15848864614963531,-0.7229101061820984,0.6088115572929382,0.16066089272499084,-0.7228125333786011,0.537016749382019,0.14774800837039948,-0.7280725240707397,0.5233395099639893,0.14440147578716278,-0.7286485433578491,0.5121313333511353,0.14204524457454681,-0.7289159893989563,0.627029299736023,0.17570717632770538,-0.3884907364845276,0.49517685174942017,0.15971739590168,-0.37375134229660034,0.5800029039382935,0.2428969442844391,-0.6721636056900024,0.5281988382339478,0.23380888998508453,-0.6849845051765442,0.680663526058197,0.3714364767074585,-0.21729299426078796,0.40507540106773376,0.36519184708595276,-0.18795368075370789,0.762319028377533,0.5392683148384094,-0.49796828627586365,0.23883800208568573,0.5723470449447632,-0.562956690788269,0.7587933540344238,0.660866916179657,-0.9966243505477905,0.27283647656440735,0.571853756904602,-1.012757658958435,0.7771604657173157,0.6816065907478333,-1.1146080493927002,0.2802417278289795,0.5713964104652405,-1.1372700929641724,0.7495562434196472,0.6382443904876709,-1.1476542949676514,0.3138812184333801,0.5320864915847778,-1.1627297401428223,0.7284359335899353,0.6265503764152527,-1.0200111865997314,0.3252688944339752,0.5382716655731201,-1.0387992858886719,0.6020005941390991,0.8202306628227234,0.007037227042019367,0.4290061593055725,0.8097136616706848,-0.007463198155164719,0.7794631123542786,0.9733413457870483,-0.2536866068840027,0.24435463547706604,0.8182228207588196,-0.5367593765258789,0.675116777420044,1.2125283479690552,0.033230509608983994,0.2757706046104431,1.2027058601379395,-0.19285553693771362,0.6451517343521118,1.247399091720581,0.05460943654179573,0.29262930154800415,1.2541345357894897,-0.16074882447719574,0.662791907787323,1.3317770957946777,-0.12358536571264267,0.2506762444972992,1.3430935144424438,-0.3377065062522888
frame_00039.jpg,0.5546072125434875,0.19742737710475922,-0.7860020399093628,0.5782249569892883,0.15697479248046875,-0.7410025596618652,0.5943412780761719,0.15901921689510345,-0.7416282892227173,0.6086972951889038,0.16128093004226685,-0.7415262460708618,0.5370734333992004,0.14839763939380646,-0.7431403994560242,0.5234647989273071,0.14496006071567535,-0.7437291741371155,0.512100338935852,0.14244864881038666,-0.7440153360366821,0.6269659996032715,0.17679134011268616,-0.44833463430404663,0.49514690041542053,0.16003476083278656,-0.4570721685886383,0.5797940492630005,0.24401229619979858,-0.6756590008735657,0.5281425714492798,0.2339102327823639,-0.6834530830383301,0.6796976327896118,0.36675313115119934,-0.2992118299007416,0.4043298363685608,0.36378467082977295,-0.27989453077316284,0.7623685598373413,0.531818151473999,-0.531670868396759,0.22571611404418945,0.567639946937561,-0.5021501779556274,0.7581430673599243,0.6598667502403259,-1.069675087928772,0.2723465859889984,0.6056230068206787,-0.9876462817192078,0.7754000425338745,0.6805324554443359,-1.1988122463226318,0.28460851311683655,0.6421336531639099,-1.1121342182159424,0.7484288811683655,0.6385615468025208,-1.2338669300079346,0.31747862696647644,0.5980652570724487,-1.138986349105835,0.7252665758132935,0.6285912990570068,-1.0953980684280396,0.3229844570159912,0.5818111896514893,-1.012711524963379,0.6019102334976196,0.8143018484115601,0.014171664603054523,0.42959076166152954,0.8029215335845947,-0.014583421871066093,0.777999997138977,0.9711685180664062,-0.21815526485443115,0.24582982063293457,0.8190962076187134,-0.5303052663803101,0.6703355312347412,1.2135344743728638,0.14565549790859222,0.3038391172885895,1.2016675472259521,-0.1867503523826599,0.6417277455329895,1.2478044033050537,0.17233601212501526,0.32353436946868896,1.2510420083999634,-0.15481789410114288,0.6565629839897156,1.3347054719924927,-0.005995481740683317,0.2911219596862793,1.3450335264205933,-0.3291780948638916
frame_00040.jpg,0.5545861124992371,0.19944384694099426,-0.7949442267417908,0.5787926912307739,0.15869314968585968,-0.7509299516677856,0.594680666923523,0.16094893217086792,-0.7515515089035034,0.608716607093811,0.16342735290527344,-0.7514193058013916,0.5386264324188232,0.15047426521778107,-0.749058723449707,0.5250090956687927,0.147238090634346,-0.7496768236160278,0.5132442712783813,0.14449121057987213,-0.7499953508377075,0.6274424195289612,0.17956382036209106,-0.474250465631485,0.4955196976661682,0.16104206442832947,-0.4680047631263733,0.5796608328819275,0.24608556926250458,-0.6865975260734558,0.5281779170036316,0.2347346842288971,-0.6890669465065002,0.6795662641525269,0.3672809302806854,-0.3333267867565155,0.40427541732788086,0.3634454309940338,-0.3023240566253662,0.7613743543624878,0.5259971618652344,-0.572575032711029,0.22015094757080078,0.5597034096717834,-0.4986306130886078,0.7575160264968872,0.6585742831230164,-1.0900828838348389,0.2721560299396515,0.6320614218711853,-0.9813904762268066,0.776826024055481,0.6796367764472961,-1.2153823375701904,0.28193411231040955,0.6757299304008484,-1.1070078611373901,0.7467708587646484,0.6389378309249878,-1.2513024806976318,0.315354585647583,0.6408395767211914,-1.1338011026382446,0.7243245840072632,0.629444420337677,-1.1155792474746704,0.3218490481376648,0.6257862448692322,-1.0063587427139282,0.6016283631324768,0.8150198459625244,0.016099393367767334,0.42906832695007324,0.8034385442733765,-0.016534041613340378,0.7331681847572327,1.0273030996322632,-0.1038164272904396,0.26556161046028137,0.871097981929779,-0.48718613386154175,0.6502553820610046,1.2827377319335938,0.29855477809906006,0.29822367429733276,1.2540967464447021,-0.1832069307565689,0.6241936683654785,1.3172757625579834,0.3280319571495056,0.31046539545059204,1.30583655834198,-0.14907492697238922,0.6250399351119995,1.4156140089035034,0.15757831931114197,0.29174163937568665,1.3957270383834839,-0.3357813060283661
frame_00041.jpg,0.5545316934585571,0.20188577473163605,-0.8257434964179993,0.5802503824234009,0.16077454388141632,-0.7753454446792603,0.5960614085197449,0.1630501002073288,-0.7759475708007812,0.6098383069038391,0.16574257612228394,-0.775840699672699,0.5406251549720764,0.15424911677837372,-0.7750937342643738,0.5271454453468323,0.1515870988368988,-0.775695264339447,0.515423595905304,0.14856554567813873,-0.7760310173034668,0.629213273525238,0.18277953565120697,-0.4696415960788727,0.49729427695274353,0.16249080002307892,-0.4692353308200836,0.5795085430145264,0.24892356991767883,-0.706150233745575,0.5286179184913635,0.2360093891620636,-0.7099353075027466,0.6811925172805786,0.3680610656738281,-0.31567949056625366,0.40517792105674744,0.36226052045822144,-0.29653283953666687,0.7615252733230591,0.5315665602684021,-0.6054564714431763,0.22385211288928986,0.5494470000267029,-0.5626453757286072,0.7588822841644287,0.6543319821357727,-1.2292524576187134,0.27113673090934753,0.61603182554245,-1.1666653156280518,0.7834456562995911,0.6611615419387817,-1.376117467880249,0.26931408047676086,0.6568552255630493,-1.3141523599624634,0.7538686990737915,0.608451247215271,-1.4152085781097412,0.3144626021385193,0.6386148929595947,-1.342655897140503,0.729782223701477,0.6095606088638306,-1.2600431442260742,0.3213668465614319,0.6231041550636292,-1.1953606605529785,0.6015449166297913,0.8151056170463562,0.014279922470450401,0.4293751120567322,0.8028218746185303,-0.014752911403775215,0.7400495409965515,1.0088413953781128,-0.35967904329299927,0.26419389247894287,0.8492503762245178,-0.5043362379074097,0.6125223636627197,1.261756181716919,-0.0850963294506073,0.3078273832798004,1.2374608516693115,-0.18215282261371613,0.5836516618728638,1.2891038656234741,-0.06940251588821411,0.324493944644928,1.2867928743362427,-0.14754579961299896,0.5795390009880066,1.405907154083252,-0.3004331588745117,0.2990858256816864,1.379888653755188,-0.33648139238357544
frame_00042.jpg,0.5545656681060791,0.20310136675834656,-0.6257510781288147,0.5804997682571411,0.1621302217245102,-0.5762396454811096,0.5960938334465027,0.16429820656776428,-0.5767785310745239,0.6097670793533325,0.16698597371578217,-0.5766898393630981,0.5412445664405823,0.15600420534610748,-0.5796080827713013,0.5277602672576904,0.1536494344472885,-0.5801857709884644,0.5158241391181946,0.15073691308498383,-0.5804592370986938,0.629209578037262,0.18428702652454376,-0.2812533676624298,0.4973672032356262,0.1643618494272232,-0.29688185453414917,0.57945716381073,0.2500799298286438,-0.5093225836753845,0.528757631778717,0.2369426041841507,-0.5176922678947449,0.6812919974327087,0.37046584486961365,-0.15603633224964142,0.40515103936195374,0.36233946681022644,-0.17150810360908508,0.7621896266937256,0.5492368340492249,-0.4093320965766907,0.22464466094970703,0.5519042611122131,-0.4232725203037262,0.7582733631134033,0.6515167355537415,-0.981468677520752,0.27107149362564087,0.6105965375900269,-0.9860460162162781,0.7818252444267273,0.6604525446891785,-1.1063841581344604,0.2646772265434265,0.6438013911247253,-1.108626365661621,0.7527221441268921,0.6037731170654297,-1.139613389968872,0.309528648853302,0.6340053677558899,-1.1361159086227417,0.7300184965133667,0.6045303344726562,-1.0080381631851196,0.31652024388313293,0.6197035312652588,-1.011008381843567,0.602201521396637,0.8159468770027161,0.01464599184691906,0.4323860704898834,0.8083410263061523,-0.015142157673835754,0.8026041984558105,0.9034836888313293,-0.4437151849269867,0.2477780282497406,0.8188174366950989,-0.4982748031616211,0.527895450592041,1.1068873405456543,-0.38055622577667236,0.4025096297264099,1.131219744682312,-0.24380084872245789,0.48014822602272034,1.1197125911712646,-0.37619897723197937,0.4294058680534363,1.1614062786102295,-0.21466216444969177,0.43953633308410645,1.1819171905517578,-0.5697363615036011,0.44413667917251587,1.2364771366119385,-0.36098676919937134
frame_00043.jpg,0.5548661947250366,0.20416779816150665,-0.5092296004295349,0.5814061760902405,0.16336242854595184,-0.45305830240249634,0.596840500831604,0.16545650362968445,-0.4535818099975586,0.610278308391571,0.16804537177085876,-0.4535031318664551,0.5420456528663635,0.15713851153850555,-0.45947790145874023,0.5284323692321777,0.15477751195430756,-0.46001511812210083,0.5163356065750122,0.15183715522289276,-0.4602680206298828,0.6296897530555725,0.1855858862400055,-0.15039540827274323,0.4977230429649353,0.1652243435382843,-0.18060524761676788,0.5793022513389587,0.2514752149581909,-0.39294105768203735,0.5288622975349426,0.23732134699821472,-0.40537866950035095,0.6812415719032288,0.3728083670139313,-0.0373065359890461,0.40511631965637207,0.36239519715309143,-0.0693674385547638,0.7622719407081604,0.6046927571296692,-0.3016013205051422,0.22515049576759338,0.5576290488243103,-0.3454015851020813,0.7533928751945496,0.6448251605033875,-0.9073249697685242,0.27522578835487366,0.6142890453338623,-0.952743411064148,0.7798935770988464,0.6448729634284973,-1.0411386489868164,0.2671332359313965,0.6472931504249573,-1.0864896774291992,0.7429628372192383,0.5934226512908936,-1.0700451135635376,0.31288355588912964,0.6334436535835266,-1.108032464981079,0.7237177491188049,0.5970081686973572,-0.9326468706130981,0.32296624779701233,0.622025191783905,-0.9763472676277161,0.6020175218582153,0.8162103295326233,0.018746614456176758,0.43429240584373474,0.810670793056488,-0.01932263933122158,0.8133182525634766,0.8774130344390869,-0.41092419624328613,0.24738101661205292,0.8116739988327026,-0.43720269203186035,0.533338189125061,1.0836313962936401,-0.31914523243904114,0.41200870275497437,1.1259453296661377,-0.22533269226551056,0.4857617914676666,1.0953116416931152,-0.31246358156204224,0.43511050939559937,1.156837821006775,-0.20040492713451385,0.4561122953891754,1.1722379922866821,-0.5089577436447144,0.45026612281799316,1.2424213886260986,-0.3509635627269745
frame_00044.jpg,0.5552499294281006,0.20457588136196136,-0.8644386529922485,0.5825187563896179,0.16377289593219757,-0.817481517791748,0.5977593064308167,0.16578318178653717,-0.8181368708610535,0.6111671924591064,0.16829444468021393,-0.8180877566337585,0.543652355670929,0.1581408977508545,-0.8230836987495422,0.5301269292831421,0.15594106912612915,-0.8236769437789917,0.5181570053100586,0.15300996601581573,-0.8240181803703308,0.6305534839630127,0.18607422709465027,-0.5168715715408325,0.4993716776371002,0.16576190292835236,-0.5428656339645386,0.5792132019996643,0.2519865036010742,-0.745529055595398,0.5294971466064453,0.2373354285955429,-0.756872296333313,0.6811993718147278,0.37321534752845764,-0.3387247622013092,0.4050411283969879,0.3624895513057709,-0.3602685034275055,0.764524519443512,0.5935518145561218,-0.606432318687439,0.22513945400714874,0.5604979991912842,-0.6079715490341187,0.7374619841575623,0.6461342573165894,-1.2354258298873901,0.2789914608001709,0.6315297484397888,-1.2116291522979736,0.765449047088623,0.643565833568573,-1.3831720352172852,0.271218478679657,0.6628406643867493,-1.3586256504058838,0.727331280708313,0.5939069986343384,-1.4159200191497803,0.3145490288734436,0.6445349454879761,-1.3865690231323242,0.7057117819786072,0.600957453250885,-1.2623016834259033,0.32593104243278503,0.6360902786254883,-1.2382793426513672,0.5968618392944336,0.8130786418914795,0.023918602615594864,0.4341616630554199,0.7995429635047913,-0.024457495659589767,0.8039339780807495,0.8913471102714539,-0.3386211395263672,0.2508588433265686,0.8168565034866333,-0.4482905864715576,0.5521329045295715,1.1130130290985107,-0.02819654904305935,0.38271456956863403,1.1500201225280762,-0.19614258408546448,0.5092678666114807,1.1330937147140503,-0.006136230658739805,0.39626345038414,1.1956919431686401,-0.17204734683036804,0.4679715037345886,1.2132543325424194,-0.20023569464683533,0.3906324803829193,1.269808053970337,-0.3376155197620392
frame_00045.jpg,0.5552265644073486,0.20676714181900024,-0.7850492000579834,0.5823261737823486,0.16697029769420624,-0.7430700063705444,0.59740149974823,0.16838482022285461,-0.7436105608940125,0.6108526587486267,0.17003263533115387,-0.7434775233268738,0.5433957576751709,0.1613912135362625,-0.7416849732398987,0.5300153493881226,0.15870143473148346,-0.7422691583633423,0.5178712606430054,0.1552768498659134,-0.7424676418304443,0.6305028200149536,0.18685321509838104,-0.4886775016784668,0.49907851219177246,0.16658411920070648,-0.4697000980377197,0.5791504979133606,0.2530931830406189,-0.6770240068435669,0.5294634699821472,0.2390902191400528,-0.6807273626327515,0.6811335682868958,0.3745337426662445,-0.26862049102783203,0.4047916531562805,0.36256369948387146,-0.3480995297431946,0.7683340311050415,0.5941217541694641,-0.5770522952079773,0.2239316999912262,0.5674735307693481,-0.5300642251968384,0.7281314134597778,0.6468518972396851,-1.1151677370071411,0.27865034341812134,0.629803478717804,-1.1009466648101807,0.7467261552810669,0.6406635642051697,-1.2487996816635132,0.2711887061595917,0.6599701642990112,-1.2396905422210693,0.7140827775001526,0.5907004475593567,-1.2839874029159546,0.3142229914665222,0.6379479169845581,-1.2621914148330688,0.697029709815979,0.6019901633262634,-1.1420989036560059,0.3253120183944702,0.6303244829177856,-1.125561237335205,0.5945931673049927,0.8155835270881653,0.023306112736463547,0.4309450089931488,0.8003730773925781,-0.023839114233851433,0.790459930896759,0.8963547945022583,-0.331394761800766,0.25464677810668945,0.8196220993995667,-0.4179896414279938,0.5599334239959717,1.1215838193893433,-0.0770292580127716,0.2766117751598358,1.1551017761230469,-0.13882313668727875,0.5185967683792114,1.1457152366638184,-0.06362463533878326,0.2872583270072937,1.1990725994110107,-0.11419101804494858,0.4875543713569641,1.223778247833252,-0.2775545120239258,0.24936321377754211,1.2802670001983643,-0.30159980058670044
frame_00046.jpg,0.5551968812942505,0.2082643210887909,-0.7704485058784485,0.5822675824165344,0.16892600059509277,-0.7245926260948181,0.5973469614982605,0.17037804424762726,-0.7252070307731628,0.6108020544052124,0.1720590591430664,-0.7250810265541077,0.5432475805282593,0.1631004363298416,-0.7242535948753357,0.5298668146133423,0.16024330258369446,-0.7248379588127136,0.5177462100982666,0.1566944271326065,-0.7251260876655579,0.6305223703384399,0.1890934407711029,-0.4390638470649719,0.49935680627822876,0.16758140921592712,-0.4381245970726013,0.5790572762489319,0.2545963227748871,-0.6563039422035217,0.5294712781906128,0.2405935823917389,-0.6610411405563354,0.6809960603713989,0.3779086172580719,-0.2715161442756653,0.4047399163246155,0.3633698523044586,-0.28175535798072815,0.7690849900245667,0.5955296754837036,-0.5301092863082886,0.23028263449668884,0.5719816088676453,-0.5012948513031006,0.7260695099830627,0.6472272276878357,-1.0902477502822876,0.27187633514404297,0.623552143573761,-1.067078709602356,0.7285664677619934,0.6411044001579285,-1.2213871479034424,0.2638131380081177,0.6488562822341919,-1.202019453048706,0.7027786374092102,0.5899452567100525,-1.2513153553009033,0.2977225184440613,0.620703935623169,-1.226584553718567,0.6933223009109497,0.6028946042060852,-1.1139837503433228,0.3129364252090454,0.6182261109352112,-1.0925084352493286,0.5927420258522034,0.8219792246818542,0.02077033556997776,0.42654913663864136,0.8047741055488586,-0.021261833608150482,0.7404490113258362,0.9700170159339905,-0.24339494109153748,0.2542458474636078,0.8358472585678101,-0.4371980130672455,0.5832825899124146,1.2416833639144897,0.04444906488060951,0.2993156909942627,1.1956770420074463,-0.07725906372070312,0.5540167093276978,1.283801794052124,0.061953119933605194,0.32090944051742554,1.2408255338668823,-0.04090072587132454,0.5538618564605713,1.3575373888015747,-0.16092750430107117,0.26524245738983154,1.331893801689148,-0.22635671496391296
frame_00047.jpg,0.5552328824996948,0.20948036015033722,-0.7964804172515869,0.5822850465774536,0.17128460109233856,-0.7503488063812256,0.5973056554794312,0.17316007614135742,-0.7510002851486206,0.6107594966888428,0.17511813342571259,-0.7508955001831055,0.5433658361434937,0.16458669304847717,-0.7490174174308777,0.5299490094184875,0.16147759556770325,-0.7495835423469543,0.5178340673446655,0.15781141817569733,-0.7498804926872253,0.6306964159011841,0.19283820688724518,-0.45891204476356506,0.4997664988040924,0.16855788230895996,-0.4553987979888916,0.5790163278579712,0.2562673091888428,-0.6809411644935608,0.529453456401825,0.24186331033706665,-0.684283435344696,0.6805425882339478,0.3813703656196594,-0.29666608572006226,0.4029068052768707,0.36581000685691833,-0.2620008885860443,0.7766938805580139,0.593880832195282,-0.5188590288162231,0.2295943945646286,0.587432861328125,-0.49718213081359863,0.7204282879829407,0.6514448523521423,-1.0750426054000854,0.26907962560653687,0.629059910774231,-1.0605480670928955,0.7136601805686951,0.6428478360176086,-1.2062907218933105,0.26955148577690125,0.6523860692977905,-1.192782998085022,0.6880055069923401,0.5930183529853821,-1.2444440126419067,0.2989460825920105,0.6128066182136536,-1.221428394317627,0.681289553642273,0.6032256484031677,-1.101919412612915,0.3114100396633148,0.6051591634750366,-1.0875390768051147,0.5888292789459229,0.8215286731719971,0.018634112551808357,0.42272457480430603,0.8049901127815247,-0.019124191254377365,0.7128483653068542,0.9994080662727356,-0.2260737121105194,0.26926323771476746,0.8814116716384888,-0.42275357246398926,0.5825852155685425,1.2760246992111206,0.09404437988996506,0.32554858922958374,1.240823745727539,-0.052004896104335785,0.5539253950119019,1.3141694068908691,0.11669601500034332,0.33852672576904297,1.2837920188903809,-0.017169680446386337,0.5526791214942932,1.4121333360671997,-0.07683072239160538,0.31568238139152527,1.3839077949523926,-0.19317956268787384
frame_00048.jpg,0.5542646050453186,0.21180731058120728,-0.6724443435668945,0.5821083188056946,0.1729477196931839,-0.6419082880020142,0.5970976948738098,0.1753057986497879,-0.6425548791885376,0.6105530261993408,0.1774616688489914,-0.6424797177314758,0.5411607027053833,0.16497157514095306,-0.6420472860336304,0.5275110602378845,0.16162432730197906,-0.6426510810852051,0.5141116976737976,0.15801264345645905,-0.6429661512374878,0.6306876540184021,0.1957297921180725,-0.4454825520515442,0.49707430601119995,0.16947197914123535,-0.44404491782188416,0.578628420829773,0.26009148359298706,-0.5830655694007874,0.526046872138977,0.24476595222949982,-0.588948130607605,0.6773115992546082,0.381373792886734,-0.2862901985645294,0.3987214267253876,0.3672954738140106,-0.2539079487323761,0.7787576913833618,0.5932087302207947,-0.4458742141723633,0.2272346317768097,0.5951258540153503,-0.40883034467697144,0.6948704123497009,0.6607944369316101,-0.8117938041687012,0.26980191469192505,0.6421523690223694,-0.7921843528747559,0.6840454339981079,0.6579878330230713,-0.8962057828903198,0.2753050923347473,0.6652160286903381,-0.8821608424186707,0.6457188129425049,0.6344773769378662,-0.903158962726593,0.30277010798454285,0.6296885013580322,-0.8966026306152344,0.6471288204193115,0.6316248774528503,-0.8184008598327637,0.31162720918655396,0.6212206482887268,-0.8080430030822754,0.5862809419631958,0.8039901256561279,0.018578674644231796,0.4189572334289551,0.788014829158783,-0.019067950546741486,0.7194545865058899,0.959536612033844,-0.11700312048196793,0.23665699362754822,0.8307009935379028,-0.3859660029411316,0.5826328992843628,1.1618194580078125,0.030753737315535545,0.39086443185806274,1.0977660417556763,-0.12800534069538116,0.5533296465873718,1.1849969625473022,0.04899997636675835,0.4228879511356354,1.120443344116211,-0.09989084303379059,0.5536948442459106,1.2565630674362183,-0.09442994743585587,0.42907872796058655,1.221102237701416,-0.21399183571338654
frame_00049.jpg,0.5536056160926819,0.21354267001152039,-0.752310037612915,0.5818879008293152,0.1741129755973816,-0.7165221571922302,0.5968720316886902,0.17679429054260254,-0.7171882390975952,0.6104873418807983,0.17936991155147552,-0.7171095013618469,0.5395478010177612,0.16497276723384857,-0.7198108434677124,0.5255407691001892,0.16152819991111755,-0.7203700542449951,0.5113744735717773,0.15794558823108673,-0.7206124067306519,0.6309281587600708,0.19834330677986145,-0.46495217084884644,0.4950724244117737,0.16973423957824707,-0.4826369881629944,0.5776823163032532,0.26274335384368896,-0.6497673988342285,0.5229054689407349,0.24711163341999054,-0.6598429679870605,0.6760505437850952,0.3809488117694855,-0.31652092933654785,0.3968620300292969,0.36966487765312195,-0.3158457577228546,0.7803354263305664,0.5889472365379333,-0.4931648373603821,0.22634074091911316,0.6007285714149475,-0.4647146761417389,0.6979582905769348,0.6466417908668518,-0.9206894040107727,0.27197161316871643,0.6614132523536682,-0.8526279330253601,0.6971503496170044,0.6581999063491821,-1.033403754234314,0.2792019248008728,0.6887751817703247,-0.9492884874343872,0.6556706428527832,0.6320660710334778,-1.0503052473068237,0.303801029920578,0.6564768552780151,-0.9663535356521606,0.6491498351097107,0.6305418014526367,-0.9382979273796082,0.31169575452804565,0.64898681640625,-0.8703683018684387,0.581855297088623,0.8002297282218933,0.033608049154281616,0.41400647163391113,0.7870246171951294,-0.03410070016980171,0.7236018776893616,0.9593460559844971,-0.07451970130205154,0.25720733404159546,0.8683265447616577,-0.37853744626045227,0.5529447793960571,1.1701030731201172,0.08916591852903366,0.42072534561157227,1.179766058921814,-0.14523200690746307,0.5142244696617126,1.19511878490448,0.10203864425420761,0.4461899697780609,1.209155559539795,-0.12059559673070908,0.5256843566894531,1.2939496040344238,-0.01826321706175804,0.45579323172569275,1.3279918432235718,-0.2288924902677536
frame_00050.jpg,0.5533427596092224,0.21528083086013794,-0.7689865827560425,0.5818026065826416,0.17534701526165009,-0.7313902974128723,0.5968208312988281,0.1781853586435318,-0.7320579290390015,0.6104687452316284,0.18096059560775757,-0.7319712042808533,0.5387378931045532,0.16504788398742676,-0.7320497632026672,0.5245335102081299,0.16145946085453033,-0.7326018810272217,0.5102983117103577,0.15773366391658783,-0.732848048210144,0.6313159465789795,0.1997106522321701,-0.4733336567878723,0.4947391450405121,0.16963142156600952,-0.48010778427124023,0.5771548748016357,0.26524537801742554,-0.6648663282394409,0.5210036039352417,0.24880658090114594,-0.6713593602180481,0.675531268119812,0.38092121481895447,-0.3366164565086365,0.39686182141304016,0.370209664106369,-0.30430975556373596,0.7812222838401794,0.5828923583030701,-0.5095632076263428,0.22661693394184113,0.6002288460731506,-0.4639541506767273,0.7002602219581604,0.6502622365951538,-0.936320424079895,0.279313325881958,0.6631133556365967,-0.8382344245910645,0.6951617002487183,0.6662789583206177,-1.0407763719558716,0.28849250078201294,0.6947669982910156,-0.9336541295051575,0.6597224473953247,0.6347318291664124,-1.0505439043045044,0.31633269786834717,0.6649265289306641,-0.9472560882568359,0.6534692645072937,0.6343818306922913,-0.9475369453430176,0.32025206089019775,0.654506504535675,-0.8544646501541138,0.5824543237686157,0.8015537261962891,0.03169640898704529,0.4149630665779114,0.7886937260627747,-0.03218908980488777,0.7205103635787964,1.0056589841842651,-0.08321230113506317,0.26674696803092957,0.894169270992279,-0.32859835028648376,0.5607837438583374,1.228350281715393,0.12230704724788666,0.40853604674339294,1.2355830669403076,-0.08261296898126602,0.530535101890564,1.2557467222213745,0.13809633255004883,0.431210994720459,1.2709497213363647,-0.05648694187402725,0.534652829170227,1.3645377159118652,0.01540056150406599,0.43416357040405273,1.3930288553237915,-0.16232198476791382
frame_00051.jpg,0.5527858138084412,0.2190423458814621,-0.7702093720436096,0.5815731883049011,0.17778970301151276,-0.7325990796089172,0.5966709852218628,0.18030902743339539,-0.7332608103752136,0.6103582978248596,0.18315650522708893,-0.7331717610359192,0.5377229452133179,0.16766245663166046,-0.7332646250724792,0.5227841138839722,0.1637064516544342,-0.7337925434112549,0.5079786777496338,0.15960495173931122,-0.7340255379676819,0.6314786076545715,0.20103329420089722,-0.4748048782348633,0.49334317445755005,0.17053183913230896,-0.4823228716850281,0.5768529176712036,0.26899394392967224,-0.6658861041069031,0.5200725793838501,0.2520809769630432,-0.6724019050598145,0.675006628036499,0.3819451928138733,-0.3396204113960266,0.3954090476036072,0.3742993474006653,-0.30329108238220215,0.7811185717582703,0.5832763314247131,-0.51697838306427,0.22429640591144562,0.6069573163986206,-0.47851839661598206,0.6998327970504761,0.6610004305839539,-0.935200035572052,0.2813672423362732,0.6714490056037903,-0.8780279159545898,0.6862415075302124,0.6732186675071716,-1.0354963541030884,0.28815773129463196,0.7054325342178345,-0.9806098937988281,0.655555248260498,0.6341851353645325,-1.0422356128692627,0.3309377133846283,0.6723524332046509,-0.9920898675918579,0.6525107622146606,0.6360781192779541,-0.9436743855476379,0.3250114917755127,0.6609506011009216,-0.8948906064033508,0.5829383134841919,0.8017156720161438,0.03036237321794033,0.4162675440311432,0.7971642017364502,-0.030858632177114487,0.7113016843795776,1.0494270324707031,-0.03920231759548187,0.3179459273815155,0.9999635219573975,-0.33927133679389954,0.5657750964164734,1.2892488241195679,0.20346279442310333,0.40503016114234924,1.3192306756973267,-0.08055175840854645,0.5411325693130493,1.3207889795303345,0.22101382911205292,0.4244399070739746,1.3587092161178589,-0.054956238716840744,0.5423376560211182,1.4265691041946411,0.07995057851076126,0.4294697344303131,1.4742608070373535,-0.1886938512325287
frame_00052.jpg,0.5521407723426819,0.22066311538219452,-0.8054134249687195,0.5812007784843445,0.17957687377929688,-0.7684080600738525,0.5962916016578674,0.18217836320400238,-0.7690647840499878,0.6099451780319214,0.18537096679210663,-0.7689589858055115,0.5371432304382324,0.168867290019989,-0.7675285935401917,0.5222388505935669,0.16459612548351288,-0.7680442929267883,0.5076123476028442,0.16027168929576874,-0.768282413482666,0.6314350366592407,0.20312348008155823,-0.5063156485557556,0.49243322014808655,0.17122595012187958,-0.5070031881332397,0.5759894847869873,0.27142879366874695,-0.6994898915290833,0.5183590650558472,0.254116952419281,-0.7039622068405151,0.6730693578720093,0.3846266567707062,-0.3643020987510681,0.3942798972129822,0.3783331513404846,-0.3137064278125763,0.7809614539146423,0.5833657383918762,-0.5665045976638794,0.22328655421733856,0.6129557490348816,-0.5071347951889038,0.6982389092445374,0.6659703850746155,-1.0280672311782837,0.2798837125301361,0.669073760509491,-0.956379234790802,0.6806437969207764,0.672369658946991,-1.137119174003601,0.2859587073326111,0.6980660557746887,-1.0674376487731934,0.6541064977645874,0.6330487728118896,-1.1456844806671143,0.3255961537361145,0.6669769287109375,-1.081592321395874,0.6509214639663696,0.6353673934936523,-1.037395715713501,0.3248516023159027,0.6566907167434692,-0.9754133224487305,0.5837786793708801,0.8021164536476135,0.029839178547263145,0.4167529046535492,0.8008910417556763,-0.030305007472634315,0.6966925263404846,1.0664416551589966,-0.10235045105218887,0.3252623677253723,1.0125685930252075,-0.3764655292034149,0.5786145925521851,1.341659665107727,0.12413843721151352,0.413855642080307,1.3681563138961792,-0.10703053325414658,0.560134768486023,1.382389783859253,0.14706724882125854,0.4317334294319153,1.4115453958511353,-0.08510635048151016,0.5544565916061401,1.4721589088439941,-0.027872934937477112,0.4470132887363434,1.5289461612701416,-0.2683883607387543
frame_00053.jpg,0.5520240068435669,0.22171251475811005,-0.7331753969192505,0.5811867117881775,0.18040211498737335,-0.6936774849891663,0.5962645411491394,0.1829395890235901,-0.6942959427833557,0.6098302602767944,0.18615937232971191,-0.6941790580749512,0.5364605188369751,0.16946972906589508,-0.6910328269004822,0.5216302275657654,0.1650983989238739,-0.6915531158447266,0.50733482837677,0.16082365810871124,-0.6917861104011536,0.6313915848731995,0.2036186158657074,-0.4369160532951355,0.49212461709976196,0.17266051471233368,-0.42770928144454956,0.5758812427520752,0.27262747287750244,-0.6305919289588928,0.5180994272232056,0.2556248605251312,-0.6324971318244934,0.671589195728302,0.3889618217945099,-0.31655165553092957,0.39435186982154846,0.38418495655059814,-0.236609548330307,0.7807539701461792,0.5941141843795776,-0.5026064515113831,0.22387650609016418,0.6202561259269714,-0.41861265897750854,0.6950140595436096,0.6681724190711975,-0.9421955943107605,0.2768619954586029,0.6689397692680359,-0.8791370391845703,0.673892617225647,0.673385500907898,-1.0450059175491333,0.28528836369514465,0.6973299384117126,-0.9866010546684265,0.6516435146331787,0.6329027414321899,-1.0517795085906982,0.3189549148082733,0.6635465621948242,-1.0018585920333862,0.6510258913040161,0.6362876892089844,-0.9498027563095093,0.31936562061309814,0.6536455154418945,-0.8980835676193237,0.5839844942092896,0.8117996454238892,0.02069721557199955,0.41561728715896606,0.8082199096679688,-0.02120901644229889,0.6824835538864136,1.0619542598724365,-0.11996877193450928,0.31327003240585327,0.999457061290741,-0.37990543246269226,0.55144202709198,1.3101885318756104,0.09722679853439331,0.39163413643836975,1.3347797393798828,-0.10931023210287094,0.531686544418335,1.3448854684829712,0.1120586022734642,0.4052495062351227,1.377162218093872,-0.08576951920986176,0.5059699416160583,1.4339427947998047,-0.06124378368258476,0.41594457626342773,1.486757516860962,-0.26512661576271057
frame_00054.jpg,0.5520164370536804,0.222455233335495,-0.6629193425178528,0.5811577439308167,0.18127356469631195,-0.6231280565261841,0.5962382555007935,0.18371891975402832,-0.6237439513206482,0.6097109317779541,0.18692833185195923,-0.6236566305160522,0.5364142060279846,0.17052766680717468,-0.6224510073661804,0.5216431021690369,0.16620641946792603,-0.6229586005210876,0.5073789954185486,0.16208012402057648,-0.6231902837753296,0.6311243772506714,0.20397165417671204,-0.3725212514400482,0.4921903610229492,0.17408113181591034,-0.37202146649360657,0.5758693814277649,0.2730354964733124,-0.563280463218689,0.5182339549064636,0.25596344470977783,-0.5675011873245239,0.6708463430404663,0.390533447265625,-0.2613943815231323,0.3943747878074646,0.3872302770614624,-0.20310890674591064,0.7809351682662964,0.5972172021865845,-0.4564036428928375,0.2278643548488617,0.6242546439170837,-0.39738327264785767,0.69646155834198,0.6717785000801086,-0.9060922861099243,0.27321192622184753,0.6714433431625366,-0.8461969494819641,0.6792985200881958,0.6776694655418396,-1.0087966918945312,0.28516143560409546,0.6997801065444946,-0.9490686655044556,0.6546298265457153,0.6324335932731628,-1.016862154006958,0.3118385672569275,0.6628340482711792,-0.966208279132843,0.6530805826187134,0.6363205313682556,-0.9149330854415894,0.31271642446517944,0.6527115106582642,-0.8658115267753601,0.5889227986335754,0.8196346163749695,0.020802142098546028,0.4172276556491852,0.8175463080406189,-0.021319257095456123,0.6922104358673096,1.0763545036315918,-0.15432262420654297,0.3332084119319916,1.0471094846725464,-0.3823242485523224,0.5562686324119568,1.3376520872116089,-0.06739316880702972,0.40176430344581604,1.3864457607269287,-0.13358065485954285,0.5333337783813477,1.3756873607635498,-0.06708421558141708,0.414284884929657,1.4289684295654297,-0.11254967749118805,0.5138542652130127,1.4581501483917236,-0.2587476670742035,0.43197035789489746,1.5392061471939087,-0.2786830961704254
frame_00055.jpg,0.5516930818557739,0.22284646332263947,-0.706177830696106,0.5808742046356201,0.18151237070560455,-0.6633167266845703,0.5959793329238892,0.18391869962215424,-0.6639477610588074,0.6093336343765259,0.1869674026966095,-0.6638568639755249,0.5359845757484436,0.1707887053489685,-0.6614573001861572,0.5213872194290161,0.16649998724460602,-0.6619161367416382,0.5072745084762573,0.16255417466163635,-0.6621074080467224,0.6309620141983032,0.20391443371772766,-0.3990691602230072,0.49181127548217773,0.17530781030654907,-0.39122509956359863,0.5758311152458191,0.2735632359981537,-0.6015831232070923,0.5180493593215942,0.256541907787323,-0.6041089296340942,0.6705588102340698,0.3918432593345642,-0.278173565864563,0.39439064264297485,0.3896021246910095,-0.2093828171491623,0.7812415957450867,0.6004599928855896,-0.47248974442481995,0.22902432084083557,0.6291382312774658,-0.4155014455318451,0.6955028176307678,0.6749383211135864,-0.9270981550216675,0.27233272790908813,0.6696387529373169,-0.8916518092155457,0.6762227416038513,0.6846508383750916,-1.0297515392303467,0.2818301022052765,0.6972664594650269,-0.9970043301582336,0.6539731621742249,0.6341077089309692,-1.0273559093475342,0.3093896806240082,0.6613115072250366,-1.0139710903167725,0.6530059576034546,0.6379340887069702,-0.9309625625610352,0.3103833496570587,0.6515805721282959,-0.9115686416625977,0.5906512141227722,0.8229245543479919,0.020391101017594337,0.4186713695526123,0.8194472789764404,-0.020917128771543503,0.6966772675514221,1.0717253684997559,-0.23494353890419006,0.3338469862937927,1.0448753833770752,-0.3851696848869324,0.5524210333824158,1.3211663961410522,-0.09420280903577805,0.40701860189437866,1.3861185312271118,-0.12159892171621323,0.5267872214317322,1.3564373254776,-0.08821894973516464,0.4210090637207031,1.4288631677627563,-0.09713681787252426,0.5071450471878052,1.4400064945220947,-0.2792918086051941,0.43485015630722046,1.539665937423706,-0.2696831524372101
frame_00056.jpg,0.552301824092865,0.22141312062740326,-0.7056090235710144,0.5812432169914246,0.1810385137796402,-0.6615066528320312,0.596478283405304,0.18357251584529877,-0.6621495485305786,0.6095949411392212,0.18636418879032135,-0.66207355260849,0.5365945100784302,0.16959625482559204,-0.6610530018806458,0.522489607334137,0.16520041227340698,-0.6615244150161743,0.5091861486434937,0.16117440164089203,-0.6617401838302612,0.6308526396751404,0.20348815619945526,-0.39483514428138733,0.4923662543296814,0.17509831488132477,-0.39526715874671936,0.5763646364212036,0.2716635763645172,-0.6007469892501831,0.5203378200531006,0.25407442450523376,-0.6051968336105347,0.6705341339111328,0.39196354150772095,-0.2689947783946991,0.39415431022644043,0.39024075865745544,-0.21737727522850037,0.7818350195884705,0.603989839553833,-0.47404104471206665,0.2290138304233551,0.6272414326667786,-0.42055264115333557,0.6947020888328552,0.6742533445358276,-0.9339613914489746,0.27658623456954956,0.6697118282318115,-0.9248679280281067,0.6757732629776001,0.6799813508987427,-1.0361895561218262,0.28173398971557617,0.6957026720046997,-1.0410410165786743,0.6521709561347961,0.6296380758285522,-1.0473568439483643,0.310048371553421,0.6609770655632019,-1.05184006690979,0.6504061818122864,0.6342377066612244,-0.944107711315155,0.31328436732292175,0.6511620879173279,-0.9436807632446289,0.5919243693351746,0.8240329623222351,0.023933352902531624,0.4191388189792633,0.8208810091018677,-0.024472663179039955,0.6838878393173218,1.091987133026123,-0.16073061525821686,0.3603658676147461,1.0827380418777466,-0.377627432346344,0.5580435991287231,1.3462071418762207,0.05579746514558792,0.40091508626937866,1.4170666933059692,-0.11597277969121933,0.541681170463562,1.3825035095214844,0.0666767954826355,0.402285635471344,1.4612258672714233,-0.0941179096698761,0.5118207335472107,1.4679279327392578,-0.14135321974754333,0.431657612323761,1.5637593269348145,-0.2808714210987091
frame_00057.jpg,0.5527206659317017,0.21687093377113342,-0.8461881875991821,0.5817998051643372,0.17894071340560913,-0.8060978055000305,0.5970215201377869,0.18193800747394562,-0.8067975044250488,0.6099926233291626,0.18497200310230255,-0.8067585229873657,0.5388409495353699,0.16755488514900208,-0.8064524531364441,0.5252426862716675,0.16341927647590637,-0.8069299459457397,0.512999415397644,0.15921306610107422,-0.8071613311767578,0.6306854486465454,0.2029254287481308,-0.540713369846344,0.4961833357810974,0.17421677708625793,-0.5462656617164612,0.5763753056526184,0.26644617319107056,-0.7406911253929138,0.5232016444206238,0.2477821707725525,-0.7465722560882568,0.6705607771873474,0.39190956950187683,-0.3880031108856201,0.3941900432109833,0.3902585208415985,-0.34869128465652466,0.7822935581207275,0.6071469187736511,-0.6176272034645081,0.2266242951154709,0.6253462433815002,-0.5729415416717529,0.6944204568862915,0.6689766645431519,-1.1278631687164307,0.28848183155059814,0.6688267588615417,-1.0920841693878174,0.6762694120407104,0.6689098477363586,-1.24552321434021,0.2985146939754486,0.6965481638908386,-1.2207019329071045,0.652025043964386,0.6215740442276001,-1.2551997900009155,0.3203998804092407,0.6609084010124207,-1.2317179441452026,0.6498279571533203,0.6266035437583923,-1.1381027698516846,0.32314810156822205,0.6504857540130615,-1.11136794090271,0.594863772392273,0.8254416584968567,0.028770122677087784,0.4212719798088074,0.8230194449424744,-0.029298385605216026,0.6796805262565613,1.1095112562179565,-0.0039410339668393135,0.37130826711654663,1.0957030057907104,-0.377668559551239,0.5846729874610901,1.3660167455673218,0.27822646498680115,0.3877806067466736,1.4169059991836548,-0.1163424476981163,0.5736621618270874,1.4050047397613525,0.2937224507331848,0.38341403007507324,1.4611363410949707,-0.09548104554414749,0.5504496693611145,1.4889737367630005,0.0915851816534996,0.42276105284690857,1.5583875179290771,-0.30905160307884216
frame_00058.jpg,0.5531181693077087,0.21385425329208374,-0.7109397649765015,0.5821501016616821,0.1769159436225891,-0.6615609526634216,0.5974180102348328,0.18035034835338593,-0.6621628403663635,0.6103284955024719,0.18366198241710663,-0.6620597839355469,0.5397261381149292,0.16525602340698242,-0.665119469165802,0.5263019800186157,0.16137811541557312,-0.6655713319778442,0.5144002437591553,0.15724427998065948,-0.6657872200012207,0.6305997371673584,0.2023441344499588,-0.37854281067848206,0.4970375597476959,0.17349117994308472,-0.39855483174324036,0.5764142274856567,0.26345857977867126,-0.6006555557250977,0.5245755910873413,0.24446223676204681,-0.6109112501144409,0.6705729365348816,0.39182940125465393,-0.24416053295135498,0.3941691219806671,0.3899541199207306,-0.22633369266986847,0.7824956178665161,0.6100632548332214,-0.49412107467651367,0.22631457448005676,0.6242910623550415,-0.48985639214515686,0.6941475868225098,0.668034017086029,-1.0678832530975342,0.2876751124858856,0.6648567318916321,-1.018371343612671,0.6764854192733765,0.6666972041130066,-1.173755407333374,0.2951010465621948,0.6805655360221863,-1.1407880783081055,0.6516280770301819,0.6197234988212585,-1.1850674152374268,0.31966906785964966,0.6493000388145447,-1.1542832851409912,0.6490799784660339,0.6245623826980591,-1.077426552772522,0.3232305645942688,0.6392484307289124,-1.0381115674972534,0.5958153009414673,0.8266734480857849,0.029671529307961464,0.42263850569725037,0.8244788646697998,-0.030172746628522873,0.6853266358375549,1.106969952583313,-0.1904153674840927,0.36355525255203247,1.069527268409729,-0.504426121711731,0.5832244753837585,1.3523625135421753,0.09675200283527374,0.3768712282180786,1.388458490371704,-0.2060290277004242,0.5679454803466797,1.3933500051498413,0.1146189421415329,0.38086315989494324,1.4337619543075562,-0.18103787302970886,0.5482380986213684,1.4786027669906616,-0.1271895319223404,0.4026314616203308,1.5340182781219482,-0.39306706190109253
frame_00059.jpg,0.5531579256057739,0.21145504713058472,-0.6211583614349365,0.5821612477302551,0.17550399899482727,-0.5720810294151306,0.5974137783050537,0.17941656708717346,-0.5726830363273621,0.6103237867355347,0.18303373456001282,-0.5725767016410828,0.5402146577835083,0.1633942723274231,-0.5744509696960449,0.5269654393196106,0.15972024202346802,-0.5748943090438843,0.515262246131897,0.15577930212020874,-0.5751177072525024,0.6304852962493896,0.20230107009410858,-0.29622960090637207,0.49776139855384827,0.17310290038585663,-0.31062811613082886,0.576336681842804,0.2615497410297394,-0.5142672657966614,0.5251713395118713,0.2418402135372162,-0.5226793885231018,0.6704730987548828,0.39178937673568726,-0.1853063404560089,0.39360174536705017,0.3898261487483978,-0.15107811987400055,0.7825328707695007,0.6121125817298889,-0.4338727593421936,0.22634252905845642,0.6240867972373962,-0.4083367884159088,0.6923307180404663,0.6693468689918518,-1.0021474361419678,0.28092870116233826,0.6496935486793518,-0.9824095964431763,0.6747632026672363,0.6667172312736511,-1.123738408088684,0.2806231379508972,0.6690364480018616,-1.1262457370758057,0.64715576171875,0.6198117136955261,-1.134581446647644,0.3122639060020447,0.6270297765731812,-1.1424505710601807,0.645652174949646,0.6247895359992981,-1.0148799419403076,0.31908947229385376,0.6199670433998108,-1.0061099529266357,0.5994850993156433,0.826982855796814,0.026993582025170326,0.4237547516822815,0.8249101042747498,-0.027474969625473022,0.6991665363311768,1.0701476335525513,-0.2555024027824402,0.34663039445877075,1.0211204290390015,-0.5078936815261841,0.5822402238845825,1.3408082723617554,-0.061629585921764374,0.3925555348396301,1.3691270351409912,-0.19500640034675598,0.5662273168563843,1.37882399559021,-0.052376724779605865,0.40889978408813477,1.4168283939361572,-0.1668749749660492,0.5470468997955322,1.465494990348816,-0.27364253997802734,0.4156107008457184,1.525814414024353,-0.3555571436882019
frame_00060.jpg,0.5535739660263062,0.21061989665031433,-0.6340658664703369,0.5826812386512756,0.1746760457754135,-0.5904441475868225,0.5980180501937866,0.17862850427627563,-0.5910874605178833,0.610730767250061,0.18228857219219208,-0.5910248160362244,0.5409510135650635,0.16245485842227936,-0.5913555026054382,0.5276448130607605,0.15875482559204102,-0.5918112993240356,0.5161529779434204,0.15478216111660004,-0.5920639038085938,0.6304607391357422,0.2020593285560608,-0.3309329152107239,0.49907273054122925,0.17264290153980255,-0.3387806713581085,0.5766118764877319,0.2608542740345001,-0.5327240228652954,0.5258125066757202,0.24080611765384674,-0.5391005277633667,0.6704850196838379,0.39190465211868286,-0.21891018748283386,0.3935771882534027,0.3897552192211151,-0.1775287389755249,0.7824988961219788,0.6163279414176941,-0.4550102651119232,0.22342634201049805,0.6273317933082581,-0.4208889901638031,0.691067636013031,0.6704034209251404,-1.0011892318725586,0.2852129340171814,0.637858510017395,-0.9823830723762512,0.6741288900375366,0.6676034927368164,-1.1210607290267944,0.29065200686454773,0.6451961398124695,-1.11191987991333,0.6455078721046448,0.624548077583313,-1.1330523490905762,0.3243396282196045,0.610819935798645,-1.1240003108978271,0.6456226110458374,0.6269378066062927,-1.0139755010604858,0.32916975021362305,0.6083732843399048,-1.0022475719451904,0.6000569462776184,0.8278849124908447,0.026540979743003845,0.425558477640152,0.826391339302063,-0.02701811119914055,0.7047885656356812,1.0673224925994873,-0.2268540859222412,0.3436841368675232,1.0343705415725708,-0.4198830723762512,0.5815771222114563,1.334165334701538,-0.026147503405809402,0.4126652777194977,1.3653048276901245,-0.16014668345451355,0.5639042854309082,1.3722922801971436,-0.017875928431749344,0.4282255172729492,1.4104819297790527,-0.1363210678100586,0.5462881326675415,1.4592797756195068,-0.22746503353118896,0.4436190128326416,1.5167133808135986,-0.32851141691207886
frame_00061.jpg,0.5535743236541748,0.21079057455062866,-0.6356471180915833,0.5826968550682068,0.1748039424419403,-0.5852111577987671,0.59803706407547,0.178829625248909,-0.5858238339424133,0.6107540130615234,0.18252843618392944,-0.5857251286506653,0.5409356355667114,0.1622374802827835,-0.5867629647254944,0.5276415944099426,0.15827973186969757,-0.5872145295143127,0.5161880254745483,0.15409721434116364,-0.5874695181846619,0.6304877400398254,0.20245814323425293,-0.29529449343681335,0.49906301498413086,0.1723095327615738,-0.306062251329422,0.5766435861587524,0.26160290837287903,-0.523341953754425,0.5252630710601807,0.24107606709003448,-0.5305225253105164,0.6705482602119446,0.39198118448257446,-0.16131097078323364,0.39294835925102234,0.3932347893714905,-0.13918744027614594,0.7826446294784546,0.6218004822731018,-0.4090062975883484,0.22272023558616638,0.6397642493247986,-0.4271728992462158,0.6915220618247986,0.6771171689033508,-0.9972541928291321,0.29193174839019775,0.6141833066940308,-1.0336709022521973,0.6752549409866333,0.6698393225669861,-1.1195008754730225,0.2958136200904846,0.5992773771286011,-1.173361897468567,0.6456167101860046,0.628507673740387,-1.1312977075576782,0.326313316822052,0.5702661871910095,-1.178216814994812,0.6461708545684814,0.6372231245040894,-1.0116446018218994,0.33588340878486633,0.5782899260520935,-1.0521247386932373,0.6071280837059021,0.832394003868103,0.026429858058691025,0.4301644265651703,0.834338903427124,-0.02690892294049263,0.7171083092689514,1.065982460975647,-0.2960130274295807,0.33453625440597534,1.029461145401001,-0.5253081917762756,0.5974928140640259,1.3373432159423828,-0.04366245120763779,0.3875458836555481,1.3642500638961792,-0.15883769094944,0.5781453847885132,1.3793073892593384,-0.02981385588645935,0.4007105827331543,1.410117745399475,-0.1339331567287445,0.5538533926010132,1.4549347162246704,-0.2694535553455353,0.409224271774292,1.5116523504257202,-0.32876381278038025
frame_00062.jpg,0.5524026155471802,0.21281687915325165,-0.6778891682624817,0.5822890996932983,0.1763516068458557,-0.621941328048706,0.5975620150566101,0.1805466264486313,-0.6226364970207214,0.610302209854126,0.1843438297510147,-0.622552752494812,0.5398578643798828,0.16224651038646698,-0.6167434453964233,0.5266498327255249,0.15810516476631165,-0.617159366607666,0.515384316444397,0.1537376046180725,-0.6174976825714111,0.6306101083755493,0.20474232733249664,-0.3189780116081238,0.4989413321018219,0.17229785025119781,-0.33853137493133545,0.5761955976486206,0.26591262221336365,-0.5552922487258911,0.5213617086410522,0.24308472871780396,-0.5521900057792664,0.6709742546081543,0.3932270407676697,-0.19494353234767914,0.3929612934589386,0.3940972089767456,-0.16781708598136902,0.7823957204818726,0.6247800588607788,-0.5020111203193665,0.22295431792736053,0.6401448845863342,-0.48983854055404663,0.6918669939041138,0.6775643229484558,-1.109479308128357,0.29176104068756104,0.6091991066932678,-1.1378717422485352,0.6756771802902222,0.6688627600669861,-1.2416707277297974,0.29519718885421753,0.5925538539886475,-1.285578727722168,0.6467716693878174,0.6284316182136536,-1.2495359182357788,0.32612502574920654,0.5615008473396301,-1.2873494625091553,0.6460961699485779,0.6380192637443542,-1.1227787733078003,0.33413469791412354,0.5710254311561584,-1.1569602489471436,0.6134068965911865,0.8387603163719177,0.025337591767311096,0.43434199690818787,0.843718409538269,-0.02582688070833683,0.6979144215583801,1.1276917457580566,-0.19284528493881226,0.35304826498031616,1.0836024284362793,-0.4979005455970764,0.609616756439209,1.387363076210022,0.05214591696858406,0.38122233748435974,1.4263319969177246,-0.15127989649772644,0.5982872247695923,1.432285189628601,0.062058039009571075,0.3872210383415222,1.4786795377731323,-0.127370223402977,0.5689407587051392,1.4945926666259766,-0.1938379853963852,0.4028443694114685,1.5619513988494873,-0.33007436990737915
frame_00063.jpg,0.5515084266662598,0.21523785591125488,-0.5746591091156006,0.5820940732955933,0.17890478670597076,-0.5267243385314941,0.5972213745117188,0.18302957713603973,-0.5273110866546631,0.6100188493728638,0.18714521825313568,-0.5271917581558228,0.5398010015487671,0.1638765037059784,-0.5250229835510254,0.5265452265739441,0.15872199833393097,-0.5254986882209778,0.515285849571228,0.15387818217277527,-0.5257687568664551,0.6308647394180298,0.20838390290737152,-0.2498636692762375,0.4996742606163025,0.17205612361431122,-0.24993982911109924,0.575370192527771,0.26873916387557983,-0.4658944606781006,0.5202137231826782,0.2445649802684784,-0.468712717294693,0.6711266040802002,0.3953883945941925,-0.13532039523124695,0.39298027753829956,0.39381328225135803,-0.09775593876838684,0.7798265814781189,0.6285388469696045,-0.3964873254299164,0.22651319205760956,0.6395511031150818,-0.35528823733329773,0.6886327862739563,0.6790187358856201,-0.9761684536933899,0.28073692321777344,0.6207346320152283,-0.9517239332199097,0.6757877469062805,0.6687105298042297,-1.1064802408218384,0.27901607751846313,0.6070471405982971,-1.087618112564087,0.6446043252944946,0.6285108327865601,-1.1218228340148926,0.3095075488090515,0.5766770243644714,-1.1044785976409912,0.6432713270187378,0.6393594741821289,-0.9926697611808777,0.3245772421360016,0.5788230299949646,-0.9748967289924622,0.6133680939674377,0.83842933177948,0.022475482895970345,0.4340074062347412,0.8421758413314819,-0.022989150136709213,0.7452105283737183,1.0290040969848633,-0.3137943148612976,0.26672428846359253,0.8938743472099304,-0.47791633009910583,0.6064956188201904,1.30071222782135,-0.1826181411743164,0.39004281163215637,1.2861666679382324,-0.1328841894865036,0.5896178483963013,1.344980239868164,-0.17871108651161194,0.41023898124694824,1.3280702829360962,-0.1008073091506958,0.5650694370269775,1.404072880744934,-0.4195614457130432,0.41489583253860474,1.4225552082061768,-0.2820737957954407
frame_00064.jpg,0.5507897138595581,0.21733948588371277,-0.4079129099845886,0.5819169282913208,0.1802319437265396,-0.3606695532798767,0.5971506834030151,0.1843857318162918,-0.36118417978286743,0.6100195050239563,0.18859903514385223,-0.36106300354003906,0.5388644933700562,0.16449514031410217,-0.3615437150001526,0.5254522562026978,0.15900546312332153,-0.3620401620864868,0.513856053352356,0.15405073761940002,-0.36226028203964233,0.6322771310806274,0.21038436889648438,-0.09316468238830566,0.49943557381629944,0.17203184962272644,-0.10123193264007568,0.575268566608429,0.2716546952724457,-0.30282163619995117,0.5184993147850037,0.24705368280410767,-0.30934327840805054,0.6720739603042603,0.3954719603061676,0.005926709156483412,0.3942064344882965,0.3911963403224945,0.0169373732060194,0.7798328399658203,0.6269804239273071,-0.2122453898191452,0.22723594307899475,0.6331250071525574,-0.18381033837795258,0.6889294385910034,0.6783788800239563,-0.7229325175285339,0.27963680028915405,0.6514098048210144,-0.6427653431892395,0.6760948896408081,0.6660571694374084,-0.8341149091720581,0.27921897172927856,0.6804635524749756,-0.7466130256652832,0.64539635181427,0.6210896372795105,-0.8429547548294067,0.31524619460105896,0.6381229758262634,-0.7600934505462646,0.6434668302536011,0.6304442882537842,-0.7347623705863953,0.32263290882110596,0.6366986632347107,-0.6599952578544617,0.617480456829071,0.840002715587616,0.024179745465517044,0.43454211950302124,0.8447026014328003,-0.024742428213357925,0.8079675436019897,0.890010416507721,-0.3258897662162781,0.25439688563346863,0.8694005608558655,-0.40262460708618164,0.5934889912605286,1.2322564125061035,-0.29391932487487793,0.42730712890625,1.2881108522415161,-0.11137324571609497,0.5580616593360901,1.2676390409469604,-0.29569828510284424,0.45444726943969727,1.3264678716659546,-0.07922828942537308,0.5231102705001831,1.3233565092086792,-0.5184308290481567,0.4675758481025696,1.4241633415222168,-0.23703625798225403
frame_00065.jpg,0.5496271848678589,0.21762292087078094,-0.7082908749580383,0.5811704993247986,0.18041923642158508,-0.6676377058029175,0.5965763330459595,0.1846209615468979,-0.6682090163230896,0.6098306179046631,0.1887955665588379,-0.6680804491043091,0.5368523001670837,0.1644233763217926,-0.6644271016120911,0.5234375596046448,0.15887106955051422,-0.6649431586265564,0.5114426016807556,0.1539914309978485,-0.6651850938796997,0.6329156756401062,0.21074897050857544,-0.39588817954063416,0.4981546998023987,0.17204037308692932,-0.3856031894683838,0.5750810503959656,0.2726479470729828,-0.5998092293739319,0.5167739987373352,0.24813969433307648,-0.6010328531265259,0.6737875938415527,0.3956368863582611,-0.24699322879314423,0.39428994059562683,0.3907659351825714,-0.22124843299388885,0.7798383235931396,0.6266269087791443,-0.5366055965423584,0.22712524235248566,0.6302287578582764,-0.44039732217788696,0.6905783414840698,0.6652543544769287,-1.1161619424819946,0.27715831995010376,0.6765539646148682,-0.9186073541641235,0.6820322871208191,0.6481134295463562,-1.2450069189071655,0.280769020318985,0.7097123861312866,-1.0363906621932983,0.6478456854820251,0.6104233264923096,-1.2564358711242676,0.31357234716415405,0.6679074168205261,-1.0531370639801025,0.6438393592834473,0.6208791136741638,-1.1300880908966064,0.3207373321056366,0.65799480676651,-0.9379011392593384,0.6175028085708618,0.8402655124664307,0.029358308762311935,0.4343317151069641,0.843613862991333,-0.029941093176603317,0.7798329591751099,1.018119215965271,-0.29487454891204834,0.33723095059394836,1.036047101020813,-0.4397227168083191,0.6118818521499634,1.3653534650802612,-0.18522217869758606,0.42955970764160156,1.4194368124008179,-0.16264736652374268,0.5871505737304688,1.4169968366622925,-0.1850184053182602,0.4463203549385071,1.469465970993042,-0.1388128101825714,0.568325400352478,1.4850767850875854,-0.42581701278686523,0.4697183668613434,1.5660386085510254,-0.34589195251464844
frame_00066.jpg,0.5477803945541382,0.2180352360010147,-0.6857039332389832,0.5796533823013306,0.18084017932415009,-0.6427475810050964,0.5943949818611145,0.18509359657764435,-0.6433452367782593,0.6078887581825256,0.18938764929771423,-0.6432399749755859,0.535349428653717,0.16439968347549438,-0.6434967517852783,0.5221039056777954,0.15871235728263855,-0.6439871788024902,0.5100423693656921,0.15373964607715607,-0.6442296504974365,0.6319081783294678,0.21082374453544617,-0.3782252073287964,0.49810370802879333,0.17129309475421906,-0.35975152254104614,0.5737622976303101,0.2729112207889557,-0.5796794295310974,0.5159589052200317,0.24873171746730804,-0.5879451632499695,0.6749531626701355,0.3961595296859741,-0.21502244472503662,0.3946259021759033,0.3901977837085724,-0.19051161408424377,0.7817314267158508,0.6223971843719482,-0.48548561334609985,0.23558571934700012,0.6278337836265564,-0.4123919904232025,0.6961448788642883,0.6651359796524048,-1.089294672012329,0.27880579233169556,0.6720176339149475,-0.9206732511520386,0.687034547328949,0.6441279649734497,-1.1998813152313232,0.28062498569488525,0.6982821226119995,-1.0388211011886597,0.651636004447937,0.6062799692153931,-1.2024089097976685,0.31233808398246765,0.6600793600082397,-1.0592536926269531,0.6448809504508972,0.6205713748931885,-1.0950753688812256,0.320591002702713,0.6527631878852844,-0.938193678855896,0.6187781095504761,0.8410205245018005,0.030399423092603683,0.43632572889328003,0.8439499139785767,-0.031002184376120567,0.7528573870658875,1.0653313398361206,-0.2874440848827362,0.370655357837677,1.0922298431396484,-0.36994418501853943,0.6092538237571716,1.3699309825897217,-0.1882493644952774,0.4272066056728363,1.4493520259857178,-0.05375755950808525,0.5864367485046387,1.4178117513656616,-0.19051682949066162,0.4394533038139343,1.4965020418167114,-0.027570169419050217,0.5659059286117554,1.4835706949234009,-0.44864144921302795,0.47107166051864624,1.5960490703582764,-0.2463071048259735
frame_00067.jpg,0.5469652414321899,0.21855787932872772,-0.6032841801643372,0.5789396166801453,0.1813289374113083,-0.5547823905944824,0.5934569835662842,0.18566161394119263,-0.555307149887085,0.6070448756217957,0.19011370837688446,-0.5551640391349792,0.5345277786254883,0.16439637541770935,-0.5532155632972717,0.5212579369544983,0.15862160921096802,-0.5537176132202148,0.509102463722229,0.1536201387643814,-0.5539613962173462,0.6316088438034058,0.21129901707172394,-0.2658613324165344,0.49783629179000854,0.17099334299564362,-0.25858423113822937,0.5731015205383301,0.27320602536201477,-0.4899018704891205,0.5154567360877991,0.24973885715007782,-0.49343952536582947,0.6756277084350586,0.39626985788345337,-0.11581025272607803,0.3949711322784424,0.3901135325431824,-0.10506626218557358,0.7822410464286804,0.6217696070671082,-0.36725887656211853,0.24462871253490448,0.627699077129364,-0.3152543604373932,0.6986883282661438,0.6653123497962952,-0.9643726348876953,0.27909594774246216,0.6712952852249146,-0.8433489799499512,0.6916993856430054,0.6439021825790405,-1.0915883779525757,0.2804203927516937,0.6945323348045349,-0.9663907885551453,0.6566122770309448,0.6036117076873779,-1.1070936918258667,0.3117145597934723,0.6570150256156921,-0.9887856245040894,0.6479517817497253,0.6191063523292542,-0.9803938865661621,0.3205539882183075,0.6506866216659546,-0.865705668926239,0.6181198358535767,0.8408162593841553,0.03181840479373932,0.43668419122695923,0.8434541821479797,-0.03242657333612442,0.7570788860321045,1.0258991718292236,-0.36589568853378296,0.35785627365112305,1.05971097946167,-0.47433367371559143,0.610221803188324,1.3575422763824463,-0.28521305322647095,0.4244421422481537,1.4263302087783813,-0.16159024834632874,0.5842093825340271,1.4153233766555786,-0.2876778244972229,0.4385383725166321,1.4692031145095825,-0.13263368606567383,0.567959189414978,1.4769102334976196,-0.5384687185287476,0.4631080627441406,1.5658762454986572,-0.3340359926223755
frame_00068.jpg,0.5463337898254395,0.21904264390468597,-0.6124502420425415,0.5781813263893127,0.18166431784629822,-0.5656662583351135,0.592462420463562,0.18598885834217072,-0.5662208795547485,0.6061509251594543,0.19051408767700195,-0.5660930275917053,0.5342566967010498,0.16443467140197754,-0.564339816570282,0.5210316181182861,0.1586124449968338,-0.5648379921913147,0.5088821649551392,0.15356554090976715,-0.5650840997695923,0.6312187314033508,0.2114582657814026,-0.2760402262210846,0.497816801071167,0.1707083135843277,-0.2697030007839203,0.5725562572479248,0.27351680397987366,-0.5012915134429932,0.5152504444122314,0.2504633367061615,-0.5046545267105103,0.6763010621070862,0.3962138891220093,-0.11856917291879654,0.39524632692337036,0.39005884528160095,-0.11606248468160629,0.7863080501556396,0.6213704347610474,-0.38052263855934143,0.24796023964881897,0.6274698376655579,-0.33878040313720703,0.7046610116958618,0.6605865359306335,-0.9735806584358215,0.28190451860427856,0.6705914735794067,-0.9257978200912476,0.7005706429481506,0.6366567611694336,-1.1072094440460205,0.2819148600101471,0.6949145793914795,-1.0638245344161987,0.6618325710296631,0.5971964597702026,-1.122652292251587,0.3119298815727234,0.6546787023544312,-1.0803942680358887,0.6528021693229675,0.6127702593803406,-0.991069495677948,0.32110387086868286,0.6481518149375916,-0.9481521844863892,0.6188548803329468,0.8420332074165344,0.03787607699632645,0.43733757734298706,0.8446152806282043,-0.03850936144590378,0.7538925409317017,1.0529124736785889,-0.34613466262817383,0.36460617184638977,1.0898140668869019,-0.4647335112094879,0.6084592342376709,1.358286738395691,-0.2164146900177002,0.4216330051422119,1.4445809125900269,-0.12097419798374176,0.5826559066772461,1.4088540077209473,-0.21487769484519958,0.4265662133693695,1.4931809902191162,-0.09262081235647202,0.5674208402633667,1.4750336408615112,-0.470161110162735,0.45962223410606384,1.5848151445388794,-0.3326440453529358
frame_00069.jpg,0.5462647080421448,0.2193395346403122,-0.7838322520256042,0.5779587030410767,0.18183393776416779,-0.7396321892738342,0.5922104120254517,0.1861267238855362,-0.7402598857879639,0.6059767007827759,0.19063536822795868,-0.7401418089866638,0.5339991450309753,0.16454319655895233,-0.7352768182754517,0.5205681324005127,0.15866868197917938,-0.735779345035553,0.5080714225769043,0.15364232659339905,-0.7360231876373291,0.6312136650085449,0.2115071564912796,-0.4494535028934479,0.49679532647132874,0.17074722051620483,-0.43382030725479126,0.5725380182266235,0.27379411458969116,-0.6689041256904602,0.5151956677436829,0.25139015913009644,-0.6687072515487671,0.6769896745681763,0.3961554765701294,-0.29369214177131653,0.3956380784511566,0.39005085825920105,-0.23860855400562286,0.7884241342544556,0.6205171346664429,-0.5514373779296875,0.2491254359483719,0.625476062297821,-0.4729282259941101,0.7068046927452087,0.6584126353263855,-1.1074297428131104,0.28624898195266724,0.6723448634147644,-1.021836280822754,0.7005628347396851,0.6384656429290771,-1.234234094619751,0.28512948751449585,0.6949280500411987,-1.149521827697754,0.6629136800765991,0.5968355536460876,-1.246169090270996,0.31438732147216797,0.6574889421463013,-1.1660559177398682,0.6540843844413757,0.6108705401420593,-1.1208674907684326,0.32311636209487915,0.6510552763938904,-1.0437910556793213,0.6194353699684143,0.8410106897354126,0.03243556618690491,0.43947678804397583,0.8436219692230225,-0.03303619101643562,0.7427172064781189,1.0834438800811768,-0.31902796030044556,0.37511441111564636,1.0808777809143066,-0.44238629937171936,0.6150177121162415,1.3588125705718994,-0.17236420512199402,0.4430713653564453,1.432580590248108,-0.09871871769428253,0.5949497222900391,1.4045811891555786,-0.17136944830417633,0.4515431821346283,1.4783635139465332,-0.07036761194467545,0.5720621347427368,1.472760558128357,-0.46115750074386597,0.48799294233322144,1.579647183418274,-0.2962311804294586
frame_00070.jpg,0.5462366342544556,0.2193460762500763,-0.6952886581420898,0.5777807235717773,0.18173152208328247,-0.6497882008552551,0.5920019745826721,0.18593725562095642,-0.6503710746765137,0.6058154702186584,0.19014491140842438,-0.6502448320388794,0.5337470173835754,0.164465993642807,-0.6482789516448975,0.520039975643158,0.1585480123758316,-0.6487950086593628,0.5071601867675781,0.15354257822036743,-0.6490453481674194,0.6312415599822998,0.21086964011192322,-0.35867422819137573,0.495506227016449,0.17072683572769165,-0.35479414463043213,0.5726077556610107,0.2738781273365021,-0.5802406072616577,0.515091598033905,0.25141727924346924,-0.582865297794342,0.6779840588569641,0.3961372375488281,-0.22135233879089355,0.3957113027572632,0.3899628520011902,-0.1800861656665802,0.78925621509552,0.620197057723999,-0.4668090343475342,0.2480430155992508,0.6254206895828247,-0.39499351382255554,0.7069894671440125,0.6587681174278259,-1.0099329948425293,0.2862881124019623,0.671524703502655,-0.9234555959701538,0.7008640766143799,0.6380826234817505,-1.1317689418792725,0.28657570481300354,0.6934580206871033,-1.0422652959823608,0.663310170173645,0.5949846506118774,-1.1415212154388428,0.3161558210849762,0.65619957447052,-1.0590981245040894,0.6540380716323853,0.6096572875976562,-1.022598385810852,0.32383090257644653,0.6495784521102905,-0.9437562823295593,0.6191503405570984,0.838384747505188,0.028662150725722313,0.43952375650405884,0.8402835130691528,-0.02927148900926113,0.7522205114364624,1.0341286659240723,-0.37486380338668823,0.35844361782073975,1.0264625549316406,-0.4421154856681824,0.5569890737533569,1.2882847785949707,-0.3589433431625366,0.4430157542228699,1.4006989002227783,-0.15901708602905273,0.5203453302383423,1.3266220092773438,-0.36570003628730774,0.45924997329711914,1.4478309154510498,-0.13384881615638733,0.49454885721206665,1.3913719654083252,-0.6043919324874878,0.48246899247169495,1.5563539266586304,-0.3233061134815216
frame_00071.jpg,0.5463173389434814,0.21916241943836212,-0.6854344606399536,0.5777804851531982,0.18163235485553741,-0.6391143202781677,0.5920068025588989,0.18576569855213165,-0.6396979689598083,0.6058254241943359,0.18983809649944305,-0.6395663022994995,0.5340532064437866,0.16463908553123474,-0.6372805833816528,0.5203608870506287,0.1588347852230072,-0.6377854347229004,0.5074604749679565,0.15383380651474,-0.6380330324172974,0.6313961744308472,0.2107783704996109,-0.35165315866470337,0.49552327394485474,0.17087827622890472,-0.35030192136764526,0.57271409034729,0.2735637426376343,-0.5713697671890259,0.5158079266548157,0.25131261348724365,-0.5739947557449341,0.6786247491836548,0.3961193263530731,-0.21376001834869385,0.39574119448661804,0.3891994059085846,-0.1834193915128708,0.7900439500808716,0.6192495822906494,-0.4654081463813782,0.2467433214187622,0.6251800060272217,-0.3964817225933075,0.7099891901016235,0.6589762568473816,-1.0067474842071533,0.2877578139305115,0.6665765047073364,-0.9368853569030762,0.7083395719528198,0.638348400592804,-1.1306726932525635,0.28776031732559204,0.6922483444213867,-1.0604522228240967,0.6677740812301636,0.5949058532714844,-1.140685796737671,0.3195275664329529,0.655015766620636,-1.0799472332000732,0.6576104164123535,0.6101232767105103,-1.021583914756775,0.3275146484375,0.6489387154579163,-0.9576678276062012,0.6172252893447876,0.8370381593704224,0.024425886571407318,0.43939194083213806,0.8372980952262878,-0.025066325441002846,0.7906823754310608,0.893309473991394,-0.4138578772544861,0.2667882442474365,0.8647186160087585,-0.4379994869232178,0.5529905557632446,1.1825872659683228,-0.3031586706638336,0.41680440306663513,1.2611171007156372,-0.15804286301136017,0.5106745958328247,1.2114287614822388,-0.29755666851997375,0.4421958327293396,1.305037021636963,-0.13083316385746002,0.4942302107810974,1.2837563753128052,-0.5059217214584351,0.4393421709537506,1.3950856924057007,-0.307770311832428
frame_00072.jpg,0.5470060110092163,0.21870389580726624,-0.47749218344688416,0.5779370069503784,0.18106675148010254,-0.4320083260536194,0.5922096967697144,0.18475966155529022,-0.4325391352176666,0.6060436964035034,0.18836137652397156,-0.4324680268764496,0.5358874797821045,0.16525226831436157,-0.42962709069252014,0.5224623084068298,0.1601756066083908,-0.43016648292541504,0.5101405382156372,0.15563492476940155,-0.43044742941856384,0.631585955619812,0.2095881849527359,-0.1702614724636078,0.4981447756290436,0.17203842103481293,-0.1628979742527008,0.5732709169387817,0.2726634442806244,-0.37494751811027527,0.519182026386261,0.2510564923286438,-0.37663716077804565,0.6792946457862854,0.3959975242614746,-0.06532955914735794,0.39677882194519043,0.3875455856323242,-0.03262034058570862,0.7917196750640869,0.6208513975143433,-0.26143959164619446,0.24490825831890106,0.621874213218689,-0.22615444660186768,0.7139254808425903,0.6633312106132507,-0.7563309669494629,0.28827711939811707,0.6604030132293701,-0.7779938578605652,0.7144328951835632,0.6405836343765259,-0.8680024147033691,0.28825801610946655,0.6918243765830994,-0.8992355465888977,0.6733298897743225,0.5955965518951416,-0.8849018216133118,0.320048987865448,0.6536991000175476,-0.9184242486953735,0.6634756326675415,0.6114091277122498,-0.7707446813583374,0.3281284272670746,0.6456215977668762,-0.7988656759262085,0.6163291335105896,0.8340164422988892,0.019551178440451622,0.43928083777427673,0.8335745334625244,-0.020221000537276268,0.8240987062454224,0.823654055595398,-0.38023248314857483,0.2451319694519043,0.7959438562393188,-0.42544254660606384,0.5362176895141602,1.0758482217788696,-0.2560741603374481,0.40527114272117615,1.128195881843567,-0.18192747235298157,0.4893220365047455,1.0948795080184937,-0.25203466415405273,0.4339182376861572,1.1624209880828857,-0.1542382389307022,0.4633009433746338,1.1553547382354736,-0.4205596446990967,0.43409618735313416,1.2374763488769531,-0.30686715245246887
frame_00073.jpg,0.5472654104232788,0.21596919000148773,-0.47376108169555664,0.5779545307159424,0.17771142721176147,-0.4283359944820404,0.5921992063522339,0.1808527410030365,-0.4288681447505951,0.6060015559196472,0.18399372696876526,-0.42881426215171814,0.5372399091720581,0.16491621732711792,-0.4260057508945465,0.5241626501083374,0.16016708314418793,-0.42654091119766235,0.5122416019439697,0.15568013489246368,-0.4268389642238617,0.6315528154373169,0.20617429912090302,-0.1664939820766449,0.49961861968040466,0.17220988869667053,-0.15920796990394592,0.5733508467674255,0.2693789601325989,-0.3712184429168701,0.5208457708358765,0.24937301874160767,-0.3729549050331116,0.680954098701477,0.39466264843940735,-0.062440067529678345,0.39818301796913147,0.3849940299987793,-0.02807796001434326,0.7915663719177246,0.6195593476295471,-0.2577402591705322,0.24239687621593475,0.6192446351051331,-0.23769991099834442,0.7145031094551086,0.6646624803543091,-0.7475867867469788,0.28828534483909607,0.6455795764923096,-0.800356388092041,0.7126054763793945,0.6409424543380737,-0.8583440780639648,0.2880300283432007,0.6809641122817993,-0.9231451153755188,0.6763359308242798,0.5957627892494202,-0.8758218884468079,0.3200959861278534,0.6414697170257568,-0.9418084025382996,0.6665216684341431,0.6119364500045776,-0.7619972825050354,0.3282935321331024,0.6328480839729309,-0.8217525482177734,0.6164883375167847,0.8326255083084106,0.017582625150680542,0.44351276755332947,0.833271324634552,-0.01821311190724373,0.8430217504501343,0.794828474521637,-0.3892088830471039,0.245432049036026,0.7813208103179932,-0.4545375406742096,0.5415849089622498,1.0536073446273804,-0.2740061581134796,0.40562087297439575,1.1134802103042603,-0.21701201796531677,0.49491769075393677,1.0737683773040771,-0.264983594417572,0.4337911009788513,1.1457549333572388,-0.18806235492229462,0.46911436319351196,1.1274001598358154,-0.4467445909976959,0.4360984265804291,1.2222610712051392,-0.34156909584999084
frame_00074.jpg,0.547179102897644,0.2135036289691925,-0.5376437902450562,0.5779144167900085,0.17512093484401703,-0.4920908808708191,0.5920407176017761,0.17830432951450348,-0.49264973402023315,0.6058881878852844,0.18162259459495544,-0.49257105588912964,0.5376230478286743,0.1640302538871765,-0.490161657333374,0.5248186588287354,0.15982751548290253,-0.49068403244018555,0.5131089687347412,0.1555776596069336,-0.4909629821777344,0.6315845251083374,0.20499803125858307,-0.2196292132139206,0.5001994967460632,0.1722356379032135,-0.2121386080980301,0.5733109712600708,0.26700812578201294,-0.4312320649623871,0.5210927724838257,0.24775099754333496,-0.4335862696170807,0.682436466217041,0.3930598497390747,-0.09601247310638428,0.3994150757789612,0.383646160364151,-0.06702874600887299,0.7902921438217163,0.619549036026001,-0.3112151324748993,0.24284252524375916,0.6130312085151672,-0.2886192202568054,0.7157756686210632,0.6654282808303833,-0.8377664685249329,0.2810318171977997,0.6328976154327393,-0.8981501460075378,0.715232253074646,0.6409556269645691,-0.9564139246940613,0.27861517667770386,0.6648111343383789,-1.0369949340820312,0.68336421251297,0.5942289233207703,-0.9740960001945496,0.3148018717765808,0.6315668225288391,-1.0623869895935059,0.6706390976905823,0.6121570467948914,-0.8538495898246765,0.3235161602497101,0.6251956224441528,-0.9244905710220337,0.6166971921920776,0.8306030631065369,0.01576702669262886,0.4441503882408142,0.8329940438270569,-0.01638512685894966,0.8332161903381348,0.8122902512550354,-0.4617045819759369,0.24521759152412415,0.7980459928512573,-0.4949107766151428,0.5395179986953735,1.0506619215011597,-0.3456988036632538,0.3887872099876404,1.1287848949432373,-0.20573754608631134,0.49180322885513306,1.075878381729126,-0.33881843090057373,0.4127036929130554,1.1669539213180542,-0.17494329810142517,0.4733707010746002,1.1192574501037598,-0.5663924217224121,0.4095836579799652,1.2402899265289307,-0.35287246108055115
frame_00075.jpg,0.5474612712860107,0.21131335198879242,-0.7880171537399292,0.5779807567596436,0.17279349267482758,-0.7417901158332825,0.5920424461364746,0.17570140957832336,-0.7424278259277344,0.6058740019798279,0.17888227105140686,-0.7423626780509949,0.5384407043457031,0.16367840766906738,-0.740240752696991,0.525593638420105,0.1598145067691803,-0.740872323513031,0.513846755027771,0.15563736855983734,-0.7412843108177185,0.6315129995346069,0.2021685540676117,-0.4488852918148041,0.5002540946006775,0.17237511277198792,-0.44293317198753357,0.5734509229660034,0.2639436423778534,-0.6725499033927917,0.5220409631729126,0.2459486424922943,-0.6747676134109497,0.6842148303985596,0.39286333322525024,-0.2696245312690735,0.40153583884239197,0.3823804557323456,-0.2584506571292877,0.7738053798675537,0.6296722888946533,-0.5272554159164429,0.2432275116443634,0.6124324798583984,-0.503299355506897,0.7164088487625122,0.6654300093650818,-1.1329052448272705,0.2787359356880188,0.6286360621452332,-1.1298582553863525,0.7223581075668335,0.6357488632202148,-1.2712548971176147,0.2759389877319336,0.6567677855491638,-1.2768409252166748,0.6938199400901794,0.5875718593597412,-1.303682565689087,0.3121330738067627,0.6195719838142395,-1.3031423091888428,0.6771985292434692,0.6075479984283447,-1.1584964990615845,0.3207540214061737,0.6138052344322205,-1.1570541858673096,0.612899899482727,0.8305990099906921,0.015787314623594284,0.4417267441749573,0.8247993588447571,-0.01638858951628208,0.7957016825675964,0.8466631174087524,-0.41833359003067017,0.24618811905384064,0.7961558699607849,-0.4902956485748291,0.557306170463562,1.1182125806808472,-0.17832079529762268,0.3248026669025421,1.1724393367767334,-0.17369532585144043,0.5112236738204956,1.1469142436981201,-0.16282787919044495,0.3436698317527771,1.2217495441436768,-0.14308401942253113,0.5390857458114624,1.2027778625488281,-0.40096116065979004,0.3069000840187073,1.2962406873703003,-0.3426872491836548
frame_00076.jpg,0.5474719405174255,0.21052773296833038,-0.7360398769378662,0.5779815912246704,0.17022088170051575,-0.6900787353515625,0.5920037627220154,0.17238810658454895,-0.6906805038452148,0.6057977080345154,0.1751563847064972,-0.6906091570854187,0.5384462475776672,0.16351518034934998,-0.6878056526184082,0.5256422758102417,0.15984125435352325,-0.6884073615074158,0.5138722658157349,0.15609100461006165,-0.6888002157211304,0.6313222050666809,0.19625848531723022,-0.40370696783065796,0.5002882480621338,0.17278951406478882,-0.39486926794052124,0.573628306388855,0.2626546621322632,-0.6229703426361084,0.5225383043289185,0.24577754735946655,-0.6242433786392212,0.6873029470443726,0.3928369879722595,-0.24457386136054993,0.40401285886764526,0.37924322485923767,-0.2119588404893875,0.7691081762313843,0.6715619564056396,-0.4819609224796295,0.2518424391746521,0.6116101145744324,-0.44809770584106445,0.7177764177322388,0.6688358187675476,-1.046160340309143,0.27892282605171204,0.6041222810745239,-1.067605972290039,0.7267864346504211,0.6306729912757874,-1.1735090017318726,0.2651140093803406,0.6270323395729065,-1.2075634002685547,0.7001141309738159,0.5849278569221497,-1.2023893594741821,0.3077494502067566,0.6048478484153748,-1.2313387393951416,0.6831126809120178,0.6079002618789673,-1.0683984756469727,0.32082599401474,0.6015016436576843,-1.0934958457946777,0.6129909753799438,0.8320310711860657,0.004541218746453524,0.4420529901981354,0.8248993754386902,-0.005092986393719912,0.7857379913330078,0.8592613935470581,-0.4576757848262787,0.24590234458446503,0.7783209681510925,-0.49768003821372986,0.5556725859642029,1.1324715614318848,-0.19512733817100525,0.34802886843681335,1.1525825262069702,-0.16164357960224152,0.5124643445014954,1.1661216020584106,-0.18131837248802185,0.36909663677215576,1.2059866189956665,-0.1273048222064972,0.530357837677002,1.22200345993042,-0.3998110294342041,0.33764103055000305,1.272708773612976,-0.3117220997810364
frame_00077.jpg,0.5476080179214478,0.20956729352474213,-0.698417067527771,0.5779618620872498,0.16806674003601074,-0.6506462097167969,0.5919250249862671,0.16973662376403809,-0.6512355208396912,0.6056578755378723,0.17210640013217926,-0.6511574387550354,0.5387312173843384,0.16301003098487854,-0.6488351821899414,0.5262174606323242,0.15974266827106476,-0.6493991017341614,0.5146096348762512,0.15611042082309723,-0.6497361063957214,0.6310312151908875,0.19177384674549103,-0.37234029173851013,0.5006158351898193,0.1729128658771515,-0.3608855903148651,0.5739591121673584,0.2612473666667938,-0.5855920314788818,0.5234554409980774,0.24541522562503815,-0.5885947346687317,0.6895171403884888,0.3926343023777008,-0.22268781065940857,0.40399861335754395,0.37834101915359497,-0.19245579838752747,0.7707613706588745,0.6822577714920044,-0.45708736777305603,0.2508835792541504,0.6133598685264587,-0.399650901556015,0.7193487882614136,0.6688781976699829,-1.020227313041687,0.27906733751296997,0.6112270951271057,-1.0580992698669434,0.729098379611969,0.6251077055931091,-1.1330946683883667,0.26702362298965454,0.6345105767250061,-1.1818568706512451,0.7046772241592407,0.5782011151313782,-1.1692529916763306,0.3069562613964081,0.602118730545044,-1.2241361141204834,0.6875575184822083,0.6068244576454163,-1.0440897941589355,0.32076162099838257,0.6010205745697021,-1.088674783706665,0.6134434342384338,0.8321908712387085,0.0019321620929986238,0.4431081712245941,0.8241279125213623,-0.0024483792949467897,0.800457775592804,0.8269878029823303,-0.44170570373535156,0.24976153671741486,0.7985004186630249,-0.489448606967926,0.5357571840286255,1.1096545457839966,-0.278729110956192,0.40857523679733276,1.137139916419983,-0.16379016637802124,0.48810166120529175,1.1377724409103394,-0.2679244875907898,0.43588757514953613,1.1758477687835693,-0.12892131507396698,0.4833599030971527,1.1896580457687378,-0.4720815122127533,0.4227767586708069,1.2407170534133911,-0.3020615577697754
frame_00078.jpg,0.5488513708114624,0.20538383722305298,-0.5292454957962036,0.5783023238182068,0.16300687193870544,-0.4816267490386963,0.5923372507095337,0.16425351798534393,-0.48219871520996094,0.6060774922370911,0.1666918247938156,-0.48211970925331116,0.5390439629554749,0.15996162593364716,-0.47920265793800354,0.5265003442764282,0.15771999955177307,-0.4797455370426178,0.5149023532867432,0.15491819381713867,-0.48006004095077515,0.6310885548591614,0.18724006414413452,-0.2206324338912964,0.5006031394004822,0.17290166020393372,-0.20942112803459167,0.5756155848503113,0.25472694635391235,-0.42765316367149353,0.5258004069328308,0.24237170815467834,-0.42856091260910034,0.6892973184585571,0.38977116346359253,-0.12605221569538116,0.4056645333766937,0.37774232029914856,-0.07144288718700409,0.7885943651199341,0.6223188638687134,-0.3209271728992462,0.2528251111507416,0.6015996336936951,-0.2910352051258087,0.7202196717262268,0.672290563583374,-0.8029428720474243,0.27790123224258423,0.6155089139938354,-0.8651768565177917,0.7272138595581055,0.7030977010726929,-0.9124776124954224,0.26831892132759094,0.6391027569770813,-0.9849160313606262,0.6911079287528992,0.6170887351036072,-0.9330164194107056,0.30632010102272034,0.6049975156784058,-1.0126707553863525,0.6869900226593018,0.628522515296936,-0.81892329454422,0.31670016050338745,0.6010224223136902,-0.8907697796821594,0.6126607060432434,0.8243741989135742,0.0005614742985926569,0.44313424825668335,0.8166386485099792,-0.0011187701020389795,0.8067852854728699,0.8294607996940613,-0.42929092049598694,0.2434690296649933,0.7802461981773376,-0.4797270894050598,0.5294901132583618,1.0631067752838135,-0.28549736738204956,0.40774303674697876,1.0633471012115479,-0.18606796860694885,0.4835779070854187,1.0828851461410522,-0.276070773601532,0.43659496307373047,1.0938735008239746,-0.15335416793823242,0.46003493666648865,1.142882227897644,-0.4682236313819885,0.42647823691368103,1.1745282411575317,-0.30078914761543274
frame_00079.jpg,0.549990713596344,0.2024843394756317,-0.7407320141792297,0.5787950158119202,0.16046281158924103,-0.7008084654808044,0.5928124189376831,0.16177454590797424,-0.7014684677124023,0.6064771413803101,0.16450227797031403,-0.7013850212097168,0.5398594737052917,0.15771269798278809,-0.702125608921051,0.5272709131240845,0.15580815076828003,-0.7026785612106323,0.5155311226844788,0.15324071049690247,-0.702938973903656,0.6311513781547546,0.18608364462852478,-0.44122833013534546,0.5006405711174011,0.17260006070137024,-0.4504103660583496,0.576262354850769,0.25046515464782715,-0.636864960193634,0.5269032716751099,0.23965953290462494,-0.6439040899276733,0.6886160373687744,0.3859134912490845,-0.3006565272808075,0.40766119956970215,0.3760322034358978,-0.27280211448669434,0.801620602607727,0.5949503779411316,-0.4956865906715393,0.252188503742218,0.6026067733764648,-0.47132015228271484,0.7172509431838989,0.6543926000595093,-0.9866908192634583,0.2905210852622986,0.6507479548454285,-0.9380903244018555,0.7074319124221802,0.6873313188552856,-1.1031821966171265,0.3047899305820465,0.6996453404426575,-1.0430601835250854,0.6658285856246948,0.6239983439445496,-1.1095998287200928,0.3442734479904175,0.6562880277633667,-1.0610698461532593,0.6676921844482422,0.6272642016410828,-0.9960131645202637,0.33539751172065735,0.6512553095817566,-0.9567962884902954,0.6037877798080444,0.8195119500160217,0.02058310993015766,0.43623700737953186,0.8082051873207092,-0.021088773384690285,0.7906272411346436,0.8384153842926025,-0.17807015776634216,0.2702622711658478,0.7906200289726257,-0.47712427377700806,0.5342876315116882,1.074049711227417,0.10488057136535645,0.4069804251194,1.109281301498413,-0.17246578633785248,0.4902976453304291,1.1047101020812988,0.1268928050994873,0.4293845295906067,1.1456810235977173,-0.1391185224056244,0.47327256202697754,1.1975750923156738,-0.04162053391337395,0.42176055908203125,1.1787217855453491,-0.28433704376220703
frame_00080.jpg,0.5497211813926697,0.19872410595417023,-0.6994645595550537,0.5785499811172485,0.15706893801689148,-0.6566840410232544,0.5926456451416016,0.1593344509601593,-0.6573065519332886,0.6063834428787231,0.16268710792064667,-0.6572299599647522,0.5396227240562439,0.15192817151546478,-0.6562170386314392,0.5272151827812195,0.14976416528224945,-0.656771183013916,0.515481173992157,0.14731541275978088,-0.6570660471916199,0.6312950253486633,0.18603840470314026,-0.3933599889278412,0.5006325244903564,0.16989192366600037,-0.3973162770271301,0.5759364366531372,0.24822856485843658,-0.5936723351478577,0.5263140201568604,0.23873472213745117,-0.5983514189720154,0.6871131658554077,0.3841533958911896,-0.2636878490447998,0.4075116217136383,0.3758879601955414,-0.24795997142791748,0.8045946955680847,0.5846717357635498,-0.4658220708370209,0.25169673562049866,0.6041518449783325,-0.45058876276016235,0.716239333152771,0.6352204084396362,-0.9749828577041626,0.28970250487327576,0.6644219160079956,-0.9149929285049438,0.7045936584472656,0.6859512329101562,-1.0988001823425293,0.3001062870025635,0.706462562084198,-1.0224225521087646,0.6615980863571167,0.6212289333343506,-1.104722261428833,0.33878347277641296,0.6719042658805847,-1.0418801307678223,0.6610425114631653,0.6262123584747314,-0.9885417819023132,0.3351430296897888,0.6641215085983276,-0.9342920184135437,0.6020004749298096,0.8180522322654724,0.024731434881687164,0.43405812978744507,0.8095954060554504,-0.025260675698518753,0.8007556200027466,0.8423043489456177,-0.2757526934146881,0.25318390130996704,0.7976110577583313,-0.42931094765663147,0.5358988642692566,1.0879417657852173,-0.06507954001426697,0.4343833029270172,1.1073106527328491,-0.16722425818443298,0.492656409740448,1.1118220090866089,-0.05123906210064888,0.4619936943054199,1.1394932270050049,-0.1352768838405609,0.4742547869682312,1.1869006156921387,-0.2603013813495636,0.46611422300338745,1.2136536836624146,-0.2580081820487976
frame_00081.jpg,0.5499951243400574,0.19214561581611633,-0.5971831679344177,0.5785349011421204,0.1502958983182907,-0.546714186668396,0.5927184820175171,0.15188093483448029,-0.5472804307937622,0.6067601442337036,0.15409258008003235,-0.5471675992012024,0.539448618888855,0.1449073702096939,-0.546347975730896,0.5271262526512146,0.14292465150356293,-0.5468944311141968,0.5153235197067261,0.14097394049167633,-0.5471541881561279,0.6323578953742981,0.17787408828735352,-0.2653215825557709,0.5006244778633118,0.16756731271743774,-0.26563355326652527,0.5765259861946106,0.23982621729373932,-0.48766642808914185,0.5265150666236877,0.2342338114976883,-0.4918631613254547,0.6870381832122803,0.38250410556793213,-0.15536470711231232,0.4116075038909912,0.3750499188899994,-0.1299261450767517,0.8043743371963501,0.5782195925712585,-0.374140202999115,0.26052194833755493,0.6011792421340942,-0.31656813621520996,0.7151368856430054,0.6426066160202026,-0.897072970867157,0.2919181287288666,0.6702845692634583,-0.787558913230896,0.6954721212387085,0.6803805828094482,-1.0195763111114502,0.2985806465148926,0.7177736163139343,-0.8963088989257812,0.6597934365272522,0.6305215358734131,-1.0298759937286377,0.3349218964576721,0.6793716549873352,-0.924561619758606,0.6612772345542908,0.6265524625778198,-0.9110967516899109,0.3360002040863037,0.6695133447647095,-0.8109315633773804,0.6047196388244629,0.8209102749824524,0.023997509852051735,0.4366183280944824,0.8161897659301758,-0.024537110701203346,0.7820528745651245,0.9242140054702759,-0.3027285933494568,0.2542519271373749,0.831298291683197,-0.4316248297691345,0.5095275640487671,1.10049569606781,-0.14452184736728668,0.44447627663612366,1.127728819847107,-0.11014361679553986,0.4658333659172058,1.1282211542129517,-0.14070996642112732,0.46930280327796936,1.1633819341659546,-0.07214952260255814,0.43363508582115173,1.1950024366378784,-0.3842337429523468,0.4896124303340912,1.2426526546478271,-0.22583630681037903
frame_00082.jpg,0.5497340559959412,0.1880844086408615,-0.5998793840408325,0.5771900415420532,0.14574551582336426,-0.5488606095314026,0.5919946432113647,0.1467813104391098,-0.5494003891944885,0.606306791305542,0.14817729592323303,-0.5492607355117798,0.5379873514175415,0.14023876190185547,-0.5472831726074219,0.5256174206733704,0.13841184973716736,-0.5478447675704956,0.5134204030036926,0.1371292769908905,-0.548125147819519,0.6324082612991333,0.1711871474981308,-0.26260870695114136,0.4997618794441223,0.1660442352294922,-0.2554892599582672,0.5765013694763184,0.23469403386116028,-0.48872265219688416,0.526346743106842,0.23144462704658508,-0.4910197854042053,0.686974287033081,0.37951692938804626,-0.13975177705287933,0.41258901357650757,0.374188095331192,-0.11379997432231903,0.8028619885444641,0.5721988677978516,-0.33793905377388,0.26101934909820557,0.6012551188468933,-0.29151660203933716,0.715286135673523,0.6605884432792664,-0.8486048579216003,0.29284584522247314,0.681408703327179,-0.7610657811164856,0.6971274018287659,0.6870236992835999,-0.9691655039787292,0.2997193932533264,0.7298882007598877,-0.8724176287651062,0.6615591645240784,0.6379374861717224,-0.9895392656326294,0.3349422812461853,0.6916645169258118,-0.9020956158638,0.6615073084831238,0.6388874053955078,-0.8662055730819702,0.3392351269721985,0.6795448660850525,-0.7847340703010559,0.6117144227027893,0.8212282657623291,0.021295201033353806,0.44149452447891235,0.8176460862159729,-0.02183515951037407,0.7811751365661621,0.9388081431388855,-0.3272416293621063,0.25573885440826416,0.8307425379753113,-0.4357116222381592,0.5446051955223083,1.1014004945755005,-0.18898481130599976,0.43596163392066956,1.1349213123321533,-0.0607483796775341,0.5107454061508179,1.13127863407135,-0.1829375922679901,0.46069201827049255,1.1674755811691284,-0.017829839140176773,0.457075297832489,1.201144814491272,-0.43041402101516724,0.4716872274875641,1.255228042602539,-0.17509421706199646
frame_00083.jpg,0.548728346824646,0.18585112690925598,-0.48483625054359436,0.5749993920326233,0.14260216057300568,-0.4307181239128113,0.5903932452201843,0.14321093261241913,-0.43124300241470337,0.6049110889434814,0.14392007887363434,-0.4311237931251526,0.536175549030304,0.13833680748939514,-0.4311251640319824,0.5239635109901428,0.13693402707576752,-0.43165794014930725,0.51166170835495,0.13622140884399414,-0.43192845582962036,0.6322792172431946,0.16512204706668854,-0.14578472077846527,0.49935412406921387,0.165306955575943,-0.14714869856834412,0.5764138102531433,0.2315560281276703,-0.37491995096206665,0.5261102914810181,0.22918282449245453,-0.3794092833995819,0.6869102120399475,0.3777766525745392,-0.04270244389772415,0.4123014807701111,0.3738667070865631,-0.0333724245429039,0.8019636273384094,0.5730918049812317,-0.25879567861557007,0.2605419158935547,0.6029142141342163,-0.26058754324913025,0.7157071232795715,0.6605977416038513,-0.7835408449172974,0.2906726002693176,0.6765174865722656,-0.7746895551681519,0.698158860206604,0.6844994425773621,-0.9035064578056335,0.2982587218284607,0.7197603583335876,-0.8923230171203613,0.6627256274223328,0.6368168592453003,-0.9213705062866211,0.33355775475502014,0.6821069717407227,-0.9166466593742371,0.661849856376648,0.6385577321052551,-0.8007370233535767,0.33779478073120117,0.672989010810852,-0.7975655198097229,0.609342098236084,0.8215177059173584,0.020529383793473244,0.44216424226760864,0.822954535484314,-0.021081652492284775,0.7873927354812622,0.9202816486358643,-0.41121211647987366,0.25324156880378723,0.8266990184783936,-0.438161700963974,0.5433894395828247,1.107095718383789,-0.2803579568862915,0.4320351183414459,1.137596607208252,-0.07497665286064148,0.5080179572105408,1.1327868700027466,-0.2717156708240509,0.45780619978904724,1.1694893836975098,-0.034580715000629425,0.4636635184288025,1.188758373260498,-0.49935612082481384,0.46429890394210815,1.2621757984161377,-0.1915712058544159
frame_00084.jpg,0.5480291843414307,0.184816375374794,-0.5940826535224915,0.5729203820228577,0.14023368060588837,-0.5417799353599548,0.5880880951881409,0.14062748849391937,-0.5423811078071594,0.6020205020904541,0.14097557961940765,-0.5423284769058228,0.5335554480552673,0.13666899502277374,-0.5454937815666199,0.5207542777061462,0.1353350579738617,-0.5460109710693359,0.5075536966323853,0.1349509209394455,-0.546241283416748,0.629425585269928,0.16064241528511047,-0.2524900436401367,0.4970911145210266,0.1642768383026123,-0.26813462376594543,0.5763842463493347,0.229808509349823,-0.48184823989868164,0.525702953338623,0.22861453890800476,-0.4901694655418396,0.686089813709259,0.37441954016685486,-0.13119250535964966,0.4122041165828705,0.37347471714019775,-0.1493924856185913,0.8014806509017944,0.5718353390693665,-0.3452165424823761,0.25971725583076477,0.604016125202179,-0.3754575848579407,0.7161831259727478,0.6615883708000183,-0.9040142297744751,0.2956935167312622,0.683989405632019,-0.8724707365036011,0.7037771940231323,0.6809844970703125,-1.0375983715057373,0.32159820199012756,0.7466768622398376,-0.9917075037956238,0.6679927110671997,0.6343511939048767,-1.0603300333023071,0.3586511015892029,0.7015008330345154,-1.0183055400848389,0.6646879315376282,0.6385859251022339,-0.9244987368583679,0.3620983064174652,0.6883848905563354,-0.895196795463562,0.6185067892074585,0.8224164247512817,0.021784476935863495,0.4435868263244629,0.8259705901145935,-0.02234223484992981,0.7944952249526978,0.9038034677505493,-0.41526952385902405,0.2556212544441223,0.8353294730186462,-0.4210143983364105,0.5499769449234009,1.1256465911865234,-0.3107035160064697,0.44888633489608765,1.164253830909729,-0.07552163302898407,0.509871244430542,1.1510108709335327,-0.3056073486804962,0.4741361141204834,1.193080186843872,-0.03792566806077957,0.48298272490501404,1.2134767770767212,-0.5310364365577698,0.4866054952144623,1.2812552452087402,-0.192270889878273
frame_00085.jpg,0.547573983669281,0.18416474759578705,-0.6186257600784302,0.5716012716293335,0.13888300955295563,-0.5647261738777161,0.5868231654167175,0.13913893699645996,-0.5653226375579834,0.6005064845085144,0.13930197060108185,-0.565261721611023,0.5322326421737671,0.13562723994255066,-0.5682830810546875,0.5193821787834167,0.13429893553256989,-0.5687965154647827,0.5060052275657654,0.13393625617027283,-0.5690668821334839,0.6274809241294861,0.1581398844718933,-0.260189414024353,0.4960312843322754,0.1637834757566452,-0.2819279730319977,0.5763238668441772,0.2292914241552353,-0.5028582811355591,0.5255483388900757,0.22814716398715973,-0.5115706324577332,0.6848376989364624,0.37393665313720703,-0.1379890739917755,0.4117046296596527,0.37303057312965393,-0.15103791654109955,0.8010327219963074,0.5706968307495117,-0.34845831990242004,0.2590597867965698,0.6045032739639282,-0.3728436827659607,0.7187310457229614,0.661159873008728,-0.9030911326408386,0.2964231073856354,0.685136079788208,-0.8777775764465332,0.7051790952682495,0.6740491986274719,-1.0357716083526611,0.3161909580230713,0.7380311489105225,-0.9999812841415405,0.6757813096046448,0.6273423433303833,-1.0571982860565186,0.35257062315940857,0.6940765380859375,-1.0284812450408936,0.674494743347168,0.6286206841468811,-0.9239113926887512,0.3560187518596649,0.6829805374145508,-0.9021026492118835,0.61905837059021,0.8234654664993286,0.031618546694517136,0.44414862990379333,0.8284053802490234,-0.032132215797901154,0.7850872874259949,0.9592422246932983,-0.31561535596847534,0.337352991104126,0.9636673331260681,-0.4258297383785248,0.5850839614868164,1.2163368463516235,-0.13967649638652802,0.44801202416419983,1.2838126420974731,-0.050346530973911285,0.547092854976654,1.257398009300232,-0.1329469382762909,0.4603494703769684,1.3268775939941406,-0.012897039763629436,0.5488065481185913,1.318550944328308,-0.3922255039215088,0.47493138909339905,1.4152295589447021,-0.20096895098686218
frame_00086.jpg,0.5474940538406372,0.18477949500083923,-0.4019297659397125,0.571290135383606,0.1397281438112259,-0.35656002163887024,0.5863222479820251,0.14000241458415985,-0.3571200966835022,0.5999206304550171,0.14018885791301727,-0.3570907711982727,0.5321663618087769,0.13630381226539612,-0.35894590616226196,0.5193666219711304,0.1346864104270935,-0.35947442054748535,0.5059754252433777,0.1341860443353653,-0.3597661852836609,0.6268907785415649,0.15913242101669312,-0.11081697791814804,0.49519920349121094,0.16402886807918549,-0.12327085435390472,0.5763165354728699,0.23031087219715118,-0.30633002519607544,0.5254766345024109,0.22822172939777374,-0.31397658586502075,0.6839728355407715,0.3741989731788635,-0.04073866829276085,0.41138744354248047,0.373116672039032,-0.03204333037137985,0.8009822964668274,0.5723389387130737,-0.230782151222229,0.2569212019443512,0.6066209077835083,-0.22975794970989227,0.7179149389266968,0.6647003889083862,-0.6794076561927795,0.33893248438835144,0.7041988372802734,-0.642412543296814,0.7023441791534424,0.6729671359062195,-0.7784959077835083,0.35806503891944885,0.7622527480125427,-0.7374134063720703,0.6697030663490295,0.6322216391563416,-0.783417284488678,0.39729100465774536,0.7140347957611084,-0.7419431209564209,0.6713864207267761,0.6309433579444885,-0.6871655583381653,0.39762651920318604,0.6995923519134521,-0.6539177894592285,0.6225098371505737,0.8276653289794922,0.029201459139585495,0.44517621397972107,0.8304759860038757,-0.029716674238443375,0.8008984327316284,0.9194155931472778,-0.29509514570236206,0.2757101356983185,0.8972322940826416,-0.3356000483036041,0.5691365599632263,1.202255129814148,-0.21026833355426788,0.45597290992736816,1.2099151611328125,-0.10738120973110199,0.5327188372612,1.2214332818984985,-0.20633308589458466,0.4831531047821045,1.2325835227966309,-0.08340655267238617,0.4874630868434906,1.2700830698013306,-0.3958059549331665,0.5030956864356995,1.300850510597229,-0.21057632565498352
frame_00087.jpg,0.5474478006362915,0.18512217700481415,-0.37072116136550903,0.5710263252258301,0.1398402750492096,-0.3283620774745941,0.5860061049461365,0.13992132246494293,-0.3288893401622772,0.5996139049530029,0.13992950320243835,-0.328854501247406,0.5318502187728882,0.1367044895887375,-0.32926952838897705,0.5191258788108826,0.1351786106824875,-0.3298090696334839,0.5057407021522522,0.134606271982193,-0.3301022946834564,0.6266104578971863,0.1584015190601349,-0.09774471074342728,0.49476438760757446,0.16403962671756744,-0.10382162034511566,0.5763114094734192,0.23005132377147675,-0.2802605926990509,0.5254321694374084,0.22834737598896027,-0.2862125039100647,0.6836737990379333,0.3742581605911255,-0.02511139214038849,0.4106929302215576,0.37317362427711487,-0.019014835357666016,0.8026536107063293,0.5741216540336609,-0.18021230399608612,0.25431331992149353,0.6068813800811768,-0.19154800474643707,0.7151152491569519,0.6664217114448547,-0.5704394578933716,0.3453149199485779,0.7109367847442627,-0.5769128203392029,0.6976932287216187,0.6802816390991211,-0.6555447578430176,0.36448729038238525,0.7678086161613464,-0.6649998426437378,0.659720242023468,0.6416457295417786,-0.6566210985183716,0.4011315703392029,0.7189828157424927,-0.668984055519104,0.6641015410423279,0.6361796259880066,-0.574115514755249,0.40105876326560974,0.704331636428833,-0.5872313380241394,0.6194913387298584,0.8269370198249817,0.02864302694797516,0.4441092014312744,0.8300234079360962,-0.029155611991882324,0.8228030204772949,0.8662722110748291,-0.2448911964893341,0.2600542902946472,0.8881804347038269,-0.3618205785751343,0.5593632459640503,1.1651289463043213,-0.17711178958415985,0.4585398733615875,1.179970622062683,-0.12420090287923813,0.5194224715232849,1.175935983657837,-0.16948263347148895,0.48629826307296753,1.1910489797592163,-0.09516018629074097,0.47256842255592346,1.2344822883605957,-0.3129720091819763,0.5171359777450562,1.2698734998703003,-0.2033957540988922
frame_00088.jpg,0.5473343133926392,0.1853610873222351,-0.39961332082748413,0.5708544850349426,0.13988938927650452,-0.3563166558742523,0.5858601331710815,0.1399662047624588,-0.3568911850452423,0.5995185375213623,0.13998450338840485,-0.35685253143310547,0.5309838056564331,0.13652877509593964,-0.3552071452140808,0.517986536026001,0.13499222695827484,-0.35573676228523254,0.504250168800354,0.13453389704227448,-0.35601478815078735,0.626562237739563,0.1580677479505539,-0.1214427724480629,0.4932282567024231,0.16334247589111328,-0.11799812316894531,0.5763061046600342,0.23033472895622253,-0.3078061640262604,0.5249818563461304,0.22850878536701202,-0.3108973801136017,0.6825553178787231,0.37430745363235474,-0.05815056711435318,0.40636324882507324,0.37411439418792725,-0.016434339806437492,0.8025013208389282,0.573901355266571,-0.20491299033164978,0.25122469663619995,0.6057454347610474,-0.2010132521390915,0.7112593054771423,0.6739040017127991,-0.5830493569374084,0.3074365258216858,0.6667908430099487,-0.6506019830703735,0.6878578662872314,0.7002931833267212,-0.6697689294815063,0.3054123818874359,0.701847493648529,-0.7486763000488281,0.6526002287864685,0.6609390377998352,-0.6813708543777466,0.3426213562488556,0.6541035175323486,-0.7654157876968384,0.6593903303146362,0.6561192870140076,-0.5915518403053284,0.354820191860199,0.666182816028595,-0.668976902961731,0.6173007488250732,0.8265016078948975,0.018398376181721687,0.44356197118759155,0.8299708962440491,-0.018898198381066322,0.830119252204895,0.8565845489501953,-0.27384108304977417,0.24255141615867615,0.8560073375701904,-0.3790324628353119,0.5391820073127747,1.110923171043396,-0.18348564207553864,0.4553261399269104,1.0837242603302002,-0.18341121077537537,0.49737510085105896,1.1186236143112183,-0.17617037892341614,0.4847277104854584,1.0953261852264404,-0.15287795662879944,0.4432189464569092,1.178625464439392,-0.30054110288619995,0.5131879448890686,1.1628048419952393,-0.20978617668151855
frame_00089.jpg,0.5473200082778931,0.18400494754314423,-0.424198716878891,0.5706804990768433,0.13849951326847076,-0.3739855885505676,0.5857187509536743,0.13839474320411682,-0.3745412230491638,0.5993925333023071,0.13824807107448578,-0.3744654059410095,0.5303565859794617,0.13457566499710083,-0.376189261674881,0.517210841178894,0.13290806114673615,-0.37669143080711365,0.5034631490707397,0.1325344443321228,-0.37694051861763,0.6264640092849731,0.15506671369075775,-0.11116230487823486,0.49211233854293823,0.16149689257144928,-0.12161896377801895,0.5763577222824097,0.2277098298072815,-0.32317522168159485,0.5249676704406738,0.2269180864095688,-0.3300686478614807,0.6825447082519531,0.37342923879623413,-0.03025996685028076,0.4044274687767029,0.37412503361701965,-0.011302209459245205,0.8022298812866211,0.5748857259750366,-0.2219342291355133,0.24287664890289307,0.6044245362281799,-0.23288753628730774,0.709566593170166,0.6734673976898193,-0.6883354187011719,0.2853095531463623,0.6393765807151794,-0.6961592435836792,0.68442302942276,0.6899662017822266,-0.7915295362472534,0.285673052072525,0.6710179448127747,-0.8253524899482727,0.6517340540885925,0.6438127160072327,-0.8044098019599915,0.3177433907985687,0.6204308867454529,-0.8385562896728516,0.6577854156494141,0.6461940407752991,-0.699846625328064,0.3257693648338318,0.6154993176460266,-0.7186923027038574,0.6168190836906433,0.826251208782196,0.018213938921689987,0.44169896841049194,0.8293426036834717,-0.018728025257587433,0.8244471549987793,0.8532646894454956,-0.3952691853046417,0.24447891116142273,0.8559472560882568,-0.4111069142818451,0.5317777991294861,1.1130964756011963,-0.3034055829048157,0.4358654022216797,1.1688114404678345,-0.16629928350448608,0.48902422189712524,1.1198623180389404,-0.29641395807266235,0.4631471633911133,1.1983106136322021,-0.13476607203483582,0.4511722922325134,1.1958225965499878,-0.46827301383018494,0.4744356572628021,1.2935872077941895,-0.24465981125831604
frame_00090.jpg,0.547242283821106,0.1827252209186554,-0.6225678324699402,0.5703989267349243,0.13619573414325714,-0.575246274471283,0.585652232170105,0.13596396148204803,-0.5758612751960754,0.5994061827659607,0.13589613139629364,-0.5757756233215332,0.5297101736068726,0.13187327980995178,-0.5769534111022949,0.5163983106613159,0.1300680935382843,-0.577450692653656,0.5026282072067261,0.129673033952713,-0.5777178406715393,0.6264764666557312,0.15273921191692352,-0.30428701639175415,0.49096789956092834,0.1596807986497879,-0.3127276301383972,0.5764962434768677,0.22602124512195587,-0.5167859792709351,0.525032103061676,0.2258068174123764,-0.5230990648269653,0.6826620697975159,0.37279120087623596,-0.20389926433563232,0.4034993648529053,0.3739951252937317,-0.1690005660057068,0.8014742136001587,0.5738235116004944,-0.45337361097335815,0.23821184039115906,0.6031257510185242,-0.43699151277542114,0.7091962695121765,0.6626634001731873,-1.0012685060501099,0.28695961833000183,0.6236103177070618,-1.006109595298767,0.6853131055831909,0.6679535508155823,-1.128371000289917,0.2886852025985718,0.6516972184181213,-1.139256238937378,0.6527237892150879,0.6196494698524475,-1.144642949104309,0.3218443989753723,0.6077460050582886,-1.1555261611938477,0.6569264531135559,0.6268947124481201,-1.0172419548034668,0.32743507623672485,0.6006886959075928,-1.0281771421432495,0.6199167370796204,0.8256906270980835,0.014637812972068787,0.44201669096946716,0.8260878324508667,-0.015149185433983803,0.7800714373588562,0.9404695630073547,-0.40276676416397095,0.24537107348442078,0.8536032438278198,-0.47669973969459534,0.5375617146492004,1.16844642162323,-0.2791826128959656,0.4344367980957031,1.1979457139968872,-0.17685964703559875,0.4990580081939697,1.195755124092102,-0.27937689423561096,0.46300798654556274,1.2367026805877686,-0.14451175928115845,0.47826963663101196,1.2693982124328613,-0.4659939706325531,0.4610196053981781,1.3315494060516357,-0.2772037386894226
frame_00091.jpg,0.5466477870941162,0.18154193460941315,-0.7246567010879517,0.5693762302398682,0.1347302943468094,-0.6760959029197693,0.5845199823379517,0.13453735411167145,-0.6767222881317139,0.5983937978744507,0.13442984223365784,-0.6766322255134583,0.5274795889854431,0.1303858608007431,-0.6782530546188354,0.5134420394897461,0.12900441884994507,-0.6787596344947815,0.49973106384277344,0.12911957502365112,-0.6790338754653931,0.6253275871276855,0.15078970789909363,-0.3896883726119995,0.48822808265686035,0.15862293541431427,-0.39922085404396057,0.5764017105102539,0.2248312085866928,-0.6122171878814697,0.5245004892349243,0.22473089396953583,-0.6188218593597412,0.6826152801513672,0.3725724518299103,-0.2626662850379944,0.40272364020347595,0.37332141399383545,-0.23630419373512268,0.8013793230056763,0.5743261575698853,-0.5057166814804077,0.23791854083538055,0.6015953421592712,-0.5174158811569214,0.7088257074356079,0.6620094180107117,-1.0581384897232056,0.2859479784965515,0.6009599566459656,-1.1109031438827515,0.6864505410194397,0.6578998565673828,-1.1848928928375244,0.28451645374298096,0.6171755194664001,-1.2472074031829834,0.6536282300949097,0.6093515157699585,-1.2020155191421509,0.31707626581192017,0.5803665518760681,-1.2624635696411133,0.656342089176178,0.6203777194023132,-1.0744884014129639,0.32685309648513794,0.5797268152236938,-1.1329439878463745,0.6190294623374939,0.8243229389190674,0.012354457750916481,0.4411830008029938,0.821593701839447,-0.012861689552664757,0.7589343786239624,0.9536527991294861,-0.44014254212379456,0.25526347756385803,0.8540509939193726,-0.4722839295864105,0.5330394506454468,1.1642128229141235,-0.2652585208415985,0.42710375785827637,1.2321783304214478,-0.1259387880563736,0.49528512358665466,1.1910525560379028,-0.257295697927475,0.4548305571079254,1.274535059928894,-0.08865728229284286,0.4757670760154724,1.2603451013565063,-0.44793954491615295,0.44553446769714355,1.3710933923721313,-0.24549071490764618
frame_00092.jpg,0.545497715473175,0.18095023930072784,-0.7394694089889526,0.5679097175598145,0.1336224526166916,-0.6934520602226257,0.5828383564949036,0.13320401310920715,-0.6940973997116089,0.5969017744064331,0.13288268446922302,-0.6940258741378784,0.525420069694519,0.1297793984413147,-0.6949378252029419,0.5111929178237915,0.12867413461208344,-0.6954464912414551,0.4978317618370056,0.12905816733837128,-0.6957272291183472,0.6234501600265503,0.14856576919555664,-0.4174882769584656,0.4869210720062256,0.1578344851732254,-0.42293548583984375,0.5757386684417725,0.22348909080028534,-0.6306437849998474,0.5236889719963074,0.22385211288928986,-0.63605135679245,0.682578444480896,0.37230169773101807,-0.2965937852859497,0.40266960859298706,0.3717205822467804,-0.2606758177280426,0.8016846776008606,0.5745718479156494,-0.5400876998901367,0.23741121590137482,0.599769651889801,-0.5390862822532654,0.7083730101585388,0.6530429720878601,-1.0847922563552856,0.28683748841285706,0.576758086681366,-1.1113011837005615,0.6871972680091858,0.6435893177986145,-1.2077815532684326,0.2868642508983612,0.5791719555854797,-1.2411435842514038,0.6531672477722168,0.6009743213653564,-1.219290852546692,0.32030627131462097,0.5530115962028503,-1.2506409883499146,0.6546550393104553,0.6133324503898621,-1.098047137260437,0.32703012228012085,0.5534152984619141,-1.1301381587982178,0.6125158071517944,0.8241604566574097,0.006482627242803574,0.4387284219264984,0.8176364302635193,-0.007025246508419514,0.7674877047538757,0.9204132556915283,-0.4255645275115967,0.25399136543273926,0.8415554761886597,-0.4521842896938324,0.5207732915878296,1.1174248456954956,-0.25764408707618713,0.4240993559360504,1.1722087860107422,-0.07568533718585968,0.48348814249038696,1.136259913444519,-0.2552521526813507,0.4528002142906189,1.2066375017166138,-0.03523043915629387,0.45214301347732544,1.1958492994308472,-0.4111382067203522,0.4450071454048157,1.2974787950515747,-0.15208449959754944
frame_00093.jpg,0.544948935508728,0.1801375299692154,-0.7892091274261475,0.5670582056045532,0.13168686628341675,-0.7442466616630554,0.5818526148796082,0.130954772233963,-0.7449070811271667,0.5960196256637573,0.13054336607456207,-0.7448488473892212,0.5243211984634399,0.12865230441093445,-0.7477086782455444,0.5100550055503845,0.12801815569400787,-0.7482466697692871,0.4968557357788086,0.1288105845451355,-0.7485612034797668,0.6217392683029175,0.1455124020576477,-0.4698019027709961,0.48608165979385376,0.15736527740955353,-0.484308660030365,0.5756851434707642,0.22193123400211334,-0.6806641221046448,0.5235021710395813,0.22325268387794495,-0.6887117624282837,0.6825743913650513,0.3714490234851837,-0.3345789313316345,0.402571439743042,0.369161456823349,-0.3177947700023651,0.8017191886901855,0.5746661424636841,-0.5803103446960449,0.23057910799980164,0.599905788898468,-0.5864314436912537,0.7084188461303711,0.6532957553863525,-1.143964171409607,0.2915799021720886,0.5911940336227417,-1.1504788398742676,0.6874361038208008,0.643634021282196,-1.2751904726028442,0.30699852108955383,0.5991211533546448,-1.2848749160766602,0.6535733938217163,0.6021923422813416,-1.2910910844802856,0.3318134844303131,0.5655074715614319,-1.2955065965652466,0.6543848514556885,0.6139134764671326,-1.160114049911499,0.3335793912410736,0.5646010041236877,-1.1693556308746338,0.6090000867843628,0.8233500123023987,0.00667720939964056,0.4357551038265228,0.8058391213417053,-0.007232542149722576,0.7571889162063599,0.9508509039878845,-0.407645046710968,0.2542373538017273,0.8344704508781433,-0.4586498737335205,0.5433050394058228,1.1312637329101562,-0.18459926545619965,0.3976769745349884,1.1708965301513672,-0.08359934389591217,0.5072356462478638,1.1577883958816528,-0.16960272192955017,0.4245851933956146,1.2068593502044678,-0.04414225369691849,0.5051344037055969,1.2219390869140625,-0.3384774625301361,0.4037598669528961,1.2984956502914429,-0.15641438961029053
frame_00094.jpg,0.5440114736557007,0.17931713163852692,-0.8891270756721497,0.5658437013626099,0.13015545904636383,-0.8464848399162292,0.5805720090866089,0.1293092668056488,-0.8471396565437317,0.5947414636611938,0.12903036177158356,-0.8470600843429565,0.5228579640388489,0.12863032519817352,-0.8467677235603333,0.5086653828620911,0.12819410860538483,-0.8473043441772461,0.4958517551422119,0.12897485494613647,-0.8476239442825317,0.6206820011138916,0.1441139578819275,-0.5692607164382935,0.4857906699180603,0.15740162134170532,-0.5707775950431824,0.5755565166473389,0.22110243141651154,-0.7785084843635559,0.5231093168258667,0.22305074334144592,-0.7829514145851135,0.6827355623245239,0.37028229236602783,-0.4199399948120117,0.4025513231754303,0.3660901188850403,-0.378204882144928,0.8018792271614075,0.5748914480209351,-0.6676663160324097,0.229421928524971,0.5924163460731506,-0.617904007434845,0.7084102630615234,0.6535817384719849,-1.2253271341323853,0.28281307220458984,0.5932305455207825,-1.1825660467147827,0.6879348158836365,0.6440060138702393,-1.3602544069290161,0.30501118302345276,0.6108976006507874,-1.3224756717681885,0.6538563370704651,0.60203617811203,-1.3785549402236938,0.32724612951278687,0.5800917744636536,-1.3389770984649658,0.654360294342041,0.6137948632240295,-1.2419531345367432,0.32493558526039124,0.5775074362754822,-1.2043951749801636,0.6088647842407227,0.8183802962303162,0.0069081722758710384,0.43482667207717896,0.799202561378479,-0.007492781616747379,0.7336456775665283,0.9793775677680969,-0.34627100825309753,0.26170963048934937,0.8588688373565674,-0.4875447154045105,0.5518606305122375,1.1966307163238525,-0.011667182669043541,0.37246182560920715,1.2471472024917603,-0.09588046371936798,0.5209202170372009,1.2295564413070679,0.013385114260017872,0.3928014039993286,1.2949281930923462,-0.057871222496032715,0.5145607590675354,1.308864951133728,-0.1607031524181366,0.3733058273792267,1.388258695602417,-0.2328137904405594
frame_00095.jpg,0.5417908430099487,0.17800144851207733,-0.7619543075561523,0.5635244846343994,0.12842541933059692,-0.7166882753372192,0.5787370800971985,0.127668559551239,-0.7173252701759338,0.5927437543869019,0.1276073306798935,-0.7172591090202332,0.5211946368217468,0.1279037445783615,-0.7182140350341797,0.5075279474258423,0.1279195249080658,-0.718734860420227,0.4952372610569,0.12890566885471344,-0.7190390229225159,0.6187080144882202,0.14299415051937103,-0.44391757249832153,0.4858076572418213,0.15675786137580872,-0.45222344994544983,0.5742161870002747,0.2199290543794632,-0.654209315776825,0.5219050049781799,0.22095753252506256,-0.6602708101272583,0.6828310489654541,0.36970382928848267,-0.3187289834022522,0.40264707803726196,0.3601231276988983,-0.29940396547317505,0.8013314008712769,0.5739446878433228,-0.5474128127098083,0.2284911572933197,0.5773935317993164,-0.5687482953071594,0.708823561668396,0.6537559032440186,-1.0818915367126465,0.27565932273864746,0.6139123439788818,-1.0614840984344482,0.6882367134094238,0.6446946263313293,-1.2079761028289795,0.29224222898483276,0.6442775130271912,-1.1947221755981445,0.6539119482040405,0.6030640006065369,-1.2249455451965332,0.32098984718322754,0.6175406575202942,-1.2284902334213257,0.6547405123710632,0.6143068075180054,-1.0974068641662598,0.32327035069465637,0.6083281636238098,-1.0873905420303345,0.6093300580978394,0.8124290108680725,0.007340230047702789,0.43487343192100525,0.7934449315071106,-0.007918672636151314,0.7343340516090393,0.9201276302337646,-0.3987179696559906,0.2648226022720337,0.859127402305603,-0.4764014184474945,0.5605831742286682,1.1870239973068237,-0.09789416193962097,0.37720340490341187,1.235648512840271,-0.10636711120605469,0.5275783538818359,1.2180043458938599,-0.08477769792079926,0.39912503957748413,1.2818151712417603,-0.07597482204437256,0.5170686841011047,1.2997479438781738,-0.2660788595676422,0.3780047297477722,1.3746695518493652,-0.24723820388317108
frame_00096.jpg,0.5400757193565369,0.17614002525806427,-0.7398645281791687,0.5620215535163879,0.12632542848587036,-0.6922565698623657,0.5776492357254028,0.1257089078426361,-0.6928371787071228,0.5917398929595947,0.12589772045612335,-0.69273442029953,0.5202261805534363,0.1261281669139862,-0.6910098195075989,0.5067436695098877,0.1263807713985443,-0.6915246248245239,0.4946649968624115,0.12743310630321503,-0.6917861700057983,0.618481457233429,0.1421247124671936,-0.412647545337677,0.48568978905677795,0.1543508619070053,-0.4148445725440979,0.5732455849647522,0.21825967729091644,-0.6297836899757385,0.5210897326469421,0.21848291158676147,-0.6321097612380981,0.6826589703559875,0.3680723011493683,-0.2886531949043274,0.4031186103820801,0.35750335454940796,-0.2636362612247467,0.7982890009880066,0.5622878670692444,-0.561206042766571,0.22922761738300323,0.5696445107460022,-0.5109032988548279,0.7090355753898621,0.6434463858604431,-1.1525886058807373,0.275421142578125,0.6161044239997864,-1.0491387844085693,0.6895400285720825,0.637313961982727,-1.2936756610870361,0.286205530166626,0.6493802666664124,-1.185379147529602,0.6539943218231201,0.5917364954948425,-1.313155174255371,0.31807777285575867,0.6204614639282227,-1.209570288658142,0.6547456383705139,0.6052431464195251,-1.1717956066131592,0.3227970004081726,0.6100140810012817,-1.0735580921173096,0.6107497811317444,0.8059064149856567,0.007221180014312267,0.43895354866981506,0.7953650951385498,-0.007805061526596546,0.7458534240722656,0.947317361831665,-0.5104407072067261,0.2837790846824646,0.8756811618804932,-0.47170519828796387,0.5626455545425415,1.21567702293396,-0.2711530327796936,0.3909716010093689,1.270626425743103,-0.10877178609371185,0.5289106369018555,1.2497198581695557,-0.25529998540878296,0.4072341024875641,1.3182157278060913,-0.07756613194942474,0.5154914855957031,1.339020013809204,-0.45074576139450073,0.38660746812820435,1.4124201536178589,-0.2473001480102539
frame_00097.jpg,0.5393708348274231,0.17487560212612152,-0.9520974159240723,0.5617814064025879,0.1252206712961197,-0.9074456095695496,0.5774294137954712,0.12478115409612656,-0.9081020355224609,0.5915802717208862,0.12496604025363922,-0.9080187678337097,0.5197783708572388,0.12431228905916214,-0.9061638116836548,0.5063120126724243,0.12441165000200272,-0.9067317843437195,0.49433907866477966,0.12533248960971832,-0.9070685505867004,0.618402361869812,0.1408580094575882,-0.6144120097160339,0.485434353351593,0.15146856009960175,-0.607308030128479,0.5726088285446167,0.21738587319850922,-0.8352042436599731,0.5201002955436707,0.2167063057422638,-0.837020993232727,0.6827784776687622,0.36662086844444275,-0.45248913764953613,0.40273159742355347,0.35777556896209717,-0.41232770681381226,0.7926241159439087,0.5513665080070496,-0.7418519258499146,0.23102228343486786,0.5669108033180237,-0.6473701000213623,0.7090486288070679,0.6383619904518127,-1.3773610591888428,0.26950690150260925,0.6166968941688538,-1.229668378829956,0.6922935247421265,0.6371241211891174,-1.5308325290679932,0.2698502838611603,0.653866708278656,-1.3762316703796387,0.6543883681297302,0.5883604288101196,-1.5599137544631958,0.2984829545021057,0.620537519454956,-1.4095524549484253,0.6545930504798889,0.6004478931427002,-1.402055025100708,0.3062119781970978,0.6100538969039917,-1.258782982826233,0.6109223961830139,0.8023242950439453,0.007462424226105213,0.43913331627845764,0.7952532172203064,-0.008035744540393353,0.7514044642448425,0.959319531917572,-0.46098431944847107,0.296265184879303,0.8899017572402954,-0.4766818583011627,0.5722204446792603,1.2101281881332397,-0.16757985949516296,0.42212486267089844,1.2617957592010498,-0.05007485672831535,0.538176953792572,1.2442599534988403,-0.14500898122787476,0.4431021213531494,1.3074945211410522,-0.008105785585939884,0.5321532487869263,1.3223774433135986,-0.3604889512062073,0.43074488639831543,1.3939841985702515,-0.17395266890525818
frame_00098.jpg,0.5393617153167725,0.17488917708396912,-0.878943920135498,0.5618763566017151,0.12542253732681274,-0.8139195442199707,0.5774284601211548,0.1250183880329132,-0.8144319653511047,0.591591477394104,0.12507419288158417,-0.8142525553703308,0.519858181476593,0.12401505559682846,-0.8118039965629578,0.5063203573226929,0.12385627627372742,-0.8122669458389282,0.49429789185523987,0.12481962889432907,-0.8124581575393677,0.6184307336807251,0.14047151803970337,-0.47122082114219666,0.4854019284248352,0.1507226675748825,-0.46168002486228943,0.572276771068573,0.2175612598657608,-0.7333295345306396,0.5197988748550415,0.21686169505119324,-0.7329555749893188,0.6832891702651978,0.36616089940071106,-0.3229738771915436,0.4031136631965637,0.35522332787513733,-0.28905075788497925,0.7927334904670715,0.548518717288971,-0.6253608465194702,0.2337755709886551,0.5626221299171448,-0.5871724486351013,0.7154940366744995,0.6362378001213074,-1.208775281906128,0.26754623651504517,0.6175068616867065,-1.1240700483322144,0.7084406614303589,0.6355752944946289,-1.3538846969604492,0.2589183747768402,0.6548192501068115,-1.2632733583450317,0.6702755689620972,0.5814871191978455,-1.378300428390503,0.29430121183395386,0.6254642009735107,-1.289580225944519,0.6642366647720337,0.593703031539917,-1.231027364730835,0.3066398501396179,0.6161056756973267,-1.1503124237060547,0.6110917329788208,0.8015632629394531,0.007647605147212744,0.4416136145591736,0.7976027727127075,-0.008216154761612415,0.764653742313385,0.9109176993370056,-0.44580093026161194,0.29857444763183594,0.8904703855514526,-0.418754518032074,0.5793904662132263,1.202114462852478,-0.20451860129833221,0.4212024211883545,1.2471843957901,-0.03357582911849022,0.5426633358001709,1.2344547510147095,-0.19253100454807281,0.44283366203308105,1.290481448173523,0.0025969487614929676,0.5357168316841125,1.3097506761550903,-0.42292147874832153,0.4290189743041992,1.3783620595932007,-0.16771797835826874
frame_00099.jpg,0.5393859148025513,0.17431631684303284,-0.8470735549926758,0.5619798898696899,0.12541377544403076,-0.7632533311843872,0.5774767398834229,0.12506593763828278,-0.7636898756027222,0.5916408896446228,0.12501658499240875,-0.7633633017539978,0.5200516581535339,0.12356770783662796,-0.7608391046524048,0.5065215826034546,0.12323351204395294,-0.7613582611083984,0.49438419938087463,0.1242634579539299,-0.7615760564804077,0.618674099445343,0.1405320167541504,-0.42261844873428345,0.48559704422950745,0.15037527680397034,-0.4148949086666107,0.5722046494483948,0.2174035757780075,-0.6962690949440002,0.5197378396987915,0.2165018618106842,-0.6961301565170288,0.6831885576248169,0.36448660492897034,-0.28139728307724,0.4033706784248352,0.35499998927116394,-0.25585657358169556,0.7917613387107849,0.5392884016036987,-0.6037787199020386,0.23717299103736877,0.5572460889816284,-0.5427560210227966,0.7233495116233826,0.6191815137863159,-1.1575415134429932,0.26800838112831116,0.6185210943222046,-1.0737082958221436,0.7153460383415222,0.6430260539054871,-1.2955635786056519,0.25865644216537476,0.6574975252151489,-1.2208184003829956,0.6750531196594238,0.5739883184432983,-1.3178523778915405,0.2938002943992615,0.6316442489624023,-1.251090168952942,0.6703421473503113,0.5855509042739868,-1.1776635646820068,0.3084893524646759,0.6236425042152405,-1.1033227443695068,0.6111427545547485,0.802060067653656,0.0098514873534441,0.44159364700317383,0.7978110909461975,-0.010399763472378254,0.7492777109146118,0.9555137157440186,-0.2722393870353699,0.334067165851593,0.9526025652885437,-0.35968539118766785,0.6097768545150757,1.2351009845733643,0.0537099651992321,0.38042980432510376,1.2684285640716553,0.01980910822749138,0.5858369469642639,1.2745383977890015,0.07500293105840683,0.3938288986682892,1.3152720928192139,0.052625130861997604,0.5689697265625,1.3547981977462769,-0.14255622029304504,0.37971049547195435,1.3988349437713623,-0.14290212094783783
frame_00100.jpg,0.5393978357315063,0.17403702437877655,-0.8051310777664185,0.5620461702346802,0.12551304697990417,-0.7511468529701233,0.5775200724601746,0.1251877397298813,-0.7517386078834534,0.5916413068771362,0.12507084012031555,-0.751559853553772,0.5203691720962524,0.12362454831600189,-0.7480859756469727,0.5069882869720459,0.12325835973024368,-0.7486410140991211,0.49475279450416565,0.12432017177343369,-0.7489310503005981,0.6188839077949524,0.1407252997159958,-0.45933184027671814,0.48654404282569885,0.15043948590755463,-0.4433564245700836,0.5719124674797058,0.21732740104198456,-0.6874397397041321,0.5197346210479736,0.21626509726047516,-0.6873568296432495,0.6831858158111572,0.36284908652305603,-0.3182735741138458,0.4036329686641693,0.3548292815685272,-0.27729496359825134,0.7908943891525269,0.5405396223068237,-0.616594672203064,0.23816843330860138,0.5520332455635071,-0.5319626331329346,0.7289170622825623,0.6037483811378479,-1.1951085329055786,0.2671946883201599,0.6191417574882507,-1.0741361379623413,0.7163212299346924,0.632511556148529,-1.3330764770507812,0.2570034861564636,0.6576150059700012,-1.216567873954773,0.6800338625907898,0.5676462054252625,-1.3576582670211792,0.2923862338066101,0.6319553256034851,-1.2408850193023682,0.6769448518753052,0.5694944262504578,-1.2167854309082031,0.3074783682823181,0.6242592930793762,-1.1012260913848877,0.6100573539733887,0.802267849445343,0.010784367099404335,0.4394216537475586,0.7984619140625,-0.011317620053887367,0.7293151617050171,0.9973711371421814,-0.09392989426851273,0.3372981548309326,0.9565486907958984,-0.29358550906181335,0.6230833530426025,1.2565873861312866,0.3154447078704834,0.34850725531578064,1.2597748041152954,0.07101927697658539,0.6052817702293396,1.2946381568908691,0.3452252149581909,0.3583996295928955,1.306366205215454,0.10153259336948395,0.5868715643882751,1.379265546798706,0.15005046129226685,0.3458760678768158,1.3875502347946167,-0.09756515175104141
frame_00101.jpg,0.5404923558235168,0.1735629141330719,-0.788146436214447,0.56318199634552,0.12555748224258423,-0.7363538146018982,0.5784849524497986,0.12526749074459076,-0.7370086908340454,0.5924484729766846,0.12511353194713593,-0.7368752956390381,0.5223673582077026,0.12345805019140244,-0.7323928475379944,0.5090605616569519,0.12265809625387192,-0.7329325675964355,0.4963594973087311,0.12331393361091614,-0.7332149744033813,0.6194069981575012,0.14078858494758606,-0.4457826018333435,0.4868529736995697,0.14963778853416443,-0.4403892159461975,0.5719387531280518,0.21678486466407776,-0.674096941947937,0.5199946165084839,0.21487373113632202,-0.6730098128318787,0.6827908754348755,0.3609265089035034,-0.31760454177856445,0.40431341528892517,0.3537660837173462,-0.2578534781932831,0.7907609939575195,0.5372617244720459,-0.6081572771072388,0.24318647384643555,0.5438231229782104,-0.5302832722663879,0.7277806401252747,0.5922746062278748,-1.186084508895874,0.2655625343322754,0.6079341173171997,-1.1200021505355835,0.7183796763420105,0.632680356502533,-1.3263486623764038,0.24832096695899963,0.6400488018989563,-1.2687938213348389,0.6783413887023926,0.5911716222763062,-1.3467247486114502,0.2877461314201355,0.6182670593261719,-1.2891839742660522,0.6754010915756226,0.5761625170707703,-1.2056574821472168,0.3054940700531006,0.6145734786987305,-1.1479971408843994,0.6082345843315125,0.8093392252922058,0.01032362412661314,0.4394538402557373,0.8023248314857483,-0.010848939418792725,0.7214995622634888,1.0490410327911377,-0.004454597365111113,0.35166627168655396,0.96079021692276,-0.27299240231513977,0.633173942565918,1.2835036516189575,0.43285661935806274,0.3599701225757599,1.2549500465393066,0.09875956922769547,0.6172081232070923,1.3164867162704468,0.46566343307495117,0.3719039857387543,1.3000680208206177,0.1304892599582672,0.6026899218559265,1.414117693901062,0.2929680645465851,0.36100172996520996,1.3848494291305542,-0.04319845512509346
frame_00102.jpg,0.5425288081169128,0.17285318672657013,-0.7159756422042847,0.5646615624427795,0.12586167454719543,-0.6664775609970093,0.5794290900230408,0.12563200294971466,-0.6671071648597717,0.5930834412574768,0.12544628977775574,-0.6669796705245972,0.5250434279441833,0.12348257005214691,-0.6671216487884521,0.5121679902076721,0.12255482375621796,-0.6676806211471558,0.4994911551475525,0.12299435585737228,-0.6679539084434509,0.6196576952934265,0.14091655611991882,-0.3880445957183838,0.487866073846817,0.14909498393535614,-0.3956068158149719,0.5723210573196411,0.21599262952804565,-0.6076892614364624,0.5208002924919128,0.2133980095386505,-0.6131472587585449,0.6827946305274963,0.36058875918388367,-0.26679527759552,0.4053254723548889,0.35331952571868896,-0.23895132541656494,0.7876595258712769,0.5389910340309143,-0.4904248118400574,0.24308569729328156,0.5471484661102295,-0.4743097722530365,0.7265665531158447,0.5969495177268982,-1.0274783372879028,0.28438863158226013,0.6085209250450134,-0.9933212399482727,0.7202869653701782,0.6580169200897217,-1.159481406211853,0.28427359461784363,0.6404649615287781,-1.1277267932891846,0.6772167682647705,0.6304165720939636,-1.1845762729644775,0.31985101103782654,0.6183636784553528,-1.1463701725006104,0.6749625205993652,0.6173747777938843,-1.0479633808135986,0.32860293984413147,0.6115987300872803,-1.0162155628204346,0.6108760833740234,0.8143901228904724,0.013990421779453754,0.44120365381240845,0.8089621663093567,-0.014494040980935097,0.7412952184677124,1.0247424840927124,-0.15899091958999634,0.3244590163230896,0.8941270112991333,-0.3463861346244812,0.6287268996238708,1.2618557214736938,0.16657881438732147,0.3677963614463806,1.228952169418335,0.0015887940535321832,0.603297770023346,1.29568350315094,0.19058343768119812,0.3813437521457672,1.2726168632507324,0.034781549125909805,0.5985753536224365,1.39179265499115,0.019138969480991364,0.37198585271835327,1.3779538869857788,-0.05664141848683357
frame_00103.jpg,0.5430084466934204,0.1722058206796646,-0.7781108617782593,0.5652111172676086,0.12588995695114136,-0.7255347967147827,0.5798967480659485,0.12584322690963745,-0.7261898517608643,0.5934983491897583,0.12577980756759644,-0.7260963916778564,0.5262702703475952,0.12301688641309738,-0.7254588007926941,0.5136991739273071,0.12165886908769608,-0.7260242104530334,0.5011646747589111,0.12171958386898041,-0.7263025045394897,0.6201003789901733,0.14127850532531738,-0.42717647552490234,0.4889511168003082,0.14706330001354218,-0.42861348390579224,0.5722934007644653,0.21561336517333984,-0.6627895832061768,0.520886242389679,0.21255426108837128,-0.6669764518737793,0.6828730702400208,0.3597385585308075,-0.2868799567222595,0.4060055613517761,0.3526586592197418,-0.26085394620895386,0.7855710983276367,0.54020094871521,-0.5148356556892395,0.24570317566394806,0.5469890832901001,-0.5218303203582764,0.7256126403808594,0.6028181314468384,-1.0986206531524658,0.28420525789260864,0.6006672382354736,-1.0898504257202148,0.7199954390525818,0.6642282009124756,-1.2439285516738892,0.2839207053184509,0.6311773657798767,-1.2316049337387085,0.6767461895942688,0.6349132657051086,-1.2737325429916382,0.316642165184021,0.5979934930801392,-1.2580395936965942,0.6742439270019531,0.6242372393608093,-1.1232097148895264,0.32139310240745544,0.5907238125801086,-1.1170971393585205,0.6103814840316772,0.8145048022270203,0.015816811472177505,0.44090500473976135,0.8076649904251099,-0.01634564809501171,0.7675408124923706,0.9082730412483215,-0.23930299282073975,0.3120289444923401,0.8560640215873718,-0.4425505995750427,0.6173700094223022,1.2205016613006592,0.03226463124155998,0.3656567931175232,1.203115701675415,-0.090251624584198,0.5772366523742676,1.2566039562225342,0.04832606017589569,0.3825528025627136,1.2498849630355835,-0.05785239860415459,0.5867226719856262,1.3565737009048462,-0.1582108438014984,0.35836178064346313,1.3489947319030762,-0.21661493182182312
frame_00104.jpg,0.5435800552368164,0.1718621551990509,-0.8486617207527161,0.5659741163253784,0.12611238658428192,-0.7974468469619751,0.5805034041404724,0.12623128294944763,-0.7982045412063599,0.593953013420105,0.1262684464454651,-0.7981280088424683,0.5274648070335388,0.12293631583452225,-0.7918832302093506,0.5151394605636597,0.12136007100343704,-0.7924719452857971,0.5027974843978882,0.12115296721458435,-0.7927863597869873,0.6204904317855835,0.14182943105697632,-0.5009927153587341,0.4900340437889099,0.14605920016765594,-0.4758513867855072,0.5723122358322144,0.21541239321231842,-0.7341557741165161,0.5210882425308228,0.21207448840141296,-0.7310051918029785,0.682856559753418,0.35901960730552673,-0.36797040700912476,0.4060792922973633,0.3527633547782898,-0.29442957043647766,0.7816751599311829,0.5393809080123901,-0.638207733631134,0.24843868613243103,0.5485659241676331,-0.6159573793411255,0.7246431112289429,0.6058900952339172,-1.2182978391647339,0.2790910601615906,0.5987216830253601,-1.276471734046936,0.7199952006340027,0.664848268032074,-1.3647093772888184,0.27531084418296814,0.6254497766494751,-1.4379417896270752,0.676594614982605,0.6359449028968811,-1.391392469406128,0.30573195219039917,0.5841971635818481,-1.4587953090667725,0.6733847856521606,0.6270601749420166,-1.2409782409667969,0.31676921248435974,0.5814202427864075,-1.305777907371521,0.610251784324646,0.8146964311599731,0.009547700174152851,0.4415929913520813,0.8065716624259949,-0.010100766085088253,0.7399390935897827,0.9889293909072876,-0.07053080201148987,0.32001927495002747,0.8993121385574341,-0.262437641620636,0.6205891966819763,1.2332342863082886,0.3931320309638977,0.311889111995697,1.206148386001587,0.11310975253582001,0.5925153493881226,1.2671533823013306,0.4273298382759094,0.3235817849636078,1.2519832849502563,0.14351937174797058,0.5975998640060425,1.3648277521133423,0.2457015961408615,0.28457778692245483,1.337477445602417,-0.04062776267528534
frame_00105.jpg,0.5446483492851257,0.17182813584804535,-0.8417989611625671,0.5671147108078003,0.1264132708311081,-0.7885187864303589,0.5816864967346191,0.12659423053264618,-0.7892411947250366,0.595088005065918,0.12670333683490753,-0.7891854047775269,0.5286675095558167,0.12291573733091354,-0.7845224142074585,0.516425371170044,0.1212092712521553,-0.7851157188415527,0.5042356252670288,0.12080220878124237,-0.7854369878768921,0.621831476688385,0.14234806597232819,-0.4893129765987396,0.49170055985450745,0.1456468254327774,-0.4700533449649811,0.5726165771484375,0.2154257893562317,-0.7263281345367432,0.5221586227416992,0.2119455486536026,-0.7249661684036255,0.682910680770874,0.35861244797706604,-0.3502158522605896,0.40615391731262207,0.3528461456298828,-0.2890739142894745,0.7809052467346191,0.5395337343215942,-0.615532398223877,0.24835431575775146,0.5488606095314026,-0.573433518409729,0.7234377861022949,0.6080507636070251,-1.2058171033859253,0.2783215641975403,0.6018298864364624,-1.1806341409683228,0.7195027470588684,0.6662631630897522,-1.3541244268417358,0.28279370069503784,0.6281834244728088,-1.332058072090149,0.6764670014381409,0.6367772817611694,-1.3810107707977295,0.3075161576271057,0.5837584137916565,-1.3543407917022705,0.6721929907798767,0.6289870738983154,-1.2287623882293701,0.3164413869380951,0.5795764327049255,-1.2076810598373413,0.6113861799240112,0.8146124482154846,0.009610015898942947,0.4437117576599121,0.8058070540428162,-0.010166367515921593,0.7665702700614929,0.9819270372390747,-0.15458019077777863,0.30054527521133423,0.875146746635437,-0.2953283190727234,0.6680735349655151,1.2236018180847168,0.26341506838798523,0.2590154707431793,1.1951594352722168,0.010432900860905647,0.640988826751709,1.2579686641693115,0.29636263847351074,0.2679934799671173,1.2481961250305176,0.030985090881586075,0.6556698679924011,1.362615704536438,0.11426001787185669,0.2153514325618744,1.309145212173462,-0.17551830410957336
frame_00106.jpg,0.546148419380188,0.17179471254348755,-0.7870002388954163,0.5689107179641724,0.12709558010101318,-0.7333031296730042,0.5838403105735779,0.12745283544063568,-0.733909010887146,0.5978074669837952,0.1278233379125595,-0.7337828278541565,0.5314825773239136,0.12294833362102509,-0.7302255034446716,0.5201081037521362,0.12121501564979553,-0.7308351397514343,0.5088934898376465,0.12055108696222305,-0.7311418056488037,0.6248270869255066,0.14434224367141724,-0.43638238310813904,0.4959608018398285,0.1451132744550705,-0.4240189492702484,0.572840690612793,0.2154434621334076,-0.6727417707443237,0.5234584808349609,0.21126343309879303,-0.6735352873802185,0.6838706731796265,0.3582610487937927,-0.2780379056930542,0.4076375365257263,0.3512170612812042,-0.2584856152534485,0.7813423871994019,0.5399397015571594,-0.49119049310684204,0.24662300944328308,0.5498812198638916,-0.4439105987548828,0.72306227684021,0.6094435453414917,-1.041872262954712,0.2867671251296997,0.623553991317749,-0.9410212635993958,0.7205035090446472,0.6670418977737427,-1.1770837306976318,0.2879789471626282,0.6567545533180237,-1.0732258558273315,0.6760027408599854,0.6354495286941528,-1.2035901546478271,0.31861722469329834,0.623191237449646,-1.1000421047210693,0.6716068983078003,0.6281268000602722,-1.0628300905227661,0.32589536905288696,0.6127991080284119,-0.965628981590271,0.6110141277313232,0.8145983815193176,0.02164057269692421,0.443293958902359,0.8031911253929138,-0.02220940962433815,0.7658481597900391,0.9647327065467834,-0.1663993000984192,0.28673896193504333,0.8614962100982666,-0.4322088658809662,0.6481084227561951,1.2261615991592407,0.1931242197751999,0.29416361451148987,1.2033751010894775,-0.10489807277917862,0.620097279548645,1.2616151571273804,0.22199365496635437,0.3058699369430542,1.2576967477798462,-0.07629092782735825,0.6253641247749329,1.3698197603225708,0.042939603328704834,0.2733916640281677,1.3356202840805054,-0.2585998773574829
frame_00107.jpg,0.5461368560791016,0.17180101573467255,-0.734321117401123,0.5690861344337463,0.12746095657348633,-0.6870540380477905,0.5838984847068787,0.12817975878715515,-0.6876732110977173,0.5978211760520935,0.12883910536766052,-0.6875947713851929,0.5322073698043823,0.12295519560575485,-0.6823922395706177,0.5210800766944885,0.1211354210972786,-0.6829884052276611,0.5101518034934998,0.12025516480207443,-0.6833208203315735,0.6248310804367065,0.14613929390907288,-0.414745569229126,0.49714192748069763,0.1439753919839859,-0.39413806796073914,0.5724209547042847,0.21545706689357758,-0.6292816400527954,0.5234485864639282,0.21118825674057007,-0.6272224187850952,0.6841938495635986,0.3583260774612427,-0.2795886695384979,0.40810447931289673,0.3508579432964325,-0.2311716079711914,0.7822533845901489,0.5458995699882507,-0.5064243078231812,0.24353592097759247,0.5505982041358948,-0.43448156118392944,0.7227804064750671,0.6102340221405029,-1.0440597534179688,0.2853683829307556,0.623211145401001,-0.9572814702987671,0.7203541994094849,0.6677515506744385,-1.175389051437378,0.2860758900642395,0.6573663353919983,-1.0865156650543213,0.6758240461349487,0.6355800032615662,-1.1994842290878296,0.3181478977203369,0.6266096830368042,-1.1135709285736084,0.6709596514701843,0.628218948841095,-1.0636569261550903,0.32692116498947144,0.6171526312828064,-0.9827287793159485,0.6116980314254761,0.8152390122413635,0.018038863316178322,0.44399529695510864,0.8032152056694031,-0.018651362508535385,0.7550086975097656,0.9646313786506653,-0.2553439736366272,0.2882912755012512,0.8604132533073425,-0.4161807596683502,0.5665692090988159,1.1868501901626587,0.009779052808880806,0.31907811760902405,1.2134181261062622,-0.11726675182580948,0.5308777689933777,1.2161318063735962,0.029107248410582542,0.3305293917655945,1.266451358795166,-0.09006063640117645,0.5171710848808289,1.3071271181106567,-0.13014742732048035,0.2883686423301697,1.3516509532928467,-0.24162383377552032
frame_00108.jpg,0.5461269617080688,0.1717412769794464,-0.9555301666259766,0.5692281723022461,0.12761054933071136,-0.9107823371887207,0.5839717388153076,0.12851892411708832,-0.9114969372749329,0.5979333519935608,0.1293240338563919,-0.9114365577697754,0.5323179960250854,0.12275431305170059,-0.9054591059684753,0.5210524797439575,0.12051896750926971,-0.9060433506965637,0.5099461078643799,0.11929677426815033,-0.9063984751701355,0.6249768733978271,0.14683079719543457,-0.6225847005844116,0.4969760477542877,0.14260312914848328,-0.5990042090415955,0.5722838640213013,0.21546968817710876,-0.842009425163269,0.5231136083602905,0.2109813392162323,-0.8392159342765808,0.6842491030693054,0.35844162106513977,-0.4461234509944916,0.4079975485801697,0.35136598348617554,-0.40041056275367737,0.7824431657791138,0.5515629649162292,-0.6724202632904053,0.23548392951488495,0.5621393918991089,-0.6191044449806213,0.7226544618606567,0.6104220747947693,-1.2407538890838623,0.30033665895462036,0.6228845715522766,-1.1957861185073853,0.7205749154090881,0.668117880821228,-1.385646104812622,0.3001514971256256,0.6568571329116821,-1.3487427234649658,0.675589919090271,0.6360705494880676,-1.416330099105835,0.33697134256362915,0.6256265044212341,-1.3711864948272705,0.6706893444061279,0.6289699077606201,-1.263420820236206,0.3436630666255951,0.6161279678344727,-1.2209618091583252,0.6104596257209778,0.8149926066398621,0.018184825778007507,0.44246864318847656,0.7974655628204346,-0.01877615787088871,0.7404941916465759,0.989030122756958,-0.19844473898410797,0.291340172290802,0.870657205581665,-0.4129677712917328,0.5774492621421814,1.1977667808532715,0.27928274869918823,0.3251071572303772,1.2566754817962646,-0.07874919474124908,0.5399702191352844,1.221004843711853,0.3181939721107483,0.33781689405441284,1.308675765991211,-0.04527641087770462,0.5326961278915405,1.3290927410125732,0.1550270915031433,0.2987547814846039,1.3973228931427002,-0.22919991612434387
frame_00109.jpg,0.5465436577796936,0.1715635359287262,-0.7638212442398071,0.5701293349266052,0.12769176065921783,-0.7167767882347107,0.5850774049758911,0.1287883073091507,-0.7174017429351807,0.599211573600769,0.12982960045337677,-0.7173290848731995,0.5332261323928833,0.12223716080188751,-0.7120324373245239,0.5218315720558167,0.11941027641296387,-0.7125952243804932,0.5106550455093384,0.11758846789598465,-0.7128832936286926,0.6262434720993042,0.1480371505022049,-0.43681272864341736,0.4975283145904541,0.1411876529455185,-0.41382575035095215,0.572316586971283,0.21540449559688568,-0.6547187566757202,0.5233173966407776,0.21042123436927795,-0.6519572734832764,0.6851614713668823,0.35864219069480896,-0.2771534323692322,0.40801915526390076,0.3513914942741394,-0.2501792907714844,0.7826718091964722,0.5536302328109741,-0.4734272360801697,0.23575162887573242,0.5675230026245117,-0.4172442555427551,0.7224335670471191,0.6122916340827942,-1.0358787775039673,0.2989642322063446,0.6226732730865479,-0.9532082676887512,0.720676064491272,0.6704965233802795,-1.1739470958709717,0.30408698320388794,0.6567198038101196,-1.0848230123519897,0.6752752065658569,0.6376036405563354,-1.2024121284484863,0.33550506830215454,0.6207060217857361,-1.1148216724395752,0.6703630685806274,0.6301772594451904,-1.057770013809204,0.3412085771560669,0.6085500121116638,-0.978512167930603,0.6102590560913086,0.814601719379425,0.01878870464861393,0.44245877861976624,0.7975951433181763,-0.01939922757446766,0.7981938123703003,0.8870960474014282,-0.4110512137413025,0.2755424678325653,0.8376981616020203,-0.41092434525489807,0.5784436464309692,1.1730540990829468,-0.21761687099933624,0.3676237165927887,1.2177033424377441,-0.07168314605951309,0.5367028117179871,1.1982365846633911,-0.20434048771858215,0.3842970132827759,1.2600818872451782,-0.03861964866518974,0.5352485775947571,1.3024057149887085,-0.39041993021965027,0.37438076734542847,1.3639978170394897,-0.20832255482673645
frame_00110.jpg,0.5471600294113159,0.1714678406715393,-0.6042102575302124,0.5712021589279175,0.127985879778862,-0.5529526472091675,0.5862458944320679,0.12934604287147522,-0.5535306930541992,0.6004711389541626,0.13071507215499878,-0.5534259676933289,0.5343233346939087,0.12209863215684891,-0.551557183265686,0.5229840278625488,0.11902133375406265,-0.5521227717399597,0.511893630027771,0.11689501255750656,-0.5524016618728638,0.6275548338890076,0.14979006350040436,-0.27465128898620605,0.49850159883499146,0.14023086428642273,-0.2682064175605774,0.5723389387130737,0.215489000082016,-0.49705153703689575,0.5235195755958557,0.21026557683944702,-0.4993159770965576,0.6856638193130493,0.35886329412460327,-0.14387890696525574,0.40854281187057495,0.3505447506904602,-0.12568895518779755,0.783521294593811,0.5552970767021179,-0.3412132263183594,0.23708362877368927,0.5674348473548889,-0.3028790056705475,0.7222326993942261,0.6126930117607117,-0.8772614598274231,0.29708394408226013,0.6224805116653442,-0.795730710029602,0.7207958698272705,0.671146810054779,-1.0061109066009521,0.3017205595970154,0.6570513844490051,-0.9175814390182495,0.675133466720581,0.6377168297767639,-1.0303356647491455,0.3337157368659973,0.6216961741447449,-0.9439277648925781,0.670173168182373,0.6303030848503113,-0.8971877098083496,0.34029459953308105,0.6088976263999939,-0.8194226026535034,0.6101233959197998,0.8156638741493225,0.02067514881491661,0.4424498677253723,0.8020796179771423,-0.021311650052666664,0.8106743693351746,0.8717672824859619,-0.3487483263015747,0.2722233533859253,0.8221377730369568,-0.38472458720207214,0.6065985560417175,1.179563283920288,-0.147334486246109,0.3593534529209137,1.185538411140442,-0.05283269286155701,0.5625554323196411,1.2083796262741089,-0.13479450345039368,0.37827742099761963,1.2299619913101196,-0.01874658837914467,0.5725584626197815,1.3071331977844238,-0.32567858695983887,0.36751410365104675,1.3289027214050293,-0.1619945466518402
frame_00111.jpg,0.5472291111946106,0.17152121663093567,-0.6671321392059326,0.5717568397521973,0.12849339842796326,-0.6185062527656555,0.586883008480072,0.1300378143787384,-0.6191065907478333,0.6012077331542969,0.13156644999980927,-0.6189960241317749,0.5348908305168152,0.12213652580976486,-0.6167229413986206,0.5236411094665527,0.11902317404747009,-0.6172895431518555,0.5123898983001709,0.1168404072523117,-0.6175697445869446,0.628451943397522,0.15097564458847046,-0.34374409914016724,0.4993661344051361,0.13984888792037964,-0.33554819226264954,0.572334349155426,0.21572914719581604,-0.5610915422439575,0.5235945582389832,0.21023480594158173,-0.5630353093147278,0.6862038373947144,0.3591562807559967,-0.2110544741153717,0.4105667173862457,0.3460215628147125,-0.1823517233133316,0.7845523953437805,0.5582414269447327,-0.43226510286331177,0.2382357120513916,0.5615988969802856,-0.39000993967056274,0.7219914793968201,0.6130562424659729,-0.975970447063446,0.29692357778549194,0.6155145168304443,-0.9126437902450562,0.7208942770957947,0.6710214614868164,-1.1071646213531494,0.297087162733078,0.6543449759483337,-1.0423663854599,0.6749697327613831,0.6374412178993225,-1.131775140762329,0.33214884996414185,0.622379720211029,-1.0659277439117432,0.6701189279556274,0.6300293803215027,-0.9961259961128235,0.33945780992507935,0.6101466417312622,-0.9366413354873657,0.6086845397949219,0.8146818280220032,0.02059389092028141,0.4378925859928131,0.7986589074134827,-0.021226195618510246,0.8170053362846375,0.8372306227684021,-0.33690139651298523,0.2595005929470062,0.7994442582130432,-0.40743088722229004,0.6231335401535034,1.171027660369873,-0.07355214655399323,0.3349097967147827,1.1585205793380737,-0.09578243643045425,0.5826467275619507,1.2041767835617065,-0.05463661998510361,0.35729289054870605,1.2075163125991821,-0.06623177230358124,0.6002375483512878,1.302088975906372,-0.2302923947572708,0.323028028011322,1.3030319213867188,-0.2138342410326004
frame_00112.jpg,0.5475489497184753,0.17151951789855957,-0.7215155959129333,0.5726133584976196,0.12880292534828186,-0.6792904734611511,0.5878335237503052,0.13057944178581238,-0.679885983467102,0.6023083329200745,0.1323426216840744,-0.6797736287117004,0.5357419848442078,0.12211915105581284,-0.6777995824813843,0.5245064496994019,0.11889882385730743,-0.6783956289291382,0.5132452249526978,0.11656851321458817,-0.6786874532699585,0.6300164461135864,0.15278513729572296,-0.4091234803199768,0.5004429817199707,0.13910235464572906,-0.4023621678352356,0.5723697543144226,0.21589072048664093,-0.6153770685195923,0.5237730741500854,0.21004126965999603,-0.6177960634231567,0.6866613626480103,0.3591885268688202,-0.2595379948616028,0.41289767622947693,0.34118887782096863,-0.24470457434654236,0.784696102142334,0.5579043626785278,-0.4531601369380951,0.23840877413749695,0.5578986406326294,-0.45112910866737366,0.7218228578567505,0.6132186651229858,-0.9792498350143433,0.2957962155342102,0.6090043783187866,-0.9478937983512878,0.7218096256256104,0.6713759899139404,-1.1136741638183594,0.296763151884079,0.6499853134155273,-1.0649824142456055,0.6750507950782776,0.637873113155365,-1.1556928157806396,0.33448630571365356,0.6223042607307434,-1.0967093706130981,0.6699461936950684,0.6301756501197815,-1.0083658695220947,0.3428560793399811,0.6101114153862,-0.9719341397285461,0.607746422290802,0.8127062916755676,0.02110646292567253,0.4341312348842621,0.7958163022994995,-0.0217253677546978,0.8063702583312988,0.8617311716079712,-0.3665142059326172,0.2618914544582367,0.7930921316146851,-0.42217621207237244,0.5905331373214722,1.1570887565612793,-0.13635697960853577,0.359674870967865,1.1687947511672974,-0.12494976818561554,0.5481120944023132,1.1872210502624512,-0.12083294242620468,0.3823912739753723,1.2173348665237427,-0.09665833413600922,0.5548604726791382,1.2784068584442139,-0.30710381269454956,0.35950732231140137,1.3115029335021973,-0.2556692957878113
frame_00113.jpg,0.5489448308944702,0.17191703617572784,-0.726563572883606,0.5743434429168701,0.12955023348331451,-0.6824615001678467,0.589430034160614,0.13145054876804352,-0.6830662488937378,0.6038259863853455,0.13329631090164185,-0.6829575300216675,0.5377185940742493,0.12233050912618637,-0.6806937456130981,0.5266027450561523,0.11901818215847015,-0.6812820434570312,0.5153435468673706,0.11657759547233582,-0.6815760731697083,0.6316876411437988,0.15403644740581512,-0.42289718985557556,0.5018237233161926,0.1390998810529709,-0.41318950057029724,0.5735470056533813,0.21653500199317932,-0.6182909607887268,0.52458256483078,0.21029257774353027,-0.6204996109008789,0.6870753765106201,0.3599666953086853,-0.2873227596282959,0.4139252305030823,0.3401332497596741,-0.2586197555065155,0.785279393196106,0.5593041181564331,-0.457022488117218,0.23902848362922668,0.5572430491447449,-0.4660443663597107,0.7217526435852051,0.6134441494941711,-1.0019930601119995,0.2951405346393585,0.609163224697113,-0.9648219347000122,0.7227346301078796,0.6714881658554077,-1.130063772201538,0.29648557305336,0.6494643092155457,-1.0923033952713013,0.6751705408096313,0.6376360654830933,-1.1579501628875732,0.3339039087295532,0.6228465437889099,-1.1197247505187988,0.6698316335678101,0.6299980878829956,-1.0234531164169312,0.34224411845207214,0.6114487051963806,-0.9897270202636719,0.6070362329483032,0.8117018342018127,0.020999757573008537,0.4333020746707916,0.794206440448761,-0.02161533012986183,0.8157184720039368,0.8345822691917419,-0.36195921897888184,0.25254103541374207,0.7900596261024475,-0.4171629548072815,0.6015890836715698,1.1277484893798828,-0.024623820558190346,0.3206735849380493,1.141730546951294,-0.10811108350753784,0.5550524592399597,1.1544734239578247,0.0038104832638055086,0.34346312284469604,1.1891520023345947,-0.07466337084770203,0.5730301141738892,1.2508608102798462,-0.12770713865756989,0.29867789149284363,1.2828646898269653,-0.19029709696769714
frame_00114.jpg,0.5494351983070374,0.17436347901821136,-0.6949532628059387,0.5752993822097778,0.13141018152236938,-0.6446279287338257,0.5899100303649902,0.13342873752117157,-0.6452391147613525,0.6041077375411987,0.13524827361106873,-0.6451566219329834,0.5386607050895691,0.12479297816753387,-0.6431006193161011,0.5272001028060913,0.12171003222465515,-0.6436771154403687,0.5155529975891113,0.11905744671821594,-0.6439787745475769,0.6319869756698608,0.15646685659885406,-0.3677385151386261,0.5019276738166809,0.1408143788576126,-0.36054757237434387,0.574051022529602,0.22018852829933167,-0.5871045589447021,0.5249132513999939,0.21324890851974487,-0.5892454385757446,0.687074601650238,0.3621579110622406,-0.2389119565486908,0.41393741965293884,0.34020283818244934,-0.20409151911735535,0.7881933450698853,0.567238450050354,-0.42822328209877014,0.23910033702850342,0.5571718811988831,-0.4115470349788666,0.7217114567756653,0.6142445206642151,-0.9336413145065308,0.29137295484542847,0.6093356013298035,-0.9332754015922546,0.7226815223693848,0.6721011996269226,-1.0572437047958374,0.28953126072883606,0.6490858197212219,-1.0619431734085083,0.6751211881637573,0.6383683085441589,-1.0805745124816895,0.3292195200920105,0.6227613091468811,-1.0856561660766602,0.6697458624839783,0.6305484175682068,-0.9520279169082642,0.33880603313446045,0.6118271350860596,-0.9573696255683899,0.607014000415802,0.8126173615455627,0.020533697679638863,0.43348103761672974,0.7963272929191589,-0.021149981766939163,0.811538577079773,0.8515103459358215,-0.3453841805458069,0.2532510459423065,0.7931986451148987,-0.41359996795654297,0.6045324206352234,1.1304007768630981,0.029723864048719406,0.26625174283981323,1.1528174877166748,-0.10390237718820572,0.559272825717926,1.1567232608795166,0.05850936099886894,0.27991634607315063,1.2015653848648071,-0.07312360405921936,0.5733696222305298,1.2553495168685913,-0.09416255354881287,0.23127150535583496,1.2933404445648193,-0.19055494666099548
frame_00115.jpg,0.5494598746299744,0.1819901317358017,-0.7802949547767639,0.5757661461830139,0.13881762325763702,-0.7323001623153687,0.5900686979293823,0.14086085557937622,-0.7329896092414856,0.6040641665458679,0.14293871819972992,-0.7328794002532959,0.5388062596321106,0.13409847021102905,-0.7260892987251282,0.5270981788635254,0.13207632303237915,-0.7266464829444885,0.5154669284820557,0.13042061030864716,-0.7269467115402222,0.6317819356918335,0.1631598323583603,-0.45257607102394104,0.5020269751548767,0.14814530313014984,-0.4255557656288147,0.5742520093917847,0.22903843224048615,-0.671863317489624,0.5251265168190002,0.21929268538951874,-0.6684068441390991,0.6869315505027771,0.36591610312461853,-0.32195761799812317,0.41413062810897827,0.34268447756767273,-0.2397155463695526,0.7887082099914551,0.5745115280151367,-0.5593064427375793,0.2402888536453247,0.5577755570411682,-0.4710812568664551,0.7209806442260742,0.6173146963119507,-1.0778515338897705,0.28928354382514954,0.6128666996955872,-1.0202254056930542,0.7230113744735718,0.6727856993675232,-1.2062848806381226,0.27778664231300354,0.6489808559417725,-1.1576788425445557,0.6750597953796387,0.6409584879875183,-1.2264797687530518,0.322702556848526,0.6248772144317627,-1.178641438484192,0.6694111824035645,0.633684515953064,-1.0947799682617188,0.3363736867904663,0.6177144646644592,-1.04604172706604,0.6053683757781982,0.8160362839698792,0.01348801888525486,0.43312138319015503,0.7968389391899109,-0.014040417969226837,0.7311785817146301,0.9904951453208923,-0.06059086322784424,0.264113187789917,0.8496095538139343,-0.33866944909095764,0.6025672554969788,1.2306082248687744,0.36034491658210754,0.27709582448005676,1.2043458223342896,-0.02465398795902729,0.5646712779998779,1.2594292163848877,0.39212310314178467,0.28779247403144836,1.2551862001419067,0.001972708385437727,0.5684677362442017,1.3731366395950317,0.22112305462360382,0.25103259086608887,1.3439762592315674,-0.17037023603916168
frame_00116.jpg,0.5496221780776978,0.1893787533044815,-0.7609645128250122,0.576250433921814,0.14629946649074554,-0.7220852971076965,0.5903328061103821,0.14783388376235962,-0.7228235006332397,0.6040635704994202,0.14991463720798492,-0.7228214144706726,0.5387418270111084,0.1434428095817566,-0.7164872884750366,0.5270435810089111,0.1419593244791031,-0.7169998288154602,0.5152151584625244,0.14044693112373352,-0.7172994613647461,0.6309787631034851,0.16805873811244965,-0.4430292248725891,0.5018092393875122,0.15578563511371613,-0.4225756525993347,0.5747624039649963,0.23667718470096588,-0.6641952991485596,0.5251873731613159,0.2257905751466751,-0.6611214280128479,0.6863900423049927,0.36869505047798157,-0.32396817207336426,0.41336527466773987,0.3480674922466278,-0.24098646640777588,0.7888662815093994,0.5829060673713684,-0.5525351166725159,0.2422502487897873,0.5681171417236328,-0.47592973709106445,0.718200147151947,0.62065589427948,-1.0674020051956177,0.28903189301490784,0.6199265718460083,-1.0136088132858276,0.7226227521896362,0.6754907965660095,-1.2049267292022705,0.2728564143180847,0.6557577252388,-1.1571781635284424,0.6739690899848938,0.6444513201713562,-1.2160106897354126,0.3154703974723816,0.6276365518569946,-1.1766283512115479,0.6674124598503113,0.6374596953392029,-1.0873491764068604,0.331590473651886,0.6201639771461487,-1.0389888286590576,0.6051967740058899,0.8175678849220276,0.005886002443730831,0.4333318769931793,0.8014985918998718,-0.006442141719162464,0.7385724782943726,0.9717760682106018,-0.1700696051120758,0.28548574447631836,0.857201337814331,-0.33111733198165894,0.5787408351898193,1.2191017866134644,0.15408843755722046,0.35760244727134705,1.2114732265472412,-0.03158681094646454,0.5456105470657349,1.2512524127960205,0.16666798293590546,0.3760058879852295,1.258533239364624,-0.003637416986748576,0.5329961776733398,1.353026270866394,0.1381431519985199,0.3417065739631653,1.3575729131698608,-0.14027227461338043
frame_00117.jpg,0.5481727123260498,0.19382454454898834,-0.7044485211372375,0.5761673450469971,0.15087361633777618,-0.6624158024787903,0.5902284979820251,0.15198205411434174,-0.6630891561508179,0.603380024433136,0.15382038056850433,-0.663061261177063,0.5371137857437134,0.1483800858259201,-0.6597625613212585,0.5242178440093994,0.1467999815940857,-0.6603028774261475,0.5120960474014282,0.14522051811218262,-0.660589337348938,0.6296291351318359,0.1718623787164688,-0.4030027985572815,0.5008094906806946,0.15946806967258453,-0.3908584713935852,0.5743870735168457,0.24218414723873138,-0.6059287786483765,0.5240360498428345,0.22951743006706238,-0.6063802242279053,0.6837680339813232,0.3701048791408539,-0.304889440536499,0.410834938287735,0.35222598910331726,-0.22663167119026184,0.7861146330833435,0.581716001033783,-0.5259466171264648,0.24401859939098358,0.5733262896537781,-0.44919759035110474,0.7165413498878479,0.6209129691123962,-1.0188767910003662,0.28628110885620117,0.620288610458374,-0.9494038820266724,0.7211419939994812,0.6771091222763062,-1.1421359777450562,0.2724333703517914,0.6570084095001221,-1.0695477724075317,0.6723905801773071,0.6448582410812378,-1.1595951318740845,0.31379401683807373,0.6282396912574768,-1.0946474075317383,0.6654309034347534,0.6374517679214478,-1.0359890460968018,0.32927393913269043,0.6200145483016968,-0.9744340777397156,0.6005401611328125,0.8193777203559875,0.006401717662811279,0.42935362458229065,0.8027358651161194,-0.006968840025365353,0.7385532259941101,0.9574460983276367,-0.20639796555042267,0.2887522578239441,0.859956681728363,-0.3462767004966736,0.5489486455917358,1.1873860359191895,-0.03390318900346756,0.376534640789032,1.211080551147461,-0.06542904675006866,0.5129417181015015,1.2144112586975098,-0.020813431590795517,0.3965565264225006,1.2571922540664673,-0.03752700239419937,0.4983397424221039,1.313093662261963,-0.13357236981391907,0.36909914016723633,1.3591952323913574,-0.15099817514419556
frame_00118.jpg,0.547806441783905,0.19538041949272156,-0.7096697092056274,0.5761502385139465,0.15294569730758667,-0.6649178266525269,0.5901865363121033,0.1540781557559967,-0.6655592322349548,0.6032209396362305,0.15616784989833832,-0.6654977798461914,0.5367041826248169,0.1498803049325943,-0.6629660129547119,0.5235530734062195,0.1481512486934662,-0.6635172963142395,0.5112665891647339,0.1464497447013855,-0.6637946367263794,0.6293154358863831,0.17424342036247253,-0.40957361459732056,0.5004837512969971,0.16131702065467834,-0.39444559812545776,0.5742467641830444,0.24445268511772156,-0.6065599918365479,0.5236778259277344,0.23117877542972565,-0.6080251336097717,0.6821797490119934,0.37277936935424805,-0.30819016695022583,0.4094164967536926,0.35496094822883606,-0.22826321423053741,0.7855247259140015,0.5847471952438354,-0.5407103300094604,0.2450271099805832,0.5762248635292053,-0.4621158540248871,0.7149816155433655,0.6212921142578125,-1.0467509031295776,0.28329992294311523,0.6235306262969971,-0.9765979051589966,0.720649242401123,0.6773955225944519,-1.168507695198059,0.26991501450538635,0.6588271260261536,-1.0968701839447021,0.6711373925209045,0.6454477310180664,-1.1846539974212646,0.31172090768814087,0.6294806599617004,-1.120570421218872,0.6639823913574219,0.6380714178085327,-1.0624792575836182,0.32747358083724976,0.6212316751480103,-1.0020365715026855,0.5966017246246338,0.8249005079269409,0.006294486112892628,0.42449623346328735,0.8045291304588318,-0.006856429390609264,0.7075666189193726,0.9839567542076111,-0.1627856343984604,0.2961103916168213,0.8800690174102783,-0.3650529682636261,0.5346595048904419,1.1907010078430176,0.12081756442785263,0.36590108275413513,1.2280877828598022,-0.09121350944042206,0.504170298576355,1.2158639430999756,0.14226774871349335,0.3836364150047302,1.2738245725631714,-0.06398989260196686,0.48409825563430786,1.3171970844268799,0.004092448391020298,0.3562249541282654,1.3790009021759033,-0.19336917996406555
frame_00119.jpg,0.5479491949081421,0.1956080049276352,-0.7427287697792053,0.5762939453125,0.15296043455600739,-0.6974232792854309,0.5902059674263,0.15403056144714355,-0.6980907917022705,0.6032086610794067,0.15609265863895416,-0.6980534791946411,0.5366881489753723,0.15022553503513336,-0.6967903971672058,0.5235168933868408,0.14858169853687286,-0.6973221898078918,0.5111414790153503,0.14685551822185516,-0.6975987553596497,0.6287760734558105,0.17391452193260193,-0.43375569581985474,0.5003396272659302,0.16200970113277435,-0.42788153886795044,0.5744009613990784,0.244430273771286,-0.638708770275116,0.5237492918968201,0.23164941370487213,-0.6420843005180359,0.6815128922462463,0.373452365398407,-0.3187832832336426,0.40816229581832886,0.35674962401390076,-0.26441267132759094,0.785466194152832,0.5865175724029541,-0.5534681677818298,0.24576373398303986,0.5773853659629822,-0.5108949542045593,0.7132705450057983,0.6216567754745483,-1.065950870513916,0.2789926528930664,0.6238090991973877,-1.02547287940979,0.7203644514083862,0.6777331233024597,-1.1883690357208252,0.2629409432411194,0.6592265367507935,-1.1501511335372925,0.6690484881401062,0.6462913155555725,-1.2056734561920166,0.30555418133735657,0.6293299794197083,-1.171386957168579,0.6617096662521362,0.6390864849090576,-1.081995964050293,0.3210620880126953,0.6210278868675232,-1.0501903295516968,0.5961905121803284,0.8246026635169983,0.009862283244729042,0.42496299743652344,0.8070296049118042,-0.010389359667897224,0.7236426472663879,0.9718989133834839,-0.19130858778953552,0.3204824924468994,0.8982594013214111,-0.365648090839386,0.5488201379776001,1.2049168348312378,0.10355417430400848,0.361600786447525,1.242324948310852,-0.05623508617281914,0.5206106305122375,1.2343593835830688,0.12555553019046783,0.37790411710739136,1.286590814590454,-0.026178449392318726,0.5134158134460449,1.3438526391983032,-0.02526448294520378,0.35106411576271057,1.3907972574234009,-0.16368328034877777
frame_00120.jpg,0.5467280149459839,0.19504626095294952,-0.6505110263824463,0.5756451487541199,0.15290682017803192,-0.611582338809967,0.5894251465797424,0.15436987578868866,-0.6122239232063293,0.6018081307411194,0.15685002505779266,-0.6121755242347717,0.5354706645011902,0.14921103417873383,-0.6077423095703125,0.52180016040802,0.14742380380630493,-0.6082790493965149,0.5093667507171631,0.14566902816295624,-0.6085373163223267,0.6262038946151733,0.17489680647850037,-0.3774592876434326,0.49897581338882446,0.16140970587730408,-0.3605058491230011,0.5726752877235413,0.24446351826190948,-0.5586073398590088,0.5219124555587769,0.2313833385705948,-0.5578666925430298,0.6798470616340637,0.3754304349422455,-0.28437039256095886,0.40605106949806213,0.35733678936958313,-0.21478843688964844,0.7861828804016113,0.589033842086792,-0.5012046098709106,0.24565109610557556,0.5774462819099426,-0.4319611191749573,0.711296021938324,0.621758759021759,-0.9805313348770142,0.2747880816459656,0.6231856942176819,-0.9217472076416016,0.7181698083877563,0.6774615049362183,-1.096069574356079,0.2579529583454132,0.6578563451766968,-1.037194013595581,0.6661030054092407,0.6462414264678955,-1.1125727891921997,0.302253782749176,0.629247784614563,-1.0598094463348389,0.6595672965049744,0.6391791105270386,-0.9948717355728149,0.3181679844856262,0.6209366321563721,-0.9457392692565918,0.5915201306343079,0.8244916796684265,0.009841790422797203,0.42244720458984375,0.806976854801178,-0.010375267826020718,0.7287431955337524,0.8984432220458984,-0.2399190217256546,0.27831417322158813,0.8460483551025391,-0.36669105291366577,0.5452376008033752,1.1839567422866821,-0.04189499467611313,0.36972376704216003,1.1902523040771484,-0.10026755183935165,0.5102072954177856,1.2130271196365356,-0.025920022279024124,0.3906417489051819,1.2306092977523804,-0.07251766324043274,0.49958348274230957,1.3251018524169922,-0.1578071415424347,0.3695226013660431,1.3445490598678589,-0.1796574890613556
frame_00121.jpg,0.542556881904602,0.19475017488002777,-0.5710886716842651,0.5735114216804504,0.1527175009250641,-0.5269829034805298,0.5873480439186096,0.15468159317970276,-0.5276130437850952,0.5991661548614502,0.15775103867053986,-0.5275675058364868,0.5315330028533936,0.14877872169017792,-0.524080753326416,0.5172723531723022,0.14708200097084045,-0.5246124863624573,0.5052790641784668,0.14537367224693298,-0.5248560309410095,0.6221883296966553,0.17670391499996185,-0.2816588580608368,0.4945303499698639,0.16090814769268036,-0.26886478066444397,0.567751944065094,0.24500177800655365,-0.4762097895145416,0.5167327523231506,0.2313835620880127,-0.47673100233078003,0.675464928150177,0.375327467918396,-0.19905291497707367,0.4016169607639313,0.3575390577316284,-0.13891905546188354,0.7781583070755005,0.5881991982460022,-0.4184582829475403,0.24396851658821106,0.5780372619628906,-0.3488393723964691,0.7081645727157593,0.6217718124389648,-0.9027084112167358,0.26822784543037415,0.6230852603912354,-0.8097350001335144,0.7141960263252258,0.6774192452430725,-1.0177948474884033,0.254000723361969,0.6585971117019653,-0.9173740148544312,0.662074625492096,0.6457907557487488,-1.0337729454040527,0.2943407893180847,0.6279017329216003,-0.9415103197097778,0.6549928784370422,0.6383535861968994,-0.9176069498062134,0.3110928535461426,0.6198632717132568,-0.8338079452514648,0.5913602113723755,0.8244205713272095,0.011008625850081444,0.42255011200904846,0.8074629902839661,-0.011577229015529156,0.7700164318084717,0.8478506207466125,-0.23176400363445282,0.2693462669849396,0.8328714966773987,-0.3227165937423706,0.5492321848869324,1.173991084098816,-0.0748385637998581,0.38291558623313904,1.1641223430633545,-0.07786759734153748,0.5122028589248657,1.2039982080459595,-0.06375834345817566,0.4056846499443054,1.2014472484588623,-0.04905913025140762,0.5000801086425781,1.3096553087234497,-0.1912565380334854,0.3909129798412323,1.3086211681365967,-0.120078444480896
frame_00122.jpg,0.5423846244812012,0.19447341561317444,-0.6143832802772522,0.5734045505523682,0.15246780216693878,-0.5714081525802612,0.5871914625167847,0.1543649584054947,-0.5720565915107727,0.5991300940513611,0.15742570161819458,-0.5719887614250183,0.5311521887779236,0.1478283554315567,-0.5674771666526794,0.5168501138687134,0.14577119052410126,-0.5680199861526489,0.5048486590385437,0.14363044500350952,-0.5682955384254456,0.6222677230834961,0.17642202973365784,-0.3222845196723938,0.4941841959953308,0.1588955819606781,-0.30584433674812317,0.5677295923233032,0.24464954435825348,-0.5177046060562134,0.5160606503486633,0.23111091554164886,-0.5170310735702515,0.6749922037124634,0.37549665570259094,-0.22805576026439667,0.40112820267677307,0.3575572073459625,-0.1579706072807312,0.7783430218696594,0.5881020426750183,-0.45207786560058594,0.24399597942829132,0.5797983407974243,-0.37415415048599243,0.7072383165359497,0.6219478845596313,-0.9504019021987915,0.26899176836013794,0.621017575263977,-0.8647629022598267,0.7136944532394409,0.6768695712089539,-1.0691899061203003,0.255591481924057,0.6568766832351685,-0.9805492162704468,0.6604639291763306,0.6457507014274597,-1.0856945514678955,0.29572349786758423,0.6251441240310669,-1.001969337463379,0.6535673141479492,0.6382961273193359,-0.9655860066413879,0.3113560080528259,0.6173984408378601,-0.8883017301559448,0.587575376033783,0.827591598033905,0.009120438247919083,0.4192214012145996,0.8074467778205872,-0.009699336253106594,0.7241758704185486,0.9571090340614319,-0.16283990442752838,0.2610227167606354,0.8335596919059753,-0.3354831039905548,0.5394381284713745,1.1998560428619385,-0.0006905720802024007,0.3801102042198181,1.1648285388946533,-0.10104415565729141,0.5071703195571899,1.2295212745666504,0.005508624017238617,0.40075311064720154,1.2039004564285278,-0.0727178081870079,0.48548102378845215,1.3299518823623657,-0.10467779636383057,0.38205865025520325,1.325584888458252,-0.1448078155517578
frame_00123.jpg,0.5420560240745544,0.19421133399009705,-0.6357477307319641,0.5731530785560608,0.15221263468265533,-0.5940940976142883,0.5868964195251465,0.15417765080928802,-0.594757616519928,0.598864734172821,0.15730875730514526,-0.5947004556655884,0.5306606888771057,0.14748455584049225,-0.5907341241836548,0.5162867307662964,0.1452014297246933,-0.5912845730781555,0.5042883157730103,0.14278730750083923,-0.5915715098381042,0.6218428611755371,0.17643094062805176,-0.34258002042770386,0.4936281144618988,0.15813851356506348,-0.32675814628601074,0.567407488822937,0.24450311064720154,-0.5397844910621643,0.5154324769973755,0.2308945655822754,-0.539796769618988,0.6745210886001587,0.3758303225040436,-0.234964057803154,0.3991253077983856,0.35836002230644226,-0.1737387478351593,0.7787337303161621,0.5906192660331726,-0.4644033908843994,0.2440497875213623,0.5867159366607666,-0.39210939407348633,0.7060032486915588,0.6225467920303345,-0.9527506828308105,0.26919808983802795,0.6267216801643372,-0.8653964996337891,0.7113799452781677,0.6768414974212646,-1.065155267715454,0.2560783922672272,0.6588367223739624,-0.9760361909866333,0.658201277256012,0.645634114742279,-1.07887864112854,0.2931201159954071,0.6251439452171326,-0.997424304485321,0.6521977186203003,0.6384219527244568,-0.9658751487731934,0.30630069971084595,0.6173745393753052,-0.8884314298629761,0.5852236747741699,0.8295828104019165,0.00918994378298521,0.41840505599975586,0.8084436655044556,-0.009767214767634869,0.7199727296829224,0.9739651083946228,-0.11745746433734894,0.2574508786201477,0.8349969983100891,-0.3415374159812927,0.538603663444519,1.204497218132019,0.07134606689214706,0.3743513822555542,1.1713615655899048,-0.09481246769428253,0.5060466527938843,1.2328410148620605,0.0841093435883522,0.3944745659828186,1.2128709554672241,-0.0661335214972496,0.48666295409202576,1.3377060890197754,-0.026738911867141724,0.3734554648399353,1.3300251960754395,-0.14347881078720093
frame_00124.jpg,0.542091965675354,0.1940477043390274,-0.6323529481887817,0.5729662179946899,0.15225426852703094,-0.5932286977767944,0.586658239364624,0.15430544316768646,-0.5938990116119385,0.598666787147522,0.15743233263492584,-0.5938520431518555,0.5305253267288208,0.14699521660804749,-0.5908896327018738,0.5161994695663452,0.14467068016529083,-0.5914480686187744,0.5041199922561646,0.14229029417037964,-0.5917423963546753,0.621336042881012,0.17636753618717194,-0.34973278641700745,0.4934510588645935,0.1578969806432724,-0.33723706007003784,0.5674367547035217,0.24464435875415802,-0.5377525687217712,0.515399158000946,0.23074261844158173,-0.539332389831543,0.6735867857933044,0.37592262029647827,-0.24482814967632294,0.3980223834514618,0.35867753624916077,-0.18296369910240173,0.7790600061416626,0.5917942523956299,-0.4580455720424652,0.24397918581962585,0.5898507833480835,-0.38562944531440735,0.7041224241256714,0.6233111619949341,-0.92510586977005,0.2683291733264923,0.6347662806510925,-0.845145583152771,0.7089842557907104,0.6768625378608704,-1.0345375537872314,0.2569184899330139,0.6667984127998352,-0.9531135559082031,0.6560605764389038,0.6455773711204529,-1.048356294631958,0.29194027185440063,0.6274569630622864,-0.9755381345748901,0.650286078453064,0.6386432647705078,-0.9377033114433289,0.30228787660598755,0.6196356415748596,-0.8680265545845032,0.5836349129676819,0.8345183730125427,0.010042230598628521,0.41781488060951233,0.8144176602363586,-0.010593743994832039,0.7252956628799438,0.9875043034553528,-0.12747463583946228,0.2548835873603821,0.8352136611938477,-0.3787115812301636,0.5418576598167419,1.21713125705719,0.07158933579921722,0.3809385597705841,1.178546667098999,-0.11469247192144394,0.5083991885185242,1.2448934316635132,0.08631492406129837,0.40320324897766113,1.216469168663025,-0.08417366445064545,0.49022307991981506,1.3494893312454224,-0.03765139728784561,0.38704735040664673,1.344983696937561,-0.16703060269355774
frame_00125.jpg,0.5422414541244507,0.19400008022785187,-0.5480889081954956,0.5729487538337708,0.15294161438941956,-0.5099164247512817,0.5865288376808167,0.15503890812397003,-0.5105699300765991,0.5985901355743408,0.15826544165611267,-0.5105394124984741,0.5310989618301392,0.1471964716911316,-0.5094939470291138,0.5171719789505005,0.14471536874771118,-0.5100457668304443,0.5047681331634521,0.14219483733177185,-0.510330319404602,0.6211317181587219,0.17688347399234772,-0.28020599484443665,0.4937286972999573,0.15790659189224243,-0.2800530195236206,0.5674970746040344,0.2445371150970459,-0.4574110507965088,0.5156348943710327,0.2306162267923355,-0.4617186486721039,0.6735295057296753,0.37650007009506226,-0.189783975481987,0.3976561427116394,0.35879889130592346,-0.1540961116552353,0.7800391912460327,0.5928472280502319,-0.3814049959182739,0.2431478500366211,0.5958244800567627,-0.34189242124557495,0.7035132050514221,0.6234729886054993,-0.8394513130187988,0.2682105004787445,0.6422525644302368,-0.7615841627120972,0.7067388296127319,0.6771749258041382,-0.944129467010498,0.2573956549167633,0.6742085218429565,-0.860150933265686,0.6546702980995178,0.6451739072799683,-0.955470860004425,0.29174548387527466,0.64042067527771,-0.8799489736557007,0.6491174101829529,0.6379836797714233,-0.8507493734359741,0.3002481162548065,0.6257008910179138,-0.781982958316803,0.5811140537261963,0.8345320224761963,0.01846536621451378,0.4167495667934418,0.8141843676567078,-0.019031936302781105,0.7576168775558472,0.9049673080444336,-0.13700762391090393,0.24254217743873596,0.8172332048416138,-0.36306118965148926,0.5288504958152771,1.1814204454421997,-0.06466476619243622,0.41055232286453247,1.1390925645828247,-0.12084738165140152,0.48843351006507874,1.2060824632644653,-0.05532919242978096,0.4380514621734619,1.169120192527771,-0.09138345718383789,0.46659883856773376,1.2943195104599,-0.19143220782279968,0.44238027930259705,1.2733367681503296,-0.17505718767642975
frame_00126.jpg,0.5421338081359863,0.19351330399513245,-0.5478569865226746,0.572813093662262,0.1528959721326828,-0.5019363164901733,0.5862072110176086,0.15497428178787231,-0.502541184425354,0.598304271697998,0.15847086906433105,-0.502457320690155,0.5311076641082764,0.1460583359003067,-0.5002582669258118,0.517214834690094,0.14326420426368713,-0.5007977485656738,0.5047962069511414,0.14038251340389252,-0.5010630488395691,0.6200081706047058,0.17769882082939148,-0.24102488160133362,0.4935973584651947,0.15616469085216522,-0.23595304787158966,0.5663802623748779,0.24441538751125336,-0.4468232989311218,0.5152722597122192,0.22946201264858246,-0.4495101571083069,0.6718690395355225,0.37649625539779663,-0.13496693968772888,0.3942963778972626,0.35910019278526306,-0.10273931175470352,0.7793434262275696,0.5925127267837524,-0.34395045042037964,0.240091010928154,0.59444659948349,-0.3162461817264557,0.7014879584312439,0.6233812570571899,-0.8431425094604492,0.2582321763038635,0.6370394229888916,-0.8044455647468567,0.7033430337905884,0.6771404147148132,-0.9566863775253296,0.2400963008403778,0.6710405349731445,-0.9171339869499207,0.652959942817688,0.643634557723999,-0.9720968008041382,0.27972617745399475,0.6312127709388733,-0.939850926399231,0.6470397114753723,0.6369509100914001,-0.8574835658073425,0.2944708466529846,0.6220647096633911,-0.8277902603149414,0.5785414576530457,0.8349729180335999,0.02280976064503193,0.41431617736816406,0.8140320181846619,-0.023366378620266914,0.7572675943374634,0.9289132952690125,-0.2229464054107666,0.24739165604114532,0.8183800578117371,-0.43423992395401,0.5336180925369263,1.1910277605056763,-0.07877548038959503,0.40238112211227417,1.1862016916275024,-0.13535097241401672,0.4946538507938385,1.2202870845794678,-0.06814061850309372,0.42598429322242737,1.2215626239776611,-0.10246844589710236,0.4766061305999756,1.30343759059906,-0.2423192262649536,0.4269476532936096,1.3336585760116577,-0.22758455574512482
frame_00127.jpg,0.5418919920921326,0.1931619793176651,-0.5640959143638611,0.5725349187850952,0.15284861624240875,-0.5169082880020142,0.5858842134475708,0.1549105942249298,-0.5175320506095886,0.5980958938598633,0.15849097073078156,-0.5174451470375061,0.5308533906936646,0.14501990377902985,-0.5148991346359253,0.5169678330421448,0.14176210761070251,-0.5154262781143188,0.5044815540313721,0.13848987221717834,-0.5157052874565125,0.6198729276657104,0.17787697911262512,-0.249781996011734,0.493307501077652,0.1543135941028595,-0.24328067898750305,0.5657661557197571,0.244319885969162,-0.4608622193336487,0.5148431062698364,0.22896341979503632,-0.46314436197280884,0.6711542010307312,0.3765973150730133,-0.14321264624595642,0.3922211229801178,0.3599795997142792,-0.10043542087078094,0.7790900468826294,0.5922480821609497,-0.3595592677593231,0.2356564998626709,0.5952782034873962,-0.32902464270591736,0.7009474039077759,0.6229622960090637,-0.864837646484375,0.2503017783164978,0.6257268786430359,-0.8271869421005249,0.7018594145774841,0.6768960952758789,-0.9809011220932007,0.23275573551654816,0.6572454571723938,-0.9190230369567871,0.6519314050674438,0.643039882183075,-0.9970568418502808,0.272258460521698,0.6119479537010193,-0.9460796117782593,0.6459409594535828,0.6364265084266663,-0.8796783685684204,0.290218710899353,0.6093977689743042,-0.849151611328125,0.5790644288063049,0.8388426899909973,0.023583315312862396,0.41410714387893677,0.8223663568496704,-0.024137455970048904,0.7550643682479858,0.9840794801712036,-0.13922718167304993,0.24962005019187927,0.8481300473213196,-0.4141358435153961,0.5663344860076904,1.226230502128601,0.095161072909832,0.3861624598503113,1.2472398281097412,-0.1344664990901947,0.5332126617431641,1.2584036588668823,0.11209174245595932,0.4055502414703369,1.2917691469192505,-0.09895848482847214,0.5173680782318115,1.350669503211975,-0.053396325558423996,0.4123319983482361,1.4059420824050903,-0.21359507739543915
frame_00128.jpg,0.5419198870658875,0.191251739859581,-0.6365841627120972,0.5725067853927612,0.151121586561203,-0.5877810716629028,0.5858372449874878,0.1537598818540573,-0.5884188413619995,0.5980972051620483,0.15749803185462952,-0.5883021950721741,0.5307673215866089,0.1421162337064743,-0.585267186164856,0.5168217420578003,0.13839325308799744,-0.5857748985290527,0.5041324496269226,0.1351691633462906,-0.5860425233840942,0.6199094653129578,0.17734326422214508,-0.2980402410030365,0.49252504110336304,0.1524888426065445,-0.29054054617881775,0.565830647945404,0.24339847266674042,-0.5262187719345093,0.5148860812187195,0.22779959440231323,-0.5280715227127075,0.6706568002700806,0.37658601999282837,-0.1546700894832611,0.39157190918922424,0.35993102192878723,-0.11267217248678207,0.7775658369064331,0.5920183062553406,-0.38669198751449585,0.23554416000843048,0.5945508480072021,-0.37409448623657227,0.6990612745285034,0.6222366094589233,-0.8870090246200562,0.2521842122077942,0.6050527691841125,-0.9305464029312134,0.6993288993835449,0.6760332584381104,-1.0034403800964355,0.23277051746845245,0.6266944408416748,-1.0562142133712769,0.6500334143638611,0.6411750316619873,-1.0190953016281128,0.2749735116958618,0.594097375869751,-1.0795832872390747,0.6441885828971863,0.63396155834198,-0.9016922116279602,0.29218512773513794,0.5961542725563049,-0.956320583820343,0.577838122844696,0.8384671807289124,0.02428390271961689,0.4116212725639343,0.8217315673828125,-0.024816367775201797,0.7462083101272583,0.9970605969429016,-0.14661253988742828,0.2985859513282776,0.951188325881958,-0.4244322180747986,0.5769519805908203,1.2515076398849487,0.09824623167514801,0.3843767046928406,1.3102514743804932,-0.12261123955249786,0.5460684299468994,1.28648841381073,0.11511360108852386,0.40489497780799866,1.3555052280426025,-0.08403702825307846,0.5322021842002869,1.3842779397964478,-0.05418543890118599,0.4052916467189789,1.4741966724395752,-0.21135611832141876
frame_00129.jpg,0.5402790307998657,0.19024689495563507,-0.7469972372055054,0.5711409449577332,0.15019908547401428,-0.7045165300369263,0.5849363803863525,0.15331484377384186,-0.7052253484725952,0.597084105014801,0.1573152095079422,-0.705173909664154,0.5286020040512085,0.14076773822307587,-0.7025653123855591,0.5141032934188843,0.1372087001800537,-0.7031141519546509,0.5016147494316101,0.13434605300426483,-0.703407347202301,0.6180568933486938,0.17728492617607117,-0.43866467475891113,0.4893229901790619,0.1521603763103485,-0.43125683069229126,0.5647882223129272,0.2432691901922226,-0.6423645615577698,0.5128345489501953,0.22765375673770905,-0.644338846206665,0.6686978936195374,0.3764662444591522,-0.31281840801239014,0.389889657497406,0.3592138886451721,-0.25710493326187134,0.7737964391708374,0.591080367565155,-0.5204076170921326,0.23591478168964386,0.5858855843544006,-0.4847699999809265,0.6956073045730591,0.6219126582145691,-1.0306169986724854,0.2533055245876312,0.585407555103302,-1.0129585266113281,0.6963978409767151,0.6750286817550659,-1.1522833108901978,0.23497462272644043,0.5989171862602234,-1.1372082233428955,0.6468462347984314,0.6407182812690735,-1.172703742980957,0.27645838260650635,0.5762901902198792,-1.1626417636871338,0.6402121782302856,0.6338988542556763,-1.0473568439483643,0.2935960590839386,0.5794177651405334,-1.039022445678711,0.5736582279205322,0.833623468875885,0.021180307492613792,0.40763139724731445,0.8171340823173523,-0.021712731570005417,0.730384886264801,0.9893670678138733,-0.20840458571910858,0.2664099633693695,0.9384689331054688,-0.39591580629348755,0.5279228091239929,1.1998226642608643,0.02242395095527172,0.38829851150512695,1.2786957025527954,-0.05978981778025627,0.49082034826278687,1.2259315252304077,0.0403120182454586,0.4108465611934662,1.3142203092575073,-0.02235366962850094,0.47609028220176697,1.3202980756759644,-0.10363505035638809,0.40453869104385376,1.426101565361023,-0.1289595365524292
frame_00130.jpg,0.5386792421340942,0.1909230798482895,-0.8655216097831726,0.5693685412406921,0.15064577758312225,-0.8183825612068176,0.5838130712509155,0.15371960401535034,-0.8191158175468445,0.5955772399902344,0.15763971209526062,-0.8190613985061646,0.5267689228057861,0.14159736037254333,-0.818004310131073,0.5120633244514465,0.13850490748882294,-0.8185494542121887,0.4991895258426666,0.1360500603914261,-0.8188856840133667,0.6146553754806519,0.17759308218955994,-0.5276265740394592,0.48620516061782837,0.15337134897708893,-0.5261880159378052,0.5631247162818909,0.24410270154476166,-0.7513554096221924,0.5111331939697266,0.2287539541721344,-0.7550624012947083,0.6654618382453918,0.3762524724006653,-0.371111661195755,0.38740473985671997,0.35836541652679443,-0.34472912549972534,0.7637959122657776,0.5897685885429382,-0.6068054437637329,0.22822368144989014,0.5919777154922485,-0.6160048246383667,0.6927255392074585,0.6216734051704407,-1.1702592372894287,0.2540954053401947,0.5644511580467224,-1.1976892948150635,0.6960794925689697,0.6731573939323425,-1.3050870895385742,0.2367628812789917,0.5754634141921997,-1.3421235084533691,0.6455371379852295,0.6406433582305908,-1.3305459022521973,0.27866652607917786,0.5640789866447449,-1.3628690242767334,0.6374884843826294,0.6342315077781677,-1.1912081241607666,0.29931920766830444,0.5674755573272705,-1.2237128019332886,0.5715652704238892,0.8332074284553528,0.022257259115576744,0.4029334485530853,0.8163122534751892,-0.022793138399720192,0.7188065052032471,0.9846657514572144,-0.2019898146390915,0.28797462582588196,0.9542996287345886,-0.3604087233543396,0.5298190712928772,1.2073553800582886,0.11101581156253815,0.3440719246864319,1.283359169960022,0.011271773837506771,0.49621114134788513,1.2376998662948608,0.1324349045753479,0.35907596349716187,1.328414797782898,0.046232905238866806,0.4979228377342224,1.3316854238510132,-0.037628818303346634,0.34153464436531067,1.430999517440796,-0.10418931394815445
frame_00131.jpg,0.5358965992927551,0.19263513386249542,-0.7670831680297852,0.5667911767959595,0.15222550928592682,-0.7217239737510681,0.5816057324409485,0.1552465260028839,-0.72242271900177,0.5930660367012024,0.1589551419019699,-0.7223606109619141,0.5241800546646118,0.14369617402553558,-0.7195528745651245,0.5099002122879028,0.14102238416671753,-0.7200931310653687,0.49717697501182556,0.13895635306835175,-0.720402717590332,0.6117360591888428,0.1786070615053177,-0.44787248969078064,0.4846530854701996,0.15482313930988312,-0.445585161447525,0.5599580407142639,0.2455430030822754,-0.6594658493995667,0.5088344812393188,0.23012378811836243,-0.661496102809906,0.662053644657135,0.3762342631816864,-0.3206242024898529,0.3865077495574951,0.356447696685791,-0.3031359314918518,0.7585433125495911,0.5896373391151428,-0.5402737855911255,0.22292622923851013,0.5975528955459595,-0.5212299823760986,0.6897935271263123,0.621733546257019,-1.0853569507598877,0.2546301484107971,0.559576690196991,-1.10670006275177,0.694618821144104,0.672939658164978,-1.2150187492370605,0.23823054134845734,0.5648845434188843,-1.24600088596344,0.6438379883766174,0.6406317949295044,-1.2352585792541504,0.2822652757167816,0.5473423004150391,-1.2651642560958862,0.6353362798690796,0.6343812346458435,-1.1032100915908813,0.3015606105327606,0.5509780645370483,-1.1322860717773438,0.5652533769607544,0.8332720398902893,0.021999593824148178,0.3974674940109253,0.8158597946166992,-0.02253142185509205,0.7036730647087097,1.0116671323776245,-0.1469145119190216,0.2880810797214508,0.9644747376441956,-0.368027001619339,0.5222911834716797,1.217497706413269,0.12870332598686218,0.3475785255432129,1.2809242010116577,-0.023137176409363747,0.487837553024292,1.2468918561935425,0.1474100649356842,0.36339497566223145,1.3244929313659668,0.00974828191101551,0.48184746503829956,1.3389155864715576,-0.022841189056634903,0.34483712911605835,1.4303185939788818,-0.11472227424383163
frame_00132.jpg,0.5340005159378052,0.19328314065933228,-0.7906696200370789,0.5654714703559875,0.1533268839120865,-0.748622715473175,0.5801436305046082,0.15647119283676147,-0.7493359446525574,0.5912852883338928,0.16010251641273499,-0.7492978572845459,0.5223952531814575,0.14445556700229645,-0.7479225993156433,0.5082564949989319,0.1418328732252121,-0.7484517693519592,0.4958024024963379,0.13981753587722778,-0.7487748861312866,0.6097108125686646,0.1796584576368332,-0.47619861364364624,0.4839700162410736,0.15505999326705933,-0.47543126344680786,0.558043360710144,0.24593064188957214,-0.6825999021530151,0.5072760581970215,0.23034580051898956,-0.6861249804496765,0.660112202167511,0.3762226104736328,-0.3283608853816986,0.3849644660949707,0.35647088289260864,-0.30261874198913574,0.7572287917137146,0.5895858407020569,-0.5472654700279236,0.217006653547287,0.5973598957061768,-0.5492310523986816,0.6901662349700928,0.6216914653778076,-1.0923892259597778,0.2549986243247986,0.5669950842857361,-1.1101197004318237,0.6942771673202515,0.6728333830833435,-1.2197834253311157,0.24292290210723877,0.5808220505714417,-1.2417867183685303,0.6439722776412964,0.6400225758552551,-1.2398955821990967,0.28274470567703247,0.5535815954208374,-1.2636951208114624,0.6358436942100525,0.6330236792564392,-1.1099263429641724,0.29987582564353943,0.5554143190383911,-1.1353380680084229,0.5647097826004028,0.8330498337745667,0.02740773931145668,0.3979027569293976,0.8158490657806396,-0.027899986132979393,0.7097489833831787,1.0040980577468872,-0.1679457724094391,0.30413419008255005,0.9780147671699524,-0.45174440741539,0.5218278169631958,1.2209770679473877,0.014977176673710346,0.36802878975868225,1.3199058771133423,-0.1380348652601242,0.4842909276485443,1.2505944967269897,0.023274458944797516,0.38051891326904297,1.3631985187530518,-0.1071140319108963,0.47903209924697876,1.3423796892166138,-0.1781848818063736,0.38799434900283813,1.4794385433197021,-0.27457547187805176
frame_00133.jpg,0.5318837761878967,0.19483759999275208,-0.785165011882782,0.5638957619667053,0.1550154834985733,-0.7435479164123535,0.5786703824996948,0.15803596377372742,-0.7442697286605835,0.5897608995437622,0.1613646298646927,-0.7442149519920349,0.5206239819526672,0.14595937728881836,-0.7391840219497681,0.5066781640052795,0.14318132400512695,-0.7397230863571167,0.49445539712905884,0.14104776084423065,-0.7400442361831665,0.6088720560073853,0.18041227757930756,-0.47348880767822266,0.4835686683654785,0.15532487630844116,-0.4568137228488922,0.5559704303741455,0.2466612160205841,-0.6782259345054626,0.5055428743362427,0.23107075691223145,-0.6774171590805054,0.6589847207069397,0.37620896100997925,-0.3341698944568634,0.3839869797229767,0.35589316487312317,-0.2747381627559662,0.7556771039962769,0.5895563960075378,-0.5650690197944641,0.21702678501605988,0.5932170748710632,-0.5180558562278748,0.6903457641601562,0.6216888427734375,-1.1003822088241577,0.2523845434188843,0.5904727578163147,-1.0835597515106201,0.6936827898025513,0.6729477047920227,-1.227967381477356,0.24300377070903778,0.6101157069206238,-1.218538522720337,0.6439279317855835,0.6397917866706848,-1.2476176023483276,0.2800864279270172,0.5542436838150024,-1.241494059562683,0.6361207365989685,0.6323903799057007,-1.1172621250152588,0.29168593883514404,0.559393584728241,-1.1102135181427002,0.5646073222160339,0.8324252963066101,0.026220059022307396,0.3980502188205719,0.8136506676673889,-0.02666955254971981,0.6969013810157776,1.0355316400527954,-0.050611358135938644,0.31063947081565857,0.9909345507621765,-0.4488863945007324,0.5275750756263733,1.2701069116592407,0.2517658472061157,0.34694787859916687,1.328599452972412,-0.12989675998687744,0.49843794107437134,1.300952434539795,0.2715143859386444,0.357200562953949,1.372602105140686,-0.10278668254613876,0.4919162690639496,1.4038535356521606,0.09102796018123627,0.3544279932975769,1.4878671169281006,-0.23867955803871155
frame_00134.jpg,0.5307484865188599,0.1971660554409027,-0.8424755334854126,0.5626782178878784,0.15764258801937103,-0.8055989146232605,0.5773023366928101,0.16016192734241486,-0.8063338994979858,0.5881763696670532,0.16281543672084808,-0.8062666058540344,0.519446611404419,0.14872223138809204,-0.800411581993103,0.5054590702056885,0.1456199586391449,-0.8009276390075684,0.493356853723526,0.14327850937843323,-0.8012200593948364,0.6076983213424683,0.18090786039829254,-0.542183518409729,0.48295965790748596,0.15639778971672058,-0.5220503211021423,0.5552923679351807,0.2476542592048645,-0.7365127801895142,0.5047494769096375,0.23212091624736786,-0.7349750399589539,0.658254086971283,0.3761979937553406,-0.3873693346977234,0.38394349813461304,0.35382336378097534,-0.32411670684814453,0.7559775710105896,0.58980792760849,-0.6112459301948547,0.21785679459571838,0.568592369556427,-0.5609915852546692,0.6901617050170898,0.6215223073959351,-1.1122623682022095,0.235207200050354,0.6175238490104675,-1.1034265756607056,0.6927914619445801,0.6729535460472107,-1.2318894863128662,0.22188062965869904,0.6488558053970337,-1.2358932495117188,0.6434131860733032,0.6395160555839539,-1.2510877847671509,0.26370954513549805,0.6110423803329468,-1.257992148399353,0.6356835961341858,0.6318836808204651,-1.1273677349090576,0.27829262614250183,0.6080239415168762,-1.1300761699676514,0.560295045375824,0.828812301158905,0.029016369953751564,0.3943575322628021,0.8093523383140564,-0.029431527480483055,0.6584951281547546,1.0905818939208984,0.09496939927339554,0.342809796333313,1.0647560358047485,-0.36856287717819214,0.5297406911849976,1.3331894874572754,0.4353206753730774,0.3504529595375061,1.4037392139434814,-0.1136995181441307,0.5078369975090027,1.365596890449524,0.4572886824607849,0.3569347560405731,1.4505141973495483,-0.08757232129573822,0.4920266568660736,1.4707157611846924,0.28194499015808105,0.35735392570495605,1.5557353496551514,-0.2773219645023346
frame_00135.jpg,0.5309962034225464,0.1982426643371582,-0.8448486328125,0.5626770853996277,0.158792644739151,-0.8072007894515991,0.5772455334663391,0.16115084290504456,-0.8079679608345032,0.5881660580635071,0.1635313183069229,-0.8079140782356262,0.5196362137794495,0.14980266988277435,-0.8058534860610962,0.505633533000946,0.14655008912086487,-0.8063638806343079,0.49341636896133423,0.14413617551326752,-0.8066450953483582,0.6077740788459778,0.1811448484659195,-0.5478658676147461,0.4826034903526306,0.15730787813663483,-0.5438555479049683,0.5555328130722046,0.24820879101753235,-0.7403597831726074,0.5048782825469971,0.23244155943393707,-0.7436236143112183,0.6581648588180542,0.3764968812465668,-0.3994278609752655,0.3832801282405853,0.35380426049232483,-0.346218079328537,0.7567655444145203,0.5909645557403564,-0.602809488773346,0.21691128611564636,0.5677435994148254,-0.5577577352523804,0.6902045011520386,0.6215645670890808,-1.0874379873275757,0.2326083481311798,0.6324132084846497,-1.085655927658081,0.6922315359115601,0.6730350255966187,-1.2067005634307861,0.22096939384937286,0.6643165349960327,-1.2348672151565552,0.6429466009140015,0.6396326422691345,-1.2258293628692627,0.2631950080394745,0.633163332939148,-1.2450034618377686,0.6355828642845154,0.6321544647216797,-1.1023292541503906,0.2765565514564514,0.6231228709220886,-1.1153990030288696,0.5600001215934753,0.8286533951759338,0.029628178104758263,0.39271605014801025,0.8094560503959656,-0.030040333047509193,0.6574043035507202,1.1016521453857422,0.16395053267478943,0.3465506434440613,1.04353666305542,-0.2045736014842987,0.5587165951728821,1.3529407978057861,0.5534903407096863,0.3374745845794678,1.367529034614563,0.10839848220348358,0.5450276732444763,1.3866124153137207,0.5815679430961609,0.33934149146080017,1.4132826328277588,0.13443875312805176,0.523679792881012,1.4916976690292358,0.4260764718055725,0.34422916173934937,1.5163733959197998,-0.038668617606163025
frame_00136.jpg,0.5329662561416626,0.19841556251049042,-0.731317400932312,0.5635448694229126,0.15921162068843842,-0.6811453700065613,0.5778361558914185,0.16148395836353302,-0.6817346811294556,0.5890797972679138,0.163748100399971,-0.6816253066062927,0.5222543478012085,0.15051762759685516,-0.684198260307312,0.5087136626243591,0.14723721146583557,-0.6847072243690491,0.4963054060935974,0.14468155801296234,-0.6849913597106934,0.609137237071991,0.18125911056995392,-0.39014965295791626,0.48413094878196716,0.1577739119529724,-0.4059011936187744,0.5569515228271484,0.24820199608802795,-0.6174031496047974,0.5072279572486877,0.23212739825248718,-0.6262273788452148,0.6584154367446899,0.37632039189338684,-0.24194404482841492,0.38340339064598083,0.35328537225723267,-0.2416684627532959,0.7622764706611633,0.5921475887298584,-0.474199116230011,0.21365325152873993,0.5658865571022034,-0.4961123466491699,0.6903206706047058,0.6213276386260986,-1.0256283283233643,0.24171380698680878,0.6165106296539307,-1.0731910467147827,0.6924607157707214,0.6731094121932983,-1.1509978771209717,0.23113159835338593,0.6623414754867554,-1.2059671878814697,0.6430549621582031,0.6400116086006165,-1.1713579893112183,0.27896571159362793,0.6266486048698425,-1.222754716873169,0.6356798410415649,0.632559061050415,-1.0426656007766724,0.2902584969997406,0.618144154548645,-1.1042354106903076,0.5717976093292236,0.828367292881012,0.032136887311935425,0.3975972831249237,0.8110448718070984,-0.03258935734629631,0.7347518801689148,1.048374056816101,-0.20983386039733887,0.3207685351371765,1.0174338817596436,-0.5572811365127563,0.5903461575508118,1.3290233612060547,0.07694372534751892,0.3209633231163025,1.3520641326904297,-0.25731825828552246,0.5608752369880676,1.3545750379562378,0.09509924054145813,0.331304669380188,1.3997384309768677,-0.2309824675321579,0.5579541921615601,1.4569429159164429,-0.09979117661714554,0.3211517035961151,1.5086973905563354,-0.42833787202835083
frame_00137.jpg,0.5340778827667236,0.1985972672700882,-0.7274321913719177,0.5641263723373413,0.1598442941904068,-0.6768559217453003,0.5782043933868408,0.1621173471212387,-0.6774610877037048,0.5895795226097107,0.1643206924200058,-0.6773524284362793,0.5239986181259155,0.15093393623828888,-0.6793571710586548,0.5108151435852051,0.147518128156662,-0.67988121509552,0.4983970522880554,0.14483186602592468,-0.680181086063385,0.6096713542938232,0.1818014234304428,-0.38530200719833374,0.4852084219455719,0.15780605375766754,-0.3985561728477478,0.5575493574142456,0.24819642305374146,-0.6137229800224304,0.5082822442054749,0.23182006180286407,-0.6218633055686951,0.6585885882377625,0.3760870099067688,-0.23858395218849182,0.38352200388908386,0.35274553298950195,-0.2349475920200348,0.7624759078025818,0.5918487310409546,-0.4758358597755432,0.20967550575733185,0.5643652081489563,-0.4899371266365051,0.6903830170631409,0.621325671672821,-1.027940034866333,0.24278464913368225,0.6092333197593689,-1.0617218017578125,0.6927839517593384,0.6731712222099304,-1.1535793542861938,0.23175951838493347,0.6599740982055664,-1.1955486536026,0.643166184425354,0.6404393315315247,-1.1765711307525635,0.27946141362190247,0.6237403154373169,-1.2144603729248047,0.6358460187911987,0.6330516934394836,-1.0433474779129028,0.290434867143631,0.6160381436347961,-1.0899652242660522,0.5748215317726135,0.8270500898361206,0.033401962369680405,0.397964209318161,0.8110831379890442,-0.03388352692127228,0.737737774848938,1.0072849988937378,-0.1967329978942871,0.3022363781929016,1.0050506591796875,-0.5524635910987854,0.5870984792709351,1.2878552675247192,0.10496683418750763,0.3080548644065857,1.3360575437545776,-0.2516922056674957,0.5560002326965332,1.3245869874954224,0.12481053173542023,0.3201274573802948,1.3886761665344238,-0.2248307466506958,0.552320659160614,1.4153178930282593,-0.06412373483181,0.3053451180458069,1.4838751554489136,-0.41823554039001465
frame_00138.jpg,0.5345385670661926,0.19856680929660797,-0.7312623262405396,0.5643821954727173,0.15981297194957733,-0.683071494102478,0.5784528255462646,0.16209222376346588,-0.6836389303207397,0.5900000333786011,0.16430193185806274,-0.683472752571106,0.5245795249938965,0.15093350410461426,-0.6836352944374084,0.5114747881889343,0.14749863743782043,-0.6841550469398499,0.49906641244888306,0.14479012787342072,-0.6844158172607422,0.610063910484314,0.18179520964622498,-0.39921504259109497,0.4858652949333191,0.15769796073436737,-0.4035560190677643,0.5580358505249023,0.2481393963098526,-0.6196652054786682,0.508752703666687,0.23143276572227478,-0.6258745789527893,0.6593329906463623,0.37607866525650024,-0.2747042179107666,0.3835899233818054,0.3496946096420288,-0.23616328835487366,0.7633851766586304,0.5932701230049133,-0.5303762555122375,0.2100565880537033,0.5528458952903748,-0.4893262982368469,0.6906276941299438,0.6212002038955688,-1.0602588653564453,0.24153022468090057,0.6089240312576294,-1.0362141132354736,0.6928997039794922,0.6729212999343872,-1.1830484867095947,0.23024442791938782,0.6544328927993774,-1.1660349369049072,0.6432516574859619,0.6403341889381409,-1.2014727592468262,0.2772522270679474,0.6224426627159119,-1.1860120296478271,0.6359018087387085,0.6329520344734192,-1.074924111366272,0.28849029541015625,0.6153743863105774,-1.0623241662979126,0.5742096900939941,0.8245372772216797,0.029348930343985558,0.3974025845527649,0.8100046515464783,-0.029826421290636063,0.7210007905960083,1.0078110694885254,-0.10776139795780182,0.27516549825668335,0.9153586030006409,-0.5130494832992554,0.5810162425041199,1.2841037511825562,0.19173257052898407,0.30882441997528076,1.3318959474563599,-0.18362481892108917,0.5504072904586792,1.3199864625930786,0.21171057224273682,0.3270346522331238,1.3826998472213745,-0.15589545667171478,0.544219434261322,1.4182395935058594,0.04547784477472305,0.307515949010849,1.4817535877227783,-0.331746906042099
frame_00139.jpg,0.5350049734115601,0.1985374093055725,-0.749086320400238,0.5646522641181946,0.15976446866989136,-0.7026293277740479,0.578687310218811,0.1620575487613678,-0.7032030820846558,0.5903732180595398,0.1642821878194809,-0.7030336856842041,0.5250025391578674,0.15089158713817596,-0.7024855017662048,0.511918306350708,0.14745941758155823,-0.7029820084571838,0.4994819760322571,0.14475193619728088,-0.703220009803772,0.6101611852645874,0.18178321421146393,-0.4220495820045471,0.4861226975917816,0.1575433313846588,-0.42523393034935,0.5585928559303284,0.24794571101665497,-0.63908851146698,0.5091909170150757,0.23082919418811798,-0.6445472836494446,0.6600241661071777,0.37596672773361206,-0.29595130681991577,0.3838535249233246,0.3478950262069702,-0.25919073820114136,0.7641558647155762,0.5982443690299988,-0.5641520619392395,0.20775406062602997,0.5482279062271118,-0.5136789083480835,0.6914258003234863,0.6203125715255737,-1.1094142198562622,0.2468099147081375,0.6077859401702881,-1.0457696914672852,0.6940177083015442,0.6715425252914429,-1.2360082864761353,0.23666052520275116,0.6537463665008545,-1.1779228448867798,0.6434319019317627,0.6397103071212769,-1.2535998821258545,0.2847793698310852,0.6213905811309814,-1.1947734355926514,0.636105477809906,0.6324427127838135,-1.1249988079071045,0.2952112853527069,0.6147454380989075,-1.0697201490402222,0.5740412473678589,0.8208409547805786,0.029266562312841415,0.39754337072372437,0.8092664480209351,-0.029743632301688194,0.7177544832229614,1.0082378387451172,-0.10730979591608047,0.2766416370868683,0.9267693758010864,-0.48395323753356934,0.589741587638855,1.2980726957321167,0.1989545077085495,0.31384581327438354,1.3277186155319214,-0.19544939696788788,0.563569188117981,1.3380900621414185,0.2190370112657547,0.32768115401268005,1.3768596649169922,-0.17127050459384918,0.5570656657218933,1.4423315525054932,0.044374532997608185,0.31038686633110046,1.479871392250061,-0.3581189513206482
frame_00140.jpg,0.5360768437385559,0.19848407804965973,-0.7190746068954468,0.5652176141738892,0.15971940755844116,-0.679170548915863,0.5793496370315552,0.16198867559432983,-0.6798023581504822,0.5916138291358948,0.16419678926467896,-0.679686427116394,0.5257185697555542,0.15085436403751373,-0.6781402826309204,0.5126755237579346,0.14742699265480042,-0.678650975227356,0.500123143196106,0.1447243094444275,-0.6789067983627319,0.6110793352127075,0.18136808276176453,-0.42123618721961975,0.48655229806900024,0.15743961930274963,-0.42134007811546326,0.5601049661636353,0.2476985603570938,-0.6184394359588623,0.5102614164352417,0.23069187998771667,-0.6223509311676025,0.6611173152923584,0.37580734491348267,-0.3000316619873047,0.38446933031082153,0.3477192521095276,-0.2588312029838562,0.7643686532974243,0.5992580056190491,-0.5546345114707947,0.2085385024547577,0.5446231365203857,-0.5060232281684875,0.6915344595909119,0.6184431910514832,-1.0747711658477783,0.2480286806821823,0.6022242307662964,-1.005972146987915,0.6940494775772095,0.6703900098800659,-1.1929562091827393,0.23870880901813507,0.6451947689056396,-1.1300866603851318,0.6434256434440613,0.6391246914863586,-1.2055795192718506,0.2853010296821594,0.6138372421264648,-1.1438372135162354,0.636091411113739,0.6317823529243469,-1.087214708328247,0.295321524143219,0.6048609018325806,-1.027329444885254,0.5742509961128235,0.8207623958587646,0.027365878224372864,0.3992333710193634,0.8084140419960022,-0.027844568714499474,0.719825804233551,1.007106065750122,-0.08097751438617706,0.2794540524482727,0.9314641952514648,-0.35785967111587524,0.5919148921966553,1.2932891845703125,0.20099663734436035,0.3197474181652069,1.3083819150924683,-0.0698738694190979,0.5646358132362366,1.331948161125183,0.22033891081809998,0.3343471884727478,1.3548249006271362,-0.04344189912080765,0.5583804845809937,1.4372814893722534,0.06259673833847046,0.31888914108276367,1.4686065912246704,-0.1914808601140976
frame_00141.jpg,0.5373232960700989,0.19816391170024872,-0.7690727114677429,0.5666054487228394,0.15944193303585052,-0.7257004976272583,0.5806061029434204,0.1617642343044281,-0.726396381855011,0.5933927893638611,0.16399027407169342,-0.7263023257255554,0.5276138186454773,0.15038561820983887,-0.7252911329269409,0.515247642993927,0.14682301878929138,-0.7258296608924866,0.5028020739555359,0.14396940171718597,-0.7261237502098083,0.6123365163803101,0.18114350736141205,-0.45265331864356995,0.48740988969802856,0.1569180190563202,-0.45412859320640564,0.5618168115615845,0.24705342948436737,-0.6611576676368713,0.5116127729415894,0.23033659160137177,-0.6658937931060791,0.6619760990142822,0.3747939169406891,-0.31299716234207153,0.3856208026409149,0.34647470712661743,-0.26727259159088135,0.7663945555686951,0.5990627408027649,-0.5511696338653564,0.20685748755931854,0.5497905015945435,-0.5079189538955688,0.6919872164726257,0.6171361207962036,-1.0863205194473267,0.2642607092857361,0.5991722941398621,-1.040781855583191,0.6941287517547607,0.6690781116485596,-1.212385654449463,0.2693304121494293,0.6349117159843445,-1.1754907369613647,0.6434504389762878,0.6386298537254333,-1.2283765077590942,0.30249181389808655,0.5956376791000366,-1.1868624687194824,0.636821985244751,0.6312311291694641,-1.100917100906372,0.3089877665042877,0.5863791704177856,-1.0610588788986206,0.573177695274353,0.8190227746963501,0.024703823029994965,0.3993504047393799,0.8005437254905701,-0.025179192423820496,0.7194657325744629,1.0161476135253906,-0.06636134535074234,0.2473457306623459,0.8715067505836487,-0.4075322151184082,0.6070008873939514,1.2899683713912964,0.3009095788002014,0.2799285352230072,1.2411643266677856,-0.08220602571964264,0.5824939012527466,1.3281149864196777,0.32799842953681946,0.2949923574924469,1.2878271341323853,-0.052023399621248245,0.5804053544998169,1.4358559846878052,0.15422794222831726,0.26101669669151306,1.389715313911438,-0.21431609988212585
frame_00142.jpg,0.5375205874443054,0.19794759154319763,-0.7665016651153564,0.5670084953308105,0.1590634137392044,-0.7201684713363647,0.5809847116470337,0.1614585667848587,-0.7208524942398071,0.5940036177635193,0.16370750963687897,-0.7207167148590088,0.5280994176864624,0.1495981067419052,-0.7187750339508057,0.5157135725021362,0.14583852887153625,-0.7193019986152649,0.5031265616416931,0.1428094208240509,-0.7195552587509155,0.6135784983634949,0.18077856302261353,-0.434727281332016,0.48818811774253845,0.15595310926437378,-0.4314713478088379,0.5621927380561829,0.24661071598529816,-0.6536823511123657,0.5118447542190552,0.23007290065288544,-0.6574530005455017,0.6625932455062866,0.372513085603714,-0.2951412796974182,0.38821151852607727,0.34293684363365173,-0.2368565797805786,0.7664583921432495,0.5941277146339417,-0.5301001667976379,0.20989398658275604,0.5503304600715637,-0.47905731201171875,0.692620038986206,0.6121792197227478,-1.066197156906128,0.2639452815055847,0.599668562412262,-1.0256788730621338,0.6954793334007263,0.6651039123535156,-1.1943832635879517,0.2633468508720398,0.635191798210144,-1.1612508296966553,0.6435703635215759,0.6367725729942322,-1.21091628074646,0.301904559135437,0.5987492203712463,-1.1770070791244507,0.6371640563011169,0.62986820936203,-1.0812220573425293,0.30772191286087036,0.5899350047111511,-1.0486586093902588,0.575073778629303,0.8183072805404663,0.024110039696097374,0.40155959129333496,0.8006401062011719,-0.024578778073191643,0.717480480670929,1.0435450077056885,-0.04958917945623398,0.25454992055892944,0.9006156921386719,-0.4309564530849457,0.6096571683883667,1.3166749477386475,0.3060448467731476,0.2861696183681488,1.2646576166152954,-0.08376456797122955,0.586798369884491,1.3548719882965088,0.32970771193504333,0.29863566160202026,1.3153223991394043,-0.05455080419778824,0.5812466740608215,1.455248475074768,0.13502660393714905,0.27697819471359253,1.4195116758346558,-0.2662932276725769
frame_00143.jpg,0.5377575755119324,0.19768616557121277,-0.6156744360923767,0.5673729181289673,0.15860994160175323,-0.5685664415359497,0.5814145803451538,0.16111613810062408,-0.5691533088684082,0.5945295095443726,0.16339585185050964,-0.569033682346344,0.5284573435783386,0.1485554277896881,-0.5669304728507996,0.5161492824554443,0.14457006752490997,-0.5674416422843933,0.5036095380783081,0.1413683146238327,-0.5676627159118652,0.6142778992652893,0.18041883409023285,-0.2986642122268677,0.4891895651817322,0.1546848714351654,-0.29389137029647827,0.5623939037322998,0.245883047580719,-0.5101853013038635,0.5121278762817383,0.2295873761177063,-0.5132865309715271,0.6630463004112244,0.37162360548973083,-0.18032848834991455,0.38944190740585327,0.3405427038669586,-0.1345144808292389,0.7664834260940552,0.5924729704856873,-0.4002733826637268,0.21613934636116028,0.5488711595535278,-0.3347693383693695,0.6926956176757812,0.6117149591445923,-0.9035624265670776,0.26194459199905396,0.5996904969215393,-0.8047248125076294,0.695697009563446,0.6640991568565369,-1.020164132118225,0.25708919763565063,0.6352184414863586,-0.9197295308113098,0.64361971616745,0.6346395015716553,-1.0325502157211304,0.3003535866737366,0.6042909026145935,-0.9398616552352905,0.6372129917144775,0.6283233165740967,-0.9163200259208679,0.30697718262672424,0.5969781279563904,-0.8270775079727173,0.5765495300292969,0.8168259859085083,0.02557314559817314,0.4027877449989319,0.8008671998977661,-0.02605673111975193,0.733511209487915,1.0136864185333252,-0.13893499970436096,0.2678506076335907,0.9071584939956665,-0.431324303150177,0.6229883432388306,1.3082473278045654,0.11332014948129654,0.29350006580352783,1.2686067819595337,-0.09017874300479889,0.5949020981788635,1.3458231687545776,0.1275608241558075,0.3059197962284088,1.3216372728347778,-0.061986833810806274,0.603516697883606,1.4458327293395996,-0.06652568280696869,0.28823545575141907,1.430298924446106,-0.26763230562210083
frame_00144.jpg,0.5383120775222778,0.1970377117395401,-0.820280909538269,0.5679410696029663,0.15724414587020874,-0.7763808965682983,0.5821074843406677,0.15973006188869476,-0.7770667672157288,0.5956447720527649,0.16197971999645233,-0.7769301533699036,0.5287940502166748,0.1471080183982849,-0.771142840385437,0.5165470838546753,0.14313100278377533,-0.7716675996780396,0.504044771194458,0.14002713561058044,-0.7719448208808899,0.6158581376075745,0.17889779806137085,-0.4971908628940582,0.4900704026222229,0.15403816103935242,-0.4756300449371338,0.5633700489997864,0.24520856142044067,-0.7104483246803284,0.5127710700035095,0.22920013964176178,-0.7087007761001587,0.6640141010284424,0.371636301279068,-0.3423425555229187,0.38970619440078735,0.3405522108078003,-0.2821895182132721,0.7667557001113892,0.5929511189460754,-0.5812376737594604,0.21838383376598358,0.5494207143783569,-0.4868503510951996,0.6945122480392456,0.6116336584091187,-1.1073487997055054,0.2673030495643616,0.6057434678077698,-1.0051026344299316,0.6987631916999817,0.6633874773979187,-1.2347288131713867,0.2575377821922302,0.6416721940040588,-1.1414377689361572,0.645732045173645,0.6328778862953186,-1.2542636394500732,0.3020520806312561,0.618721067905426,-1.163096308708191,0.6387046575546265,0.626640260219574,-1.1232974529266357,0.3124769628047943,0.6105323433876038,-1.0303380489349365,0.5764560699462891,0.8165393471717834,0.025400811806321144,0.40281596779823303,0.7992371916770935,-0.025879323482513428,0.7209328413009644,1.0300127267837524,-0.02338019385933876,0.28488022089004517,0.9366728067398071,-0.3437865972518921,0.630064845085144,1.3286316394805908,0.3309345841407776,0.2826995253562927,1.2708213329315186,0.002059903461486101,0.6096789240837097,1.3697408437728882,0.353313148021698,0.28923237323760986,1.324940800666809,0.029557276517152786,0.6069560647010803,1.4688540697097778,0.1457015573978424,0.27975404262542725,1.4340170621871948,-0.17988011240959167
frame_00145.jpg,0.5385423898696899,0.1953766793012619,-0.7881288528442383,0.5683294534683228,0.15489594638347626,-0.7442989349365234,0.582659125328064,0.15761396288871765,-0.7449668049812317,0.5964332818984985,0.15999341011047363,-0.7448481917381287,0.5291475057601929,0.144169881939888,-0.7406774163246155,0.5168929100036621,0.13993124663829803,-0.741199791431427,0.5043519735336304,0.13654279708862305,-0.7414723634719849,0.6176232695579529,0.17695072293281555,-0.4701395630836487,0.49072614312171936,0.1512228399515152,-0.45525097846984863,0.5636380910873413,0.24384890496730804,-0.6798968315124512,0.5130115747451782,0.22828666865825653,-0.6802936792373657,0.6656466126441956,0.37132686376571655,-0.32464540004730225,0.39112022519111633,0.33803224563598633,-0.27040430903434753,0.7684096097946167,0.5939821600914001,-0.5625116229057312,0.22094635665416718,0.5495826005935669,-0.4852793216705322,0.6964925527572632,0.6115159392356873,-1.0946451425552368,0.26810845732688904,0.609589159488678,-1.0061275959014893,0.7019990682601929,0.6628998517990112,-1.2217308282852173,0.2593236267566681,0.6446452736854553,-1.1408264636993408,0.6474217176437378,0.6318608522415161,-1.2401726245880127,0.3020187020301819,0.6193209290504456,-1.1612447500228882,0.6401489973068237,0.6257207989692688,-1.110422134399414,0.3131631314754486,0.61087965965271,-1.0307729244232178,0.5755857229232788,0.8145810961723328,0.025624072179198265,0.40148472785949707,0.7965507507324219,-0.026104187592864037,0.7205229997634888,1.0233291387557983,-0.08300717175006866,0.2864767909049988,0.9411096572875977,-0.36351895332336426,0.62175452709198,1.3210854530334473,0.25223371386528015,0.2806672751903534,1.2780085802078247,-0.03783683478832245,0.5988938212394714,1.3618162870407104,0.27209025621414185,0.2875792384147644,1.332937240600586,-0.008825615979731083,0.5956732034683228,1.4628804922103882,0.05379577353596687,0.2772675156593323,1.4373531341552734,-0.2046930342912674
frame_00146.jpg,0.5390158891677856,0.1924290955066681,-0.7057211399078369,0.5690187215805054,0.15145348012447357,-0.6621891260147095,0.5836325883865356,0.15422822535037994,-0.6628298759460449,0.5978062152862549,0.15650849044322968,-0.6627321243286133,0.529573917388916,0.13919028639793396,-0.6599326729774475,0.5172470211982727,0.13388583064079285,-0.6604813933372498,0.5046578049659729,0.12953349947929382,-0.6607392430305481,0.620451807975769,0.17347271740436554,-0.4010227620601654,0.4907875657081604,0.14585652947425842,-0.39269936084747314,0.5640628933906555,0.24162393808364868,-0.6032794713973999,0.5131832361221313,0.22592692077159882,-0.6054185628890991,0.6666828393936157,0.3689139783382416,-0.2691510319709778,0.3920667767524719,0.334888756275177,-0.23945382237434387,0.768450140953064,0.5893783569335938,-0.4895711839199066,0.22557871043682098,0.5477047562599182,-0.42698565125465393,0.6966555714607239,0.6082473993301392,-0.993923544883728,0.26701250672340393,0.6084915995597839,-0.8832317590713501,0.7019263505935669,0.6606619954109192,-1.1121809482574463,0.2585452198982239,0.6443927884101868,-0.999710738658905,0.6484515070915222,0.6300298571586609,-1.127389669418335,0.3008807599544525,0.6157348155975342,-1.02102792263031,0.6411945819854736,0.6225140690803528,-1.0082870721817017,0.31251928210258484,0.6063204407691956,-0.9061123132705688,0.5754798650741577,0.8111773729324341,0.03236962854862213,0.4005768895149231,0.7929995059967041,-0.032868172973394394,0.7413873672485352,0.9646705389022827,-0.08331987261772156,0.26730337738990784,0.8575608134269714,-0.3723582625389099,0.6336077451705933,1.2654399871826172,0.19830673933029175,0.2846696376800537,1.2247141599655151,-0.05343533307313919,0.604204535484314,1.305220365524292,0.2158627212047577,0.2927703857421875,1.270603060722351,-0.02388676069676876,0.619335412979126,1.4169056415557861,0.04838896170258522,0.2809470295906067,1.3804795742034912,-0.17493027448654175
frame_00147.jpg,0.5401304960250854,0.18739506602287292,-0.7231163382530212,0.5701888203620911,0.14663481712341309,-0.6765636801719666,0.585149884223938,0.14929518103599548,-0.6772340536117554,0.5996946096420288,0.15139946341514587,-0.6771208643913269,0.5301299095153809,0.13309936225414276,-0.6738284826278687,0.5176762342453003,0.12722228467464447,-0.6743661165237427,0.5050386190414429,0.12246645987033844,-0.674613893032074,0.622965931892395,0.16841402649879456,-0.4026101529598236,0.4908022880554199,0.14037862420082092,-0.3933951258659363,0.5654511451721191,0.23719528317451477,-0.6159559488296509,0.5135663747787476,0.2209252417087555,-0.6176463961601257,0.6673840284347534,0.365234375,-0.27245333790779114,0.3927076458930969,0.3327583372592926,-0.23960666358470917,0.7686150074005127,0.5871280431747437,-0.4967268109321594,0.2287178337574005,0.5467852354049683,-0.43662524223327637,0.6968138217926025,0.6065259575843811,-1.0084145069122314,0.266633003950119,0.6066357493400574,-0.9263391494750977,0.7017390131950378,0.6595475077629089,-1.128653645515442,0.2581733167171478,0.6443158984184265,-1.050114393234253,0.6488131880760193,0.6281763911247253,-1.1451178789138794,0.3001062572002411,0.6099904775619507,-1.0701704025268555,0.6416323184967041,0.6197589039802551,-1.0231208801269531,0.3120001554489136,0.5991088151931763,-0.9496282339096069,0.5762565732002258,0.8082203269004822,0.032979484647512436,0.40078383684158325,0.7920827269554138,-0.033474501222372055,0.7401564717292786,0.9756120443344116,-0.04447972774505615,0.27362364530563354,0.8740584850311279,-0.35519644618034363,0.6319127082824707,1.2800425291061401,0.24291369318962097,0.2962300181388855,1.2436007261276245,-0.01699746958911419,0.6048005819320679,1.322842001914978,0.2606953978538513,0.3030393123626709,1.2898894548416138,0.013693859800696373,0.6151750087738037,1.436739444732666,0.08451168239116669,0.29908838868141174,1.3986194133758545,-0.14733090996742249
frame_00148.jpg,0.5412188768386841,0.18391352891921997,-0.6994138956069946,0.5713993310928345,0.14339491724967957,-0.6516282558441162,0.5866662263870239,0.14601054787635803,-0.6522720456123352,0.6012265086174011,0.14805848896503448,-0.6521568298339844,0.5308050513267517,0.12915511429309845,-0.6493232846260071,0.5183504819869995,0.12294633686542511,-0.6498466730117798,0.5058377981185913,0.11786256730556488,-0.6501029133796692,0.6242873668670654,0.1652086079120636,-0.37432220578193665,0.49116435647010803,0.1356441229581833,-0.36703813076019287,0.5665009021759033,0.23376250267028809,-0.5917154550552368,0.5141974687576294,0.21686603128910065,-0.5939685106277466,0.6680960059165955,0.36299988627433777,-0.23899821937084198,0.3937922716140747,0.33120813965797424,-0.21356193721294403,0.7691113948822021,0.5870169401168823,-0.47218427062034607,0.23207028210163116,0.5468195676803589,-0.4244631230831146,0.6973324418067932,0.6048005819320679,-0.9988464117050171,0.2662125825881958,0.6047239303588867,-0.9163762331008911,0.701704204082489,0.6579940319061279,-1.1209425926208496,0.2592269778251648,0.6441451907157898,-1.0404222011566162,0.6495503783226013,0.6253156661987305,-1.1364271640777588,0.3007121682167053,0.6084148287773132,-1.0605041980743408,0.6423803567886353,0.6161835193634033,-1.0137649774551392,0.3126835823059082,0.5964468717575073,-0.9398061633110046,0.5762383341789246,0.8067286610603333,0.03562027961015701,0.4004884362220764,0.7901953458786011,-0.03612007945775986,0.7393077611923218,0.9685579538345337,-0.052390921860933304,0.2680531144142151,0.8649962544441223,-0.37440013885498047,0.6321497559547424,1.2741492986679077,0.22878506779670715,0.30486518144607544,1.2461016178131104,-0.028811316937208176,0.6035873293876648,1.3169952630996704,0.24578502774238586,0.31408581137657166,1.2921382188796997,-0.002770910505205393,0.6176373362541199,1.4308956861495972,0.07024288177490234,0.30994662642478943,1.4039112329483032,-0.17614269256591797
frame_00149.jpg,0.5413967370986938,0.18033096194267273,-0.6982340216636658,0.5717635750770569,0.140284463763237,-0.6522705554962158,0.5871391296386719,0.14307333528995514,-0.6529227495193481,0.6017827987670898,0.14516477286815643,-0.6528081893920898,0.5309239625930786,0.1251385509967804,-0.6493251323699951,0.518402636051178,0.11864541471004486,-0.6498498320579529,0.5058691501617432,0.11362408846616745,-0.6501118540763855,0.6249963045120239,0.1631564050912857,-0.3801644444465637,0.4912632405757904,0.13261637091636658,-0.36976706981658936,0.5667478442192078,0.2307967096567154,-0.5922403335571289,0.5142208337783813,0.21369139850139618,-0.5935618281364441,0.6684674620628357,0.3622347414493561,-0.24386703968048096,0.39531540870666504,0.32901838421821594,-0.2132442444562912,0.7692244648933411,0.5871649980545044,-0.47443342208862305,0.23403558135032654,0.5468780994415283,-0.4216056764125824,0.6973218321800232,0.6032135486602783,-0.9988029599189758,0.26376253366470337,0.6034296154975891,-0.9075175523757935,0.7016823887825012,0.6551892757415771,-1.1209022998809814,0.2555897831916809,0.6420707106590271,-1.0300506353378296,0.6495708227157593,0.6234450936317444,-1.1365505456924438,0.29715684056282043,0.6051836609840393,-1.0514436960220337,0.6423713564872742,0.6150155663490295,-1.013822317123413,0.31084781885147095,0.5945200324058533,-0.9315899014472961,0.5750820636749268,0.8064485192298889,0.03719078376889229,0.398954838514328,0.7903501987457275,-0.03768439590930939,0.7337666749954224,0.9751341938972473,-0.038105305284261703,0.2841792106628418,0.8989970088005066,-0.36436909437179565,0.6319669485092163,1.2744560241699219,0.23427248001098633,0.30497294664382935,1.2516117095947266,-0.025778934359550476,0.6026610136032104,1.3183280229568481,0.2506696283817291,0.31407466530799866,1.2980934381484985,0.003982380498200655,0.6124665141105652,1.4313733577728271,0.07152314484119415,0.3107539117336273,1.4080272912979126,-0.16273050010204315
frame_00150.jpg,0.5414156913757324,0.17638973891735077,-0.6856330633163452,0.572064995765686,0.13638010621070862,-0.6402453780174255,0.5876433849334717,0.13947567343711853,-0.6408895254135132,0.602361798286438,0.14164084196090698,-0.6407938599586487,0.5309067368507385,0.11888746917247772,-0.6374092102050781,0.5182674527168274,0.11204066872596741,-0.6379460692405701,0.5056661367416382,0.10730721056461334,-0.6382206678390503,0.6257469058036804,0.15983431041240692,-0.3725184500217438,0.491266667842865,0.12677520513534546,-0.3623594641685486,0.5667657852172852,0.2265726625919342,-0.5812532305717468,0.5140300393104553,0.20967264473438263,-0.5826740264892578,0.668643593788147,0.3600974977016449,-0.23967723548412323,0.39543330669403076,0.3277284502983093,-0.20951488614082336,0.7691603302955627,0.5870379209518433,-0.4636150002479553,0.23666925728321075,0.5470596551895142,-0.3971230089664459,0.697340190410614,0.6022233366966248,-0.9747775197029114,0.26206642389297485,0.6014726161956787,-0.8513562083244324,0.7017767429351807,0.6540104746818542,-1.0927951335906982,0.2541000247001648,0.6418904662132263,-0.9654335975646973,0.6498892307281494,0.6220360398292542,-1.1074870824813843,0.2949035167694092,0.6027879118919373,-0.990463137626648,0.6424582004547119,0.6135472059249878,-0.9891524314880371,0.30950793623924255,0.5916570425033569,-0.8756518363952637,0.5750653147697449,0.8056753873825073,0.039464764297008514,0.3989553451538086,0.7905809879302979,-0.03995565325021744,0.7456664443016052,0.9590097665786743,-0.0597793348133564,0.27443569898605347,0.8704530000686646,-0.40831661224365234,0.6344274282455444,1.2538259029388428,0.19495421648025513,0.3141229450702667,1.2417689561843872,-0.07319356501102448,0.6028193831443787,1.2954556941986084,0.21164080500602722,0.32571396231651306,1.286338210105896,-0.04015376418828964,0.6214033365249634,1.4041154384613037,0.0495111383497715,0.320919394493103,1.4011485576629639,-0.16920524835586548
frame_00151.jpg,0.5417653918266296,0.17331260442733765,-0.6767902374267578,0.5723410844802856,0.13430629670619965,-0.6287243962287903,0.5879002809524536,0.1377081423997879,-0.6293597221374512,0.602566123008728,0.14022313058376312,-0.6292537450790405,0.5313485860824585,0.11635902523994446,-0.6259506940841675,0.5187535285949707,0.10972929000854492,-0.6264888048171997,0.5062326788902283,0.10520055145025253,-0.6267605423927307,0.6259036064147949,0.15916652977466583,-0.3538801074028015,0.4917658269405365,0.12531022727489471,-0.34421223402023315,0.5668407678604126,0.22318601608276367,-0.5704731941223145,0.5141026973724365,0.20626698434352875,-0.5720623731613159,0.6687145233154297,0.3590449392795563,-0.22040033340454102,0.3956400156021118,0.32750263810157776,-0.19382020831108093,0.7685883641242981,0.5866996049880981,-0.44537457823753357,0.23979219794273376,0.5476757884025574,-0.39334967732429504,0.6973409056663513,0.6013534069061279,-0.9669478535652161,0.2614423632621765,0.6009306311607361,-0.8736264109611511,0.7017594575881958,0.6535676121711731,-1.088142991065979,0.2540706694126129,0.6416059136390686,-0.9940921664237976,0.6498470306396484,0.6215999126434326,-1.1040432453155518,0.2939906120300293,0.6012794971466064,-1.018040657043457,0.6423816680908203,0.6132572293281555,-0.9822498559951782,0.3088506758213043,0.5900633931159973,-0.8982610702514648,0.5745371580123901,0.8049097061157227,0.04051756113767624,0.3987242877483368,0.7906864285469055,-0.041004784405231476,0.7457607984542847,0.9585534334182739,-0.08641143888235092,0.26511576771736145,0.838749885559082,-0.4329887926578522,0.6368680596351624,1.2567716836929321,0.19105778634548187,0.31114307045936584,1.223745584487915,-0.07387428730726242,0.6051560044288635,1.2984613180160522,0.2093573808670044,0.32302409410476685,1.267763376235962,-0.04016304016113281,0.6264625787734985,1.4048407077789307,0.03624095767736435,0.31816327571868896,1.38095223903656,-0.18017706274986267
frame_00152.jpg,0.5424535870552063,0.1713102012872696,-0.6698910593986511,0.5728389024734497,0.13203121721744537,-0.6219223737716675,0.5884000062942505,0.13506872951984406,-0.6225621104240417,0.6031633019447327,0.13730286061763763,-0.6224890947341919,0.5317236185073853,0.11461097747087479,-0.6200321912765503,0.5190916657447815,0.1081334725022316,-0.6205754280090332,0.5065606236457825,0.10368674248456955,-0.6208608150482178,0.6264137029647827,0.15589827299118042,-0.3513319790363312,0.4920550286769867,0.12439485639333725,-0.3447757959365845,0.5673543810844421,0.2205105572938919,-0.5653411746025085,0.5143890380859375,0.20501165091991425,-0.5678341388702393,0.6689111590385437,0.3584008812904358,-0.2251390963792801,0.39597100019454956,0.3271222412586212,-0.19600388407707214,0.7685001492500305,0.5867847204208374,-0.44608181715011597,0.24338531494140625,0.5479121804237366,-0.397970974445343,0.6974352598190308,0.6014758944511414,-0.9559744596481323,0.2613406777381897,0.6012561321258545,-0.8761996030807495,0.7019563913345337,0.6536537408828735,-1.0751469135284424,0.25404787063598633,0.6421255469322205,-0.994644284248352,0.6500194072723389,0.6217220425605774,-1.0914537906646729,0.292723149061203,0.6011249423027039,-1.0192621946334839,0.642469584941864,0.6134029030799866,-0.9713488817214966,0.308091938495636,0.5899406671524048,-0.900854229927063,0.5764023065567017,0.8030375838279724,0.03995656594634056,0.3998429775238037,0.7908111810684204,-0.04045462980866432,0.7600504755973816,0.8636243343353271,-0.15453365445137024,0.2602672874927521,0.8140979409217834,-0.4283120036125183,0.6363228559494019,1.2234776020050049,0.11354319006204605,0.31106242537498474,1.1768957376480103,-0.07427190244197845,0.6035987138748169,1.263000726699829,0.13260646164417267,0.3233388662338257,1.2199478149414062,-0.04017089307308197,0.6257869005203247,1.3737854957580566,-0.019722331315279007,0.31153661012649536,1.3301843404769897,-0.16905131936073303
frame_00153.jpg,0.5432398319244385,0.1703181117773056,-0.6575968265533447,0.5733233690261841,0.13128720223903656,-0.6100712418556213,0.5888189077377319,0.13423708081245422,-0.6107137799263,0.6036626696586609,0.1364559531211853,-0.6106496453285217,0.5326318740844727,0.1143607646226883,-0.6094467043876648,0.5201781988143921,0.10798339545726776,-0.6099748015403748,0.5079050660133362,0.10347526520490646,-0.6102566123008728,0.6268047094345093,0.15508781373500824,-0.3416256606578827,0.49300771951675415,0.12413728982210159,-0.3406117558479309,0.5676668882369995,0.21933265030384064,-0.5537463426589966,0.5149639844894409,0.20423148572444916,-0.5578858852386475,0.6688576936721802,0.35786494612693787,-0.21699011325836182,0.39664599299430847,0.3266761898994446,-0.1964097023010254,0.768337607383728,0.5850774049758911,-0.4398772120475769,0.24485182762145996,0.5486037135124207,-0.4043050706386566,0.6978062391281128,0.6011154055595398,-0.9597307443618774,0.2600218951702118,0.6014420390129089,-0.8860220909118652,0.7025741934776306,0.6536238789558411,-1.0800306797027588,0.2525780498981476,0.6433387398719788,-1.0056650638580322,0.6504495143890381,0.6217572689056396,-1.0973798036575317,0.2886403799057007,0.6005880236625671,-1.0298194885253906,0.6428062319755554,0.6134887337684631,-0.9757973551750183,0.30143165588378906,0.5879433751106262,-0.9106506109237671,0.5763911008834839,0.8031119108200073,0.039646755903959274,0.40041905641555786,0.7914509177207947,-0.04014570266008377,0.7619999647140503,0.9036475419998169,-0.16312046349048615,0.25938960909843445,0.8248891830444336,-0.423797070980072,0.6348546147346497,1.2275502681732178,0.08508704602718353,0.32056140899658203,1.1979888677597046,-0.06836062669754028,0.6009060144424438,1.2678760290145874,0.10173718631267548,0.33781808614730835,1.2418550252914429,-0.032476577907800674,0.6222581267356873,1.375227451324463,-0.05766403675079346,0.31849774718284607,1.3526227474212646,-0.15674787759780884
frame_00154.jpg,0.543644905090332,0.16853393614292145,-0.6676491498947144,0.5735482573509216,0.12996231019496918,-0.6194044947624207,0.5890287160873413,0.13300390541553497,-0.6200454831123352,0.6038307547569275,0.13526062667369843,-0.619970977306366,0.5327874422073364,0.1120394840836525,-0.6186736822128296,0.5203245878219604,0.10555049777030945,-0.6191967725753784,0.5080773234367371,0.10101839900016785,-0.6194682121276855,0.626785933971405,0.15385772287845612,-0.34255075454711914,0.49309951066970825,0.12239158153533936,-0.3428134322166443,0.5677865147590637,0.21801137924194336,-0.5613780617713928,0.5150183439254761,0.20279256999492645,-0.5654893517494202,0.6683790683746338,0.35709571838378906,-0.21011456847190857,0.39666229486465454,0.3265328109264374,-0.19697704911231995,0.7682968974113464,0.5844833850860596,-0.4343353807926178,0.2451740950345993,0.5498800277709961,-0.40246516466140747,0.6980184316635132,0.6009414196014404,-0.9677141904830933,0.2601028382778168,0.6049665212631226,-0.8802545666694641,0.7027875185012817,0.6535834670066833,-1.089293122291565,0.2549712061882019,0.6467199921607971,-1.0001654624938965,0.6504703760147095,0.6215206384658813,-1.1062698364257812,0.2881762385368347,0.6009851098060608,-1.0257928371429443,0.6428076028823853,0.6132194399833679,-0.9838418960571289,0.30089229345321655,0.5884439945220947,-0.9051950573921204,0.5757905840873718,0.8031766414642334,0.040931083261966705,0.40009984374046326,0.7916013598442078,-0.04145675525069237,0.7598206996917725,0.9192172288894653,-0.17241984605789185,0.2589750587940216,0.8372524380683899,-0.4149967133998871,0.6136131286621094,1.2183297872543335,0.07686196267604828,0.3307669758796692,1.212780475616455,-0.030144954100251198,0.5735095739364624,1.2578679323196411,0.09334947168827057,0.3474804759025574,1.2550561428070068,0.008352364413440228,0.596106767654419,1.3590083122253418,-0.08173975348472595,0.3360969126224518,1.3684954643249512,-0.1303446888923645
frame_00155.jpg,0.543847382068634,0.1671130359172821,-0.6513809561729431,0.5737288594245911,0.12822023034095764,-0.6028650403022766,0.5892274379730225,0.13134266436100006,-0.6035059094429016,0.6040571928024292,0.13361066579818726,-0.6034427285194397,0.5327885150909424,0.10936549305915833,-0.6037245988845825,0.520307183265686,0.10285194963216782,-0.6042532920837402,0.5080479979515076,0.09834398329257965,-0.6045318841934204,0.6269911527633667,0.15167254209518433,-0.3288634419441223,0.49309903383255005,0.12026112526655197,-0.3353119492530823,0.5679435133934021,0.2164425402879715,-0.5457581281661987,0.5150228142738342,0.2019999772310257,-0.5518395900726318,0.6683689951896667,0.35687798261642456,-0.20436151325702667,0.3964838981628418,0.3266194462776184,-0.19893740117549896,0.7661545872688293,0.5801209211349487,-0.43410396575927734,0.24595871567726135,0.5507940649986267,-0.40801286697387695,0.6986682415008545,0.6005250215530396,-0.9696623086929321,0.26007574796676636,0.6049405932426453,-0.8980808258056641,0.7031098008155823,0.653379499912262,-1.091975450515747,0.2548925280570984,0.6466219425201416,-1.0186501741409302,0.6510925889015198,0.6204501390457153,-1.1100437641143799,0.2867322564125061,0.6003263592720032,-1.0465147495269775,0.6430552005767822,0.6120210886001587,-0.9866239428520203,0.29978644847869873,0.5883976817131042,-0.9238693118095398,0.5758002996444702,0.8039795756340027,0.04185136407613754,0.4005575180053711,0.7924605011940002,-0.04237394407391548,0.7802847623825073,0.8636242747306824,-0.18521802127361298,0.2407519370317459,0.8203338384628296,-0.4637550413608551,0.6143357157707214,1.1980093717575073,0.010074464604258537,0.35181814432144165,1.1790835857391357,-0.10674387216567993,0.5738438367843628,1.2354031801223755,0.02271362394094467,0.37522274255752563,1.2174755334854126,-0.06760998070240021,0.5966347455978394,1.3339463472366333,-0.13532693684101105,0.36656707525253296,1.3339637517929077,-0.16990815103054047
frame_00156.jpg,0.5461624264717102,0.16450580954551697,-0.5355609655380249,0.5750950574874878,0.12525545060634613,-0.48904237151145935,0.5903031826019287,0.12888780236244202,-0.48963814973831177,0.6050742864608765,0.13150490820407867,-0.4895809292793274,0.5342240333557129,0.10640060901641846,-0.4895527958869934,0.5217287540435791,0.10056313872337341,-0.4900861382484436,0.5097708106040955,0.09654226154088974,-0.490356981754303,0.6273348331451416,0.15024231374263763,-0.23482604324817657,0.4940502643585205,0.11879327148199081,-0.23875835537910461,0.5690397620201111,0.21396292746067047,-0.437592089176178,0.5161189436912537,0.2001497447490692,-0.44282880425453186,0.669059157371521,0.35630497336387634,-0.1333247721195221,0.39628928899765015,0.3277437388896942,-0.12384768575429916,0.7658721208572388,0.578920304775238,-0.327275812625885,0.24770347774028778,0.5534789562225342,-0.2981368601322174,0.6990293264389038,0.6008466482162476,-0.8223573565483093,0.2617287337779999,0.607102632522583,-0.7567314505577087,0.7039092183113098,0.653413712978363,-0.9351227879524231,0.2564910352230072,0.6486672163009644,-0.8659375309944153,0.6525434255599976,0.6203625798225403,-0.9542409777641296,0.28678324818611145,0.6003002524375916,-0.8948623538017273,0.6436709761619568,0.6120875477790833,-0.838629424571991,0.29985204339027405,0.5885051488876343,-0.7811273336410522,0.5814380645751953,0.8031197786331177,0.03824392706155777,0.40296658873558044,0.7924903631210327,-0.038783006370067596,0.8066065907478333,0.8270778656005859,-0.2938663065433502,0.221575528383255,0.7786452174186707,-0.45166438817977905,0.618348240852356,1.1841398477554321,-0.16484399139881134,0.36316901445388794,1.1364045143127441,-0.12772037088871002,0.575188934803009,1.215962529182434,-0.15508031845092773,0.39180752635002136,1.1678978204727173,-0.09073633700609207,0.5969239473342896,1.3185926675796509,-0.30211588740348816,0.3861447870731354,1.2860087156295776,-0.17929032444953918
frame_00157.jpg,0.5476411581039429,0.1629997342824936,-0.5545359253883362,0.5760048627853394,0.1236451119184494,-0.5052068829536438,0.5910747051239014,0.12748727202415466,-0.5058111548423767,0.605718731880188,0.13018107414245605,-0.5057545900344849,0.5351248979568481,0.10442828387022018,-0.5075405836105347,0.5225453972816467,0.09874197095632553,-0.5080617070198059,0.51075279712677,0.09478862583637238,-0.5083200335502625,0.6274990439414978,0.14906790852546692,-0.2393985539674759,0.49446409940719604,0.11742959171533585,-0.25146254897117615,0.5699182152748108,0.21224500238895416,-0.45219331979751587,0.5168644785881042,0.19834546744823456,-0.4598776698112488,0.6690686941146851,0.3561481833457947,-0.12286265939474106,0.395427942276001,0.330321341753006,-0.13216786086559296,0.7649266719818115,0.5775652527809143,-0.31824785470962524,0.24799279868602753,0.5600755214691162,-0.3126051425933838,0.6990324258804321,0.6010516881942749,-0.8324178457260132,0.2622932493686676,0.6071640849113464,-0.7677791714668274,0.7038268446922302,0.6535307765007019,-0.948980987071991,0.2579347491264343,0.6491600871086121,-0.8794029951095581,0.6528664827346802,0.6203729510307312,-0.9678190350532532,0.28775009512901306,0.5991637110710144,-0.9070714116096497,0.644024133682251,0.6121427416801453,-0.8492339253425598,0.2998914420604706,0.5873557925224304,-0.7915774583816528,0.5844672918319702,0.8031492233276367,0.040270790457725525,0.40473753213882446,0.793369472026825,-0.040820177644491196,0.8114900588989258,0.8228211998939514,-0.32213354110717773,0.22729210555553436,0.7840490341186523,-0.4903840124607086,0.6333802938461304,1.1923325061798096,-0.1485631763935089,0.35508832335472107,1.1621257066726685,-0.13544636964797974,0.5867589712142944,1.2279106378555298,-0.13695605099201202,0.3791978359222412,1.1982933282852173,-0.09723742306232452,0.6220654845237732,1.3291606903076172,-0.3051660358905792,0.37050342559814453,1.3129318952560425,-0.21179649233818054
frame_00158.jpg,0.5483986139297485,0.16155333817005157,-0.5540761351585388,0.5768224000930786,0.12198058515787125,-0.5038142204284668,0.5918826460838318,0.12623469531536102,-0.5044080018997192,0.6066509485244751,0.12923653423786163,-0.504325807094574,0.5359353423118591,0.10205579549074173,-0.5041759610176086,0.5233954787254333,0.09632167965173721,-0.5046851634979248,0.5117972493171692,0.09215573966503143,-0.5049257278442383,0.6281099915504456,0.14884832501411438,-0.23211964964866638,0.4948142170906067,0.11551157385110855,-0.23587565124034882,0.5702069997787476,0.21121065318584442,-0.44972681999206543,0.5172106027603149,0.19693109393119812,-0.4550957679748535,0.6690752506256104,0.3556762635707855,-0.1160372942686081,0.3947668969631195,0.331904798746109,-0.10944268852472305,0.7643919587135315,0.576716959476471,-0.32650136947631836,0.24821436405181885,0.5601261258125305,-0.3034345209598541,0.6991111040115356,0.6010706424713135,-0.854394793510437,0.2551526725292206,0.604218602180481,-0.778780996799469,0.7040259838104248,0.6535606980323792,-0.9736626744270325,0.2439223825931549,0.6444247961044312,-0.8929222822189331,0.6531668901443481,0.620396614074707,-0.9924383163452148,0.27822235226631165,0.5924404263496399,-0.9223142862319946,0.6441043615341187,0.6122294664382935,-0.8715152740478516,0.29320093989372253,0.5842943787574768,-0.8044861555099487,0.5859442353248596,0.803231418132782,0.040232330560684204,0.405437707901001,0.7937936186790466,-0.04078061133623123,0.7999252676963806,0.8461412787437439,-0.31345289945602417,0.22820886969566345,0.8085209131240845,-0.49610838294029236,0.630916953086853,1.2151265144348145,-0.1156291514635086,0.36710506677627563,1.2285388708114624,-0.12897835671901703,0.5844306349754333,1.2554811239242554,-0.10288044065237045,0.39048147201538086,1.268198013305664,-0.09081251174211502,0.6196917295455933,1.3639100790023804,-0.27885594964027405,0.38516220450401306,1.3963086605072021,-0.2196459323167801
frame_00159.jpg,0.5489796996116638,0.16067790985107422,-0.5588022470474243,0.5776267051696777,0.12022659182548523,-0.5077245235443115,0.5927500128746033,0.12451842427253723,-0.5083205699920654,0.6075776219367981,0.127584308385849,-0.5082442164421082,0.5361735820770264,0.10040917992591858,-0.5084392428398132,0.5235819220542908,0.09460959583520889,-0.50897616147995,0.5119596719741821,0.0900910273194313,-0.5092376470565796,0.6291486620903015,0.1471310555934906,-0.23494060337543488,0.4949370324611664,0.11325573921203613,-0.23992344737052917,0.571020245552063,0.21042461693286896,-0.45403212308883667,0.5176055431365967,0.19624027609825134,-0.4598025381565094,0.6699546575546265,0.3536004424095154,-0.12385652214288712,0.3947729468345642,0.33200544118881226,-0.11329899728298187,0.7637616395950317,0.5729344487190247,-0.3332100510597229,0.24833469092845917,0.5578365921974182,-0.29757967591285706,0.7003015875816345,0.6010892391204834,-0.8383117914199829,0.2548491358757019,0.5992521047592163,-0.7400774359703064,0.7065919041633606,0.6535850763320923,-0.9526106715202332,0.24226923286914825,0.6359786987304688,-0.8469389081001282,0.6560222506523132,0.6201624274253845,-0.970402717590332,0.2782074809074402,0.5848545432090759,-0.8764423131942749,0.6458742618560791,0.6121548414230347,-0.8548475503921509,0.29264792799949646,0.5793439745903015,-0.7651569843292236,0.5891599059104919,0.8029703497886658,0.040199972689151764,0.4077337682247162,0.7950957417488098,-0.040748514235019684,0.7946632504463196,0.8504230976104736,-0.2664536237716675,0.2302539348602295,0.8109714388847351,-0.4830111861228943,0.6452320218086243,1.222304105758667,-0.06620369106531143,0.3605766296386719,1.1950711011886597,-0.12154177576303482,0.6033397912979126,1.2661726474761963,-0.05335798114538193,0.38224688172340393,1.232724905014038,-0.08701899647712708,0.6376082301139832,1.3744468688964844,-0.2129763662815094,0.3767699599266052,1.3546576499938965,-0.1819734275341034
frame_00160.jpg,0.5491514205932617,0.15894962847232819,-0.5223716497421265,0.5778314471244812,0.11869265884160995,-0.4689452648162842,0.5929438471794128,0.12312436103820801,-0.46953335404396057,0.6078227162361145,0.12636946141719818,-0.46945738792419434,0.5363219380378723,0.09890343248844147,-0.4689154028892517,0.5237385630607605,0.09299809485673904,-0.46944817900657654,0.512103796005249,0.08826947957277298,-0.4697027802467346,0.6295508146286011,0.1466900259256363,-0.19488830864429474,0.494988352060318,0.11203446984291077,-0.19619104266166687,0.5712451934814453,0.20955811440944672,-0.4180494248867035,0.5176230072975159,0.19542987644672394,-0.42282742261886597,0.6702901721000671,0.3526102900505066,-0.09820327162742615,0.39476868510246277,0.33228111267089844,-0.07449277490377426,0.7636741399765015,0.5718773603439331,-0.31740373373031616,0.25720706582069397,0.5482677817344666,-0.27408114075660706,0.7011915445327759,0.5999202132225037,-0.8193069696426392,0.2504068613052368,0.5891143679618835,-0.732665479183197,0.7079297304153442,0.653214156627655,-0.9330347776412964,0.23275133967399597,0.6159092783927917,-0.8411269187927246,0.6562802195549011,0.6201175451278687,-0.9491828680038452,0.2717355787754059,0.5724354982376099,-0.8705542683601379,0.6462866067886353,0.6121170520782471,-0.8352676630020142,0.29122281074523926,0.5709885358810425,-0.7586115002632141,0.5890821218490601,0.8030113577842712,0.03849715739488602,0.4079160690307617,0.7961370348930359,-0.039038628339767456,0.7923424243927002,0.8533618450164795,-0.2487344741821289,0.23254366219043732,0.8035189509391785,-0.48949891328811646,0.6433915495872498,1.2127315998077393,-0.03979957848787308,0.34693148732185364,1.1561551094055176,-0.1240861639380455,0.6024757027626038,1.2550482749938965,-0.02643636241555214,0.36993271112442017,1.1958658695220947,-0.08635891228914261,0.6341279745101929,1.3611087799072266,-0.19564692676067352,0.34584274888038635,1.3111644983291626,-0.18202194571495056
frame_00161.jpg,0.549130380153656,0.1586678922176361,-0.5458213686943054,0.5778224468231201,0.11880531907081604,-0.49318161606788635,0.5929375886917114,0.12328171730041504,-0.4937964081764221,0.6078107953071594,0.12655702233314514,-0.49373871088027954,0.5363418459892273,0.09887418895959854,-0.4928785264492035,0.5237707495689392,0.09296895563602448,-0.4933978021144867,0.5121158361434937,0.08828914165496826,-0.49366170167922974,0.6295421123504639,0.14682810008525848,-0.21776878833770752,0.4949732720851898,0.1122625544667244,-0.21696560084819794,0.5712450742721558,0.20972205698490143,-0.4406147599220276,0.5176253914833069,0.1951737105846405,-0.4447168707847595,0.6701667904853821,0.35265257954597473,-0.11708947271108627,0.3945920169353485,0.33245187997817993,-0.09076221287250519,0.7636237144470215,0.5690288543701172,-0.3341441750526428,0.2427045851945877,0.5652168989181519,-0.30065932869911194,0.7024389505386353,0.5989339351654053,-0.8457261323928833,0.2602609097957611,0.5467928051948547,-0.7704185247421265,0.7099771499633789,0.6528231501579285,-0.9625588655471802,0.2387939691543579,0.5577908158302307,-0.8822673559188843,0.6564464569091797,0.620258092880249,-0.9793350100517273,0.2866514027118683,0.5389564037322998,-0.891342282295227,0.6464694738388062,0.6125635504722595,-0.8619582056999207,0.309581458568573,0.5438649654388428,-0.789617121219635,0.5903570652008057,0.805212140083313,0.030808746814727783,0.4087010324001312,0.7992032766342163,-0.03139718621969223,0.8016059994697571,0.8538697361946106,-0.3087976574897766,0.22570796310901642,0.796518862247467,-0.4749288558959961,0.6376303434371948,1.170944333076477,-0.10809744894504547,0.3569278120994568,1.1256548166275024,-0.12300223112106323,0.5931490659713745,1.2036231756210327,-0.09209880977869034,0.38460206985473633,1.1636139154434204,-0.08517761528491974,0.6163057684898376,1.3029950857162476,-0.231942817568779,0.35879892110824585,1.2625633478164673,-0.17601630091667175
frame_00162.jpg,0.5491399765014648,0.1585194617509842,-0.5186913013458252,0.577755331993103,0.11879537999629974,-0.46522054076194763,0.5928546190261841,0.12320438027381897,-0.46583524346351624,0.6077429056167603,0.126437708735466,-0.4658210277557373,0.5363386273384094,0.0990963727235794,-0.46642422676086426,0.5237683057785034,0.09324505180120468,-0.4669211506843567,0.5121023058891296,0.08866915106773376,-0.46719256043434143,0.6293122172355652,0.14659877121448517,-0.1872551441192627,0.49484413862228394,0.11237650364637375,-0.19210126996040344,0.5713367462158203,0.2095772624015808,-0.4121204912662506,0.5178722739219666,0.19526466727256775,-0.41770172119140625,0.670165479183197,0.35339540243148804,-0.08417903631925583,0.3940029740333557,0.33441293239593506,-0.07526221126317978,0.7639523148536682,0.5692418813705444,-0.2802014648914337,0.2327761948108673,0.5875375866889954,-0.31118273735046387,0.7027539610862732,0.5989879965782166,-0.7932773232460022,0.2666042447090149,0.5446298122406006,-0.7974759340286255,0.7109277248382568,0.6528281569480896,-0.9089945554733276,0.2552648186683655,0.5473977327346802,-0.9098173379898071,0.6564344167709351,0.6214592456817627,-0.9252694845199585,0.2938194274902344,0.5184140205383301,-0.9031358957290649,0.6465155482292175,0.6150981187820435,-0.809150218963623,0.313429057598114,0.5253177285194397,-0.8121414184570312,0.5906062722206116,0.8082439303398132,0.030715221539139748,0.40896302461624146,0.8054264783859253,-0.03130102902650833,0.8083509206771851,0.8250276446342468,-0.37237170338630676,0.22153005003929138,0.7764504551887512,-0.47174373269081116,0.5890868306159973,1.1284520626068115,-0.17927873134613037,0.3741067945957184,1.1099616289138794,-0.16527912020683289,0.5432060956954956,1.152350664138794,-0.16215091943740845,0.4012766480445862,1.1446127891540527,-0.12944510579109192,0.5395612716674805,1.2477933168411255,-0.32600903511047363,0.3968583643436432,1.2360173463821411,-0.24456878006458282
frame_00163.jpg,0.5490933656692505,0.15810085833072662,-0.5364311933517456,0.577620267868042,0.1185009777545929,-0.48749130964279175,0.5927110910415649,0.12299326807260513,-0.48810404539108276,0.6075855493545532,0.12626859545707703,-0.4880606532096863,0.5362828969955444,0.09870126098394394,-0.4877810478210449,0.5237247347831726,0.0928683802485466,-0.48829221725463867,0.5120545625686646,0.08839575201272964,-0.4885539412498474,0.6291117668151855,0.14656570553779602,-0.2095305621623993,0.4946667551994324,0.11256689578294754,-0.2141958773136139,0.5713022351264954,0.2092994749546051,-0.4338887631893158,0.5178740620613098,0.1951717883348465,-0.43872278928756714,0.670163094997406,0.3535809814929962,-0.09465215355157852,0.3934938907623291,0.3351284861564636,-0.08873643726110458,0.7641850113868713,0.5694471001625061,-0.29952383041381836,0.23277875781059265,0.5907928943634033,-0.324283629655838,0.7040907740592957,0.5988886952400208,-0.8227771520614624,0.26731759309768677,0.5485401749610901,-0.8435704112052917,0.7129756212234497,0.6523146033287048,-0.9401249885559082,0.2659282982349396,0.5445005893707275,-0.9625483751296997,0.6571794748306274,0.6215090155601501,-0.9567370414733887,0.29519328474998474,0.5080406069755554,-0.9713712930679321,0.6473388075828552,0.6157366633415222,-0.8389504551887512,0.3123278021812439,0.5148134827613831,-0.8625575304031372,0.590361475944519,0.8086255192756653,0.03164906054735184,0.40906572341918945,0.8074713945388794,-0.03223301097750664,0.8065223693847656,0.8353803157806396,-0.33031004667282104,0.22100929915905,0.7705267071723938,-0.5356558561325073,0.6200359463691711,1.152558445930481,-0.1419074386358261,0.34850236773490906,1.1266652345657349,-0.1649109423160553,0.5745688080787659,1.1829125881195068,-0.10121379047632217,0.37391120195388794,1.1662222146987915,-0.12483575195074081,0.5971733331680298,1.2814222574234009,-0.3092964291572571,0.34941500425338745,1.2641323804855347,-0.24750927090644836
frame_00164.jpg,0.549065113067627,0.15805861353874207,-0.5907278060913086,0.577568769454956,0.11852385103702545,-0.5374985337257385,0.5926767587661743,0.12301096320152283,-0.5381461381912231,0.6075594425201416,0.12626618146896362,-0.5381309986114502,0.5361236929893494,0.0986214205622673,-0.5390459299087524,0.5235016345977783,0.09276343882083893,-0.539577841758728,0.5117554664611816,0.08835425227880478,-0.5398781299591064,0.6291214823722839,0.1466170996427536,-0.2540556788444519,0.494500070810318,0.11274881660938263,-0.26181140542030334,0.5713018774986267,0.20920293033123016,-0.4835232198238373,0.5178759098052979,0.1952083259820938,-0.4897893965244293,0.6701763868331909,0.3544526696205139,-0.13699650764465332,0.3933672606945038,0.3362082242965698,-0.13024906814098358,0.7642560005187988,0.56956946849823,-0.3603411018848419,0.23333033919334412,0.5884350538253784,-0.38428911566734314,0.7046023011207581,0.5990908145904541,-0.8988000750541687,0.28283002972602844,0.5533393621444702,-0.8776217699050903,0.714283287525177,0.6523290872573853,-1.0220744609832764,0.28968220949172974,0.5598156452178955,-0.9948583841323853,0.6577543020248413,0.6218422055244446,-1.03672194480896,0.306617796421051,0.5216792821884155,-1.0076122283935547,0.6478672027587891,0.6162970662117004,-0.9151791334152222,0.3173043429851532,0.5250362753868103,-0.8969405889511108,0.5901699066162109,0.8086146712303162,0.03181099146604538,0.40949898958206177,0.8072444200515747,-0.03239131718873978,0.8073058128356934,0.8247812986373901,-0.3089681565761566,0.22354868054389954,0.7701853513717651,-0.512433648109436,0.6279249787330627,1.1558128595352173,-0.09857752919197083,0.3196917176246643,1.1292728185653687,-0.1550171822309494,0.583342432975769,1.1905618906021118,-0.06248881667852402,0.34175097942352295,1.1730291843414307,-0.11594341695308685,0.6102237105369568,1.2859978675842285,-0.2515425682067871,0.30105113983154297,1.2678285837173462,-0.23896780610084534
frame_00165.jpg,0.5486419200897217,0.15813733637332916,-0.6822054386138916,0.5773082375526428,0.1186165139079094,-0.6333635449409485,0.5924853682518005,0.12308115512132645,-0.6340145468711853,0.6073787808418274,0.12631885707378387,-0.6339803338050842,0.5356351137161255,0.09871518611907959,-0.6331542134284973,0.5228928327560425,0.09280586242675781,-0.6336935758590698,0.5108651518821716,0.0883905440568924,-0.6340017914772034,0.6291128396987915,0.14665822684764862,-0.35798221826553345,0.4940881133079529,0.11289027333259583,-0.35872477293014526,0.5711574554443359,0.20926067233085632,-0.5760244727134705,0.5175493955612183,0.1952478289604187,-0.5803200602531433,0.6701902151107788,0.3554943799972534,-0.23422618210315704,0.39210790395736694,0.33835750818252563,-0.21572229266166687,0.764654278755188,0.5705781579017639,-0.4672181010246277,0.23209631443023682,0.5821334719657898,-0.4492717683315277,0.7058712244033813,0.5992305874824524,-1.0155446529388428,0.27104517817497253,0.588500440120697,-0.9684073328971863,0.7154567241668701,0.6525090932846069,-1.1448007822036743,0.283382385969162,0.6167958974838257,-1.0949441194534302,0.6586532592773438,0.6218920946121216,-1.1663204431533813,0.30507975816726685,0.5537542700767517,-1.1178843975067139,0.649107813835144,0.6163856387138367,-1.03490149974823,0.3105074167251587,0.5431315898895264,-0.9923657178878784,0.5904836058616638,0.808819055557251,0.03096425160765648,0.4114135205745697,0.8065755367279053,-0.031526125967502594,0.8064512014389038,0.8274012804031372,-0.3236910104751587,0.22080150246620178,0.770310640335083,-0.5375528335571289,0.6292232275009155,1.1658649444580078,-0.08091169595718384,0.3228539228439331,1.1346046924591064,-0.1828984022140503,0.5850394368171692,1.2001893520355225,-0.054788313806056976,0.3511057496070862,1.177713394165039,-0.14504703879356384,0.6144345998764038,1.3095721006393433,-0.22976812720298767,0.30728262662887573,1.2764135599136353,-0.2654625177383423
frame_00166.jpg,0.5465609431266785,0.1585938036441803,-0.6815623641014099,0.5762494802474976,0.11886989325284958,-0.6298375725746155,0.5917807817459106,0.12319643795490265,-0.6304510831832886,0.6067158579826355,0.1263936311006546,-0.6303805112838745,0.5340458750724792,0.0989713966846466,-0.6306061744689941,0.5207886099815369,0.09291496872901917,-0.6311537027359009,0.5079855918884277,0.08858578652143478,-0.6314358711242676,0.6288584470748901,0.1466885656118393,-0.34764283895492554,0.49219822883605957,0.11297862231731415,-0.3526272475719452,0.5700342655181885,0.2101062834262848,-0.5732486248016357,0.5155614614486694,0.1956222802400589,-0.5789330005645752,0.6695089340209961,0.3561663031578064,-0.21794132888317108,0.39152613282203674,0.3388029932975769,-0.21271678805351257,0.7651475667953491,0.5714598894119263,-0.44134536385536194,0.22713026404380798,0.5729951858520508,-0.4138545095920563,0.705942690372467,0.5996161699295044,-0.9660797119140625,0.2705329656600952,0.6111987233161926,-0.8923097848892212,0.7153283357620239,0.6525000929832458,-1.088301420211792,0.28277844190597534,0.6429960131645203,-1.0064911842346191,0.6587105989456177,0.621900737285614,-1.1070053577423096,0.3034730851650238,0.6008564829826355,-1.0321258306503296,0.6491959095001221,0.6164932250976562,-0.9834011197090149,0.31019002199172974,0.5870808959007263,-0.9138848185539246,0.5914450883865356,0.8089893460273743,0.035316817462444305,0.412038654088974,0.8064397573471069,-0.035874683409929276,0.8062678575515747,0.8330590128898621,-0.2854785919189453,0.24083848297595978,0.8068736791610718,-0.5280376672744751,0.6543612480163574,1.2092931270599365,-0.012977381236851215,0.3120934069156647,1.1969252824783325,-0.17937643826007843,0.6174180507659912,1.2495425939559937,0.008010814897716045,0.32855433225631714,1.2430038452148438,-0.14143767952919006,0.6477978229522705,1.364667296409607,-0.147536963224411,0.3031591475009918,1.356382966041565,-0.24998125433921814
frame_00167.jpg,0.5455849766731262,0.1590285450220108,-0.5855084657669067,0.5755400657653809,0.11891113221645355,-0.5348222851753235,0.591331422328949,0.1232547014951706,-0.535382091999054,0.6064053773880005,0.12640328705310822,-0.5352848172187805,0.5331214666366577,0.09958916157484055,-0.5341988205909729,0.519761860370636,0.09348869323730469,-0.534741222858429,0.5065969824790955,0.08913873881101608,-0.5350110530853271,0.6288760900497437,0.14657846093177795,-0.2636861801147461,0.491779088973999,0.11350207030773163,-0.2626660466194153,0.5696857571601868,0.2103581726551056,-0.4815993309020996,0.5152513384819031,0.196074441075325,-0.4854446351528168,0.669538140296936,0.3573090732097626,-0.1523342877626419,0.39213135838508606,0.33869683742523193,-0.1385585367679596,0.7654944062232971,0.5716131925582886,-0.3682606816291809,0.22571995854377747,0.559642493724823,-0.33366769552230835,0.7064369916915894,0.5997382402420044,-0.8807477951049805,0.27021703124046326,0.6085016131401062,-0.8132241368293762,0.7165971994400024,0.6524295806884766,-1.0002572536468506,0.2780851423740387,0.6416978240013123,-0.9306985139846802,0.6593025922775269,0.6219300031661987,-1.0209872722625732,0.30257225036621094,0.6029286980628967,-0.9546883702278137,0.6495276689529419,0.6166554093360901,-0.8982821702957153,0.3106818199157715,0.5913150906562805,-0.8358186483383179,0.5913823246955872,0.8091973066329956,0.034329645335674286,0.41262689232826233,0.8049340844154358,-0.03488996624946594,0.8060661554336548,0.8347314596176147,-0.29892221093177795,0.23727314174175262,0.7992410063743591,-0.520667552947998,0.6401332020759583,1.2062331438064575,-0.04535792022943497,0.3171948790550232,1.1934864521026611,-0.1761980503797531,0.6023979783058167,1.2439357042312622,-0.02570377290248871,0.3354629576206207,1.2392096519470215,-0.13966654241085052,0.620315432548523,1.350603461265564,-0.17955119907855988,0.3122209310531616,1.3504853248596191,-0.26181405782699585
frame_00168.jpg,0.5449448823928833,0.16038818657398224,-0.7500048875808716,0.5750826001167297,0.11986524611711502,-0.6988540887832642,0.5909265279769897,0.12372437864542007,-0.6994787454605103,0.6060539484024048,0.12660525739192963,-0.6993807554244995,0.5321472883224487,0.10146760940551758,-0.6972863078117371,0.5185444355010986,0.09513060003519058,-0.6978364586830139,0.5051277279853821,0.0906166136264801,-0.6981388926506042,0.6288706660270691,0.14659999310970306,-0.4098722040653229,0.4914090037345886,0.11490614712238312,-0.4046851098537445,0.5696160197257996,0.21190664172172546,-0.6386066675186157,0.5149064660072327,0.19773350656032562,-0.6413025856018066,0.6695705652236938,0.35847970843315125,-0.26864054799079895,0.39215517044067383,0.339137464761734,-0.24623003602027893,0.7653604745864868,0.5703529119491577,-0.5101678967475891,0.22334346175193787,0.5549654364585876,-0.47609251737594604,0.7068581581115723,0.5993942022323608,-1.059288740158081,0.2638833224773407,0.6058027148246765,-1.0090030431747437,0.7174345254898071,0.6522046327590942,-1.1885648965835571,0.26704055070877075,0.636961042881012,-1.1436176300048828,0.6598102450370789,0.6217457056045532,-1.2126914262771606,0.2986881136894226,0.5994654893875122,-1.167742133140564,0.6497387290000916,0.6165967583656311,-1.0791717767715454,0.3068137466907501,0.5902660489082336,-1.0344034433364868,0.590745747089386,0.8089152574539185,0.03402773290872574,0.41281455755233765,0.8007677793502808,-0.03457168489694595,0.7834970951080322,0.86543869972229,-0.23868489265441895,0.23753169178962708,0.8044906854629517,-0.5490677952766418,0.6432079076766968,1.2257521152496338,0.10576707124710083,0.29320552945137024,1.2014491558074951,-0.1875310242176056,0.610116183757782,1.267629623413086,0.13055649399757385,0.30824118852615356,1.25154447555542,-0.15285953879356384,0.6279105544090271,1.3649238348007202,-0.03792119771242142,0.2807960510253906,1.3511488437652588,-0.30882781744003296
frame_00169.jpg,0.5430601835250854,0.16163621842861176,-0.7517766356468201,0.5738962292671204,0.12117417901754379,-0.7009116411209106,0.5899331569671631,0.12491735816001892,-0.7015462517738342,0.6050094962120056,0.1278015673160553,-0.7014459371566772,0.5312892198562622,0.10418673604726791,-0.6980871558189392,0.5177175402641296,0.0979173555970192,-0.6986464262008667,0.5042781233787537,0.09341636300086975,-0.6989465355873108,0.6285115480422974,0.1481497883796692,-0.41387882828712463,0.49140244722366333,0.11694825440645218,-0.40181320905685425,0.5685316324234009,0.2139091193675995,-0.6410319209098816,0.5141212940216064,0.198935404419899,-0.6417052745819092,0.6695639491081238,0.3591155707836151,-0.26489734649658203,0.3922038674354553,0.3395518958568573,-0.23993971943855286,0.7658941149711609,0.5704267621040344,-0.48786264657974243,0.22341816127300262,0.5518852472305298,-0.45247846841812134,0.7069087624549866,0.5994160771369934,-1.020700216293335,0.2534666657447815,0.6040210723876953,-0.967778205871582,0.7175253629684448,0.6522123217582703,-1.1461743116378784,0.251332551240921,0.6336930394172668,-1.095800518989563,0.6599541902542114,0.6216517090797424,-1.1695945262908936,0.2866133153438568,0.5964807271957397,-1.1222875118255615,0.6499342918395996,0.6164081692695618,-1.039883017539978,0.29486018419265747,0.5879703164100647,-0.9935224652290344,0.5878366827964783,0.8097221851348877,0.03373104706406593,0.412594735622406,0.7980968952178955,-0.034286126494407654,0.7776481509208679,0.8774341344833374,-0.246744304895401,0.23375849425792694,0.8044195771217346,-0.5216158628463745,0.6163395643234253,1.2143999338150024,0.04791765287518501,0.23828355967998505,1.1982792615890503,-0.17830276489257812,0.5808579325675964,1.2540868520736694,0.06811483949422836,0.24713662266731262,1.2499815225601196,-0.14191526174545288,0.5889793634414673,1.3378074169158936,-0.09484733641147614,0.21460625529289246,1.3462992906570435,-0.30003640055656433
frame_00170.jpg,0.5430868864059448,0.16424871981143951,-0.7248414158821106,0.5738958120346069,0.12328188866376877,-0.6747370958328247,0.589923620223999,0.126448854804039,-0.6753455400466919,0.6049913763999939,0.12902989983558655,-0.6752409934997559,0.5313787460327148,0.10832665860652924,-0.6722242832183838,0.5178349614143372,0.102004274725914,-0.6727791428565979,0.5045375227928162,0.09702399373054504,-0.6730870008468628,0.6285524964332581,0.1488988846540451,-0.3925130367279053,0.4920803904533386,0.1196969747543335,-0.38322633504867554,0.5685670375823975,0.21569781005382538,-0.6159743666648865,0.5143407583236694,0.20100095868110657,-0.6174638867378235,0.6708744764328003,0.36091673374176025,-0.26151472330093384,0.39336130023002625,0.3395436108112335,-0.2214324027299881,0.7685334086418152,0.5756598711013794,-0.4908454418182373,0.22391226887702942,0.5463372468948364,-0.44843682646751404,0.7066296339035034,0.6014333367347717,-1.00763738155365,0.2540256977081299,0.6035035848617554,-0.9902938604354858,0.7175227403640747,0.6522139310836792,-1.1292831897735596,0.24933715164661407,0.6318542957305908,-1.122605800628662,0.6595417261123657,0.6215155720710754,-1.1505281925201416,0.2867979109287262,0.6023728251457214,-1.1425319910049438,0.6497167348861694,0.6164373755455017,-1.02496337890625,0.29544350504875183,0.5969178676605225,-1.0143526792526245,0.5897067785263062,0.8106994032859802,0.025973370298743248,0.41695791482925415,0.7991822957992554,-0.02651313878595829,0.7770646214485168,0.9220499396324158,-0.21125999093055725,0.22833776473999023,0.7900699377059937,-0.5206876993179321,0.6192663311958313,1.1978449821472168,0.1655115932226181,0.23330450057983398,1.176066279411316,-0.1820840984582901,0.5903955698013306,1.2307242155075073,0.19583982229232788,0.24651065468788147,1.2300137281417847,-0.15014168620109558,0.5912967920303345,1.3255696296691895,0.04084639251232147,0.20614564418792725,1.3210949897766113,-0.31237179040908813
frame_00171.jpg,0.5430313348770142,0.16875460743904114,-0.7205764055252075,0.5737824440002441,0.12814970314502716,-0.6710545420646667,0.5897399187088013,0.13121464848518372,-0.6716750264167786,0.604574978351593,0.1337718963623047,-0.6715680956840515,0.5313897728919983,0.11544116586446762,-0.6691886782646179,0.5178544521331787,0.10961282253265381,-0.6697444915771484,0.5045647621154785,0.10438861697912216,-0.6700388193130493,0.6282956600189209,0.1531454473733902,-0.3905892074108124,0.4922446608543396,0.12544067203998566,-0.38492637872695923,0.5684870481491089,0.22157451510429382,-0.6122044920921326,0.5143980383872986,0.2051398605108261,-0.6147493124008179,0.6716261506080627,0.36207231879234314,-0.2629137337207794,0.3937912583351135,0.3401283919811249,-0.22748538851737976,0.769565999507904,0.5764800906181335,-0.4991164803504944,0.22432467341423035,0.5434637069702148,-0.46928730607032776,0.7063656449317932,0.6023700833320618,-1.020824670791626,0.25345566868782043,0.6005228161811829,-1.005170464515686,0.7174810171127319,0.6525051593780518,-1.1434106826782227,0.2416488379240036,0.6305646300315857,-1.136479377746582,0.6593648791313171,0.6215163469314575,-1.164675235748291,0.2841845154762268,0.6038127541542053,-1.1563262939453125,0.6497130393981934,0.6164200901985168,-1.0386006832122803,0.2952048182487488,0.5993004441261292,-1.0293514728546143,0.5909610986709595,0.8114045262336731,0.025253769010305405,0.4195210933685303,0.7997457385063171,-0.02578064240515232,0.7799304723739624,0.9090280532836914,-0.20656506717205048,0.22852559387683868,0.7773798704147339,-0.49808764457702637,0.6407232284545898,1.1978517770767212,0.13856859505176544,0.2538844645023346,1.1561870574951172,-0.134273499250412,0.6109447479248047,1.2312690019607544,0.16497890651226044,0.26607486605644226,1.2059004306793213,-0.09996625036001205,0.6218225955963135,1.3264573812484741,0.008094307035207748,0.23992416262626648,1.3034178018569946,-0.24924376606941223
frame_00172.jpg,0.5389463901519775,0.17178203165531158,-0.6043639779090881,0.5707625150680542,0.13182729482650757,-0.5574249029159546,0.5858484506607056,0.13592100143432617,-0.5580369234085083,0.598940372467041,0.13953883945941925,-0.5579760074615479,0.5275154709815979,0.11893058568239212,-0.5546454787254333,0.5132011771202087,0.11366423219442368,-0.5551778078079224,0.5006122589111328,0.10974445194005966,-0.5554556846618652,0.6222409605979919,0.15913064777851105,-0.2964205741882324,0.4902097284793854,0.12902750074863434,-0.2856454849243164,0.56464684009552,0.22549673914909363,-0.5033449530601501,0.5110193490982056,0.20857614278793335,-0.5044254064559937,0.6711716651916504,0.3622491955757141,-0.18485292792320251,0.392913818359375,0.3426537811756134,-0.15003803372383118,0.7723647356033325,0.5804107785224915,-0.3887501657009125,0.22449716925621033,0.5453665852546692,-0.37931182980537415,0.704530656337738,0.6027822494506836,-0.8751882314682007,0.25762367248535156,0.5995506048202515,-0.8914560079574585,0.714767575263977,0.6525737643241882,-0.9872094392776489,0.24391254782676697,0.625813901424408,-1.0105103254318237,0.6580313444137573,0.6217381358146667,-1.001768708229065,0.290416955947876,0.6013268828392029,-1.027489185333252,0.6492623686790466,0.6167252659797668,-0.8885794878005981,0.3081173300743103,0.5975542664527893,-0.9130516052246094,0.589932382106781,0.8104983568191528,0.025440046563744545,0.4190453588962555,0.8000552654266357,-0.025976192206144333,0.7970988750457764,0.8287383317947388,-0.25861239433288574,0.23051103949546814,0.7728602886199951,-0.4659937024116516,0.6068220734596252,1.1238213777542114,-0.06667660176753998,0.3079953193664551,1.151659369468689,-0.13570289313793182,0.5668345093727112,1.1532760858535767,-0.05295851081609726,0.3277598023414612,1.1969971656799316,-0.10428363084793091,0.5743695497512817,1.2430015802383423,-0.21652226150035858,0.3082351088523865,1.3008673191070557,-0.250175416469574
frame_00173.jpg,0.5378535985946655,0.17577910423278809,-0.5945685505867004,0.5695592164993286,0.1360318809747696,-0.5493210554122925,0.5842015147209167,0.14015012979507446,-0.5499494671821594,0.5967186689376831,0.14388979971408844,-0.5499025583267212,0.526687741279602,0.12434377521276474,-0.5471081733703613,0.5125827789306641,0.12012799829244614,-0.5476349592208862,0.49988943338394165,0.11682605743408203,-0.5479158759117126,0.6189181804656982,0.16265970468521118,-0.2902614176273346,0.4894373416900635,0.13478751480579376,-0.2815445363521576,0.5638700723648071,0.22890061140060425,-0.4936680793762207,0.5103234648704529,0.2131897658109665,-0.49528688192367554,0.6711691617965698,0.3625442683696747,-0.1733139455318451,0.39263924956321716,0.3461768329143524,-0.14671474695205688,0.7739759683609009,0.5812680721282959,-0.3625808358192444,0.22470656037330627,0.5589755177497864,-0.3606814444065094,0.7041652202606201,0.6035251021385193,-0.8508599996566772,0.25883710384368896,0.6007717251777649,-0.8580901026725769,0.713954508304596,0.652762770652771,-0.9622876048088074,0.2550925314426422,0.6278522610664368,-0.9724211692810059,0.6578776836395264,0.6219938397407532,-0.9780963063240051,0.2919151484966278,0.5957704186439514,-0.9922307729721069,0.6493086814880371,0.6169514060020447,-0.8647786378860474,0.30823439359664917,0.5895222425460815,-0.879797101020813,0.5907512903213501,0.8104971647262573,0.025627905502915382,0.4192451536655426,0.8017402291297913,-0.026168975979089737,0.8150326013565063,0.8127944469451904,-0.2799134850502014,0.22887909412384033,0.768311083316803,-0.45313987135887146,0.6002007126808167,1.1148228645324707,-0.1311933994293213,0.3571355938911438,1.146523356437683,-0.1446479856967926,0.5549450516700745,1.1415201425552368,-0.1201648861169815,0.38426268100738525,1.186524748802185,-0.11368435621261597,0.5660594701766968,1.2276285886764526,-0.2806871831417084,0.371441513299942,1.2917841672897339,-0.24868690967559814
frame_00174.jpg,0.5374876260757446,0.17745709419250488,-0.6130963563919067,0.5692475438117981,0.13687065243721008,-0.5660558938980103,0.5838792324066162,0.1407857984304428,-0.5666795969009399,0.5965562462806702,0.14422525465488434,-0.566618800163269,0.5258997678756714,0.12560299038887024,-0.5642557144165039,0.5118125081062317,0.12158150970935822,-0.5647886395454407,0.49901819229125977,0.11852476745843887,-0.5650724768638611,0.6189113855361938,0.16267715394496918,-0.2955835461616516,0.4887751042842865,0.13765272498130798,-0.29012197256088257,0.5638054013252258,0.2303834855556488,-0.5098847150802612,0.5099252462387085,0.21639767289161682,-0.5121507048606873,0.6715078353881836,0.36328181624412537,-0.16969528794288635,0.39256006479263306,0.34906771779060364,-0.14811059832572937,0.7755328416824341,0.5812035799026489,-0.3696345388889313,0.2271392047405243,0.5682821869850159,-0.3658650517463684,0.7046797871589661,0.6058987975120544,-0.879145622253418,0.25880324840545654,0.6057713031768799,-0.8729783892631531,0.7140570878982544,0.6543527841567993,-0.9959632754325867,0.2560132145881653,0.6276600360870361,-0.9915143251419067,0.6587787866592407,0.6225404143333435,-1.014149785041809,0.28932538628578186,0.5932229161262512,-1.0119438171386719,0.6512855291366577,0.6174428462982178,-0.8950413465499878,0.3004569113254547,0.5878862738609314,-0.8956173658370972,0.5937557816505432,0.8120855093002319,0.025780152529478073,0.419491708278656,0.8057053685188293,-0.026322240009903908,0.8146821856498718,0.8240800499916077,-0.3027145266532898,0.2287774533033371,0.7705202102661133,-0.4713100790977478,0.6376913189888,1.1540882587432861,-0.08298306167125702,0.34192579984664917,1.1477711200714111,-0.11519751697778702,0.5957945585250854,1.191891074180603,-0.06707290560007095,0.3656904697418213,1.1895900964736938,-0.07620839774608612,0.6202501058578491,1.2851709127426147,-0.2388724535703659,0.3484795093536377,1.2957885265350342,-0.20354077219963074
frame_00175.jpg,0.5366290211677551,0.1803760826587677,-0.6963355541229248,0.5686788558959961,0.13855654001235962,-0.6519383788108826,0.5834647417068481,0.14201608300209045,-0.6525758504867554,0.5962966680526733,0.14511892199516296,-0.6524890661239624,0.5242491960525513,0.12841834127902985,-0.648393988609314,0.5097773671150208,0.12478762120008469,-0.6489397287368774,0.49728697538375854,0.12207159399986267,-0.6492329835891724,0.6189904808998108,0.16303595900535583,-0.38987478613853455,0.4878641963005066,0.14092619717121124,-0.3766012191772461,0.5637028813362122,0.23273919522762299,-0.5946512818336487,0.5094049572944641,0.21976938843727112,-0.5949230790138245,0.6715253591537476,0.36447030305862427,-0.2522173821926117,0.39252278208732605,0.349477082490921,-0.22619323432445526,0.7771360874176025,0.5834580659866333,-0.45216211676597595,0.23067454993724823,0.571548581123352,-0.4364639222621918,0.7046614289283752,0.6069697141647339,-0.9282171130180359,0.25891584157943726,0.6080061197280884,-0.9323636889457703,0.7140957117080688,0.6542947888374329,-1.036475419998169,0.2533656060695648,0.63318932056427,-1.0537707805633545,0.6588314771652222,0.622671902179718,-1.0518234968185425,0.289398729801178,0.6036550998687744,-1.071273922920227,0.6513220071792603,0.6176602840423584,-0.9411815404891968,0.3018076419830322,0.5999152660369873,-0.9543288350105286,0.5881341695785522,0.8096479773521423,0.028409969061613083,0.4166209101676941,0.8028631210327148,-0.028918582946062088,0.7991394400596619,0.829965353012085,-0.19730859994888306,0.2353551685810089,0.7855297327041626,-0.46816906332969666,0.6389560699462891,1.1725780963897705,0.09594709426164627,0.33496955037117004,1.1597888469696045,-0.11114027351140976,0.6005584001541138,1.2115535736083984,0.11823304742574692,0.35866278409957886,1.202034592628479,-0.07430221140384674,0.6263149976730347,1.3153586387634277,-0.026955943554639816,0.335960328578949,1.3154889345169067,-0.2025165557861328
frame_00176.jpg,0.5359768271446228,0.18279653787612915,-0.6252323389053345,0.5678514242172241,0.1404844969511032,-0.5824701189994812,0.58255535364151,0.14366529881954193,-0.5831061005592346,0.5952896475791931,0.14665912091732025,-0.5830438733100891,0.5234137773513794,0.13067182898521423,-0.5780261158943176,0.509074330329895,0.1272341012954712,-0.578572154045105,0.49673834443092346,0.12453678995370865,-0.5788471102714539,0.6181901097297668,0.16385526955127716,-0.3381476104259491,0.4874369204044342,0.14238348603248596,-0.3185458481311798,0.5632932782173157,0.2346222847700119,-0.5293378233909607,0.5088118314743042,0.22194524109363556,-0.5283795595169067,0.6714630126953125,0.3647054135799408,-0.2435825616121292,0.3924981951713562,0.34944677352905273,-0.17901155352592468,0.778516411781311,0.5837512612342834,-0.41820502281188965,0.23289525508880615,0.5739673972129822,-0.3856845498085022,0.7047715783119202,0.6080079674720764,-0.8681175112724304,0.25578537583351135,0.6153346300125122,-0.8776192665100098,0.7151238918304443,0.653404951095581,-0.97303307056427,0.24517588317394257,0.6415015459060669,-0.9901727437973022,0.6591924428939819,0.6228163242340088,-0.9885183572769165,0.2781929671764374,0.6067902445793152,-1.013887643814087,0.6514235734939575,0.6184742450714111,-0.8809240460395813,0.2937740087509155,0.6032014489173889,-0.9020708203315735,0.5845168828964233,0.8096920251846313,0.025450900197029114,0.4142741560935974,0.8007979989051819,-0.02596895955502987,0.7931678295135498,0.8334985375404358,-0.21861059963703156,0.23284116387367249,0.7737941741943359,-0.4620923101902008,0.5589916706085205,1.1363893747329712,0.026631135493516922,0.35782477259635925,1.1231533288955688,-0.1285618394613266,0.517245888710022,1.163759469985962,0.0467173233628273,0.38340866565704346,1.158003568649292,-0.09246083348989487,0.5158752202987671,1.267669916152954,-0.06670114398002625,0.36843767762184143,1.276912808418274,-0.20851846039295197
frame_00177.jpg,0.5360592603683472,0.18437761068344116,-0.7422372102737427,0.5678552389144897,0.14200547337532043,-0.7000480890274048,0.5825852751731873,0.14489270746707916,-0.7006997466087341,0.5953646302223206,0.1476241648197174,-0.700593888759613,0.5235307216644287,0.1328340321779251,-0.6952510476112366,0.509231448173523,0.1297590285539627,-0.6957648992538452,0.49689292907714844,0.1271546185016632,-0.6960095763206482,0.6182688474655151,0.16474398970603943,-0.4340539872646332,0.4874569773674011,0.144472137093544,-0.41582003235816956,0.5633124113082886,0.23553533852100372,-0.6373679041862488,0.5088587999343872,0.22308316826820374,-0.6364239454269409,0.6718843579292297,0.3653596043586731,-0.2957437038421631,0.39311832189559937,0.349383682012558,-0.24201631546020508,0.7789700627326965,0.5843021273612976,-0.5138261318206787,0.24394702911376953,0.5738273859024048,-0.4560104012489319,0.7052902579307556,0.6099291443824768,-1.020166277885437,0.25452035665512085,0.6160276532173157,-0.9588737487792969,0.7151106595993042,0.6556369662284851,-1.1367919445037842,0.24216334521770477,0.6425655484199524,-1.078139066696167,0.6594375371932983,0.6231788396835327,-1.1540459394454956,0.272657185792923,0.6064916849136353,-1.1053855419158936,0.6520645022392273,0.6185819506645203,-1.0350005626678467,0.28916722536087036,0.6039615273475647,-0.9858881831169128,0.5852526426315308,0.8092601299285889,0.025622770190238953,0.4144180715084076,0.800963819026947,-0.026119476184248924,0.7696781158447266,0.936159074306488,-0.17169514298439026,0.29652851819992065,0.9129323959350586,-0.44929608702659607,0.5956852436065674,1.2425153255462646,0.041977427899837494,0.3734864592552185,1.2467278242111206,-0.0995376855134964,0.5650236010551453,1.285515308380127,0.054475087672472,0.393252968788147,1.2863365411758423,-0.06574129313230515,0.5728127360343933,1.3870998620986938,-0.07188978046178818,0.3881617486476898,1.4088059663772583,-0.21175940334796906
frame_00178.jpg,0.5360593795776367,0.18622572720050812,-0.7899618148803711,0.5678805112838745,0.1433131992816925,-0.7459897994995117,0.5826227068901062,0.14608128368854523,-0.7466484904289246,0.5954479575157166,0.14866186678409576,-0.7465348839759827,0.523220419883728,0.13407756388187408,-0.7406392693519592,0.5088570713996887,0.1311422735452652,-0.7411559820175171,0.49638479948043823,0.12879860401153564,-0.7414038181304932,0.6183461546897888,0.16556505858898163,-0.4697019159793854,0.48717689514160156,0.1460385024547577,-0.44894203543663025,0.5633344054222107,0.23759379982948303,-0.6812076568603516,0.5085297226905823,0.22594623267650604,-0.6795765161514282,0.6725609302520752,0.3666091561317444,-0.32259654998779297,0.3935920000076294,0.34937483072280884,-0.2657884955406189,0.7792974710464478,0.585394024848938,-0.550715446472168,0.25120195746421814,0.573248028755188,-0.47931161522865295,0.705814003944397,0.6112053990364075,-1.0591375827789307,0.25425827503204346,0.615844190120697,-0.973798930644989,0.7151124477386475,0.6566791534423828,-1.1757773160934448,0.2422856092453003,0.642119824886322,-1.0923266410827637,0.6597185730934143,0.6234697699546814,-1.1916272640228271,0.2711776793003082,0.6069050431251526,-1.118789553642273,0.6525514721870422,0.6187731623649597,-1.0732998847961426,0.2875975966453552,0.6050424575805664,-1.0004101991653442,0.5855385661125183,0.8092604875564575,0.02577226236462593,0.4144398272037506,0.8010594844818115,-0.026245776563882828,0.7474818229675293,0.9731546640396118,-0.14861425757408142,0.31500905752182007,0.9417635798454285,-0.4524572491645813,0.5998595952987671,1.2790151834487915,0.06689499318599701,0.37143978476524353,1.279474139213562,-0.10822012275457382,0.5759113430976868,1.3238245248794556,0.0770309567451477,0.38805416226387024,1.3215901851654053,-0.07229878008365631,0.5801016092300415,1.4216301441192627,-0.0969824269413948,0.38523584604263306,1.4395140409469604,-0.24619846045970917
frame_00179.jpg,0.5354477167129517,0.18746910989284515,-0.7799969911575317,0.5676716566085815,0.14422664046287537,-0.7370280027389526,0.5824251174926758,0.14685603976249695,-0.7376995086669922,0.5951873064041138,0.14939121901988983,-0.7376135587692261,0.521761953830719,0.13549421727657318,-0.7314080595970154,0.5070451498031616,0.13296322524547577,-0.7319521307945251,0.49504050612449646,0.13120588660240173,-0.7322303652763367,0.6183820366859436,0.16643758118152618,-0.4670213758945465,0.48689135909080505,0.1481882482767105,-0.4439852237701416,0.563172459602356,0.2387077361345291,-0.6734737157821655,0.5079180598258972,0.22822220623493195,-0.6712005734443665,0.6728848218917847,0.36866238713264465,-0.3239719569683075,0.3938003182411194,0.3493938446044922,-0.2592698037624359,0.7797058820724487,0.5902940630912781,-0.5385913848876953,0.25085780024528503,0.574310302734375,-0.4653054177761078,0.7052552103996277,0.6138713359832764,-1.0359374284744263,0.25511854887008667,0.6219859719276428,-0.9606680870056152,0.7149918079376221,0.6572526693344116,-1.1515796184539795,0.2439524382352829,0.6435866951942444,-1.0786373615264893,0.6592517495155334,0.6251193881034851,-1.1669461727142334,0.2719486355781555,0.6076739430427551,-1.1044795513153076,0.6520686745643616,0.6206662058830261,-1.0496740341186523,0.28737467527389526,0.605952262878418,-0.9865730404853821,0.5855950713157654,0.8118708729743958,0.023136895149946213,0.41421347856521606,0.8012087941169739,-0.023609662428498268,0.7399365901947021,0.9565975069999695,-0.17059408128261566,0.29803377389907837,0.9253846406936646,-0.44470319151878357,0.5883294343948364,1.2522203922271729,0.07779005169868469,0.3661437928676605,1.2473094463348389,-0.0814133957028389,0.557266891002655,1.2936899662017822,0.09324313700199127,0.3865249454975128,1.289486289024353,-0.04562898725271225,0.5622599720954895,1.3938874006271362,-0.08798477798700333,0.3843248188495636,1.4039360284805298,-0.20017771422863007
frame_00180.jpg,0.5352704524993896,0.18801355361938477,-0.7748693227767944,0.5675010085105896,0.14501307904720306,-0.7298945188522339,0.5823850035667419,0.14781919121742249,-0.7305002212524414,0.5951520204544067,0.15055984258651733,-0.7304595708847046,0.5216443538665771,0.13642436265945435,-0.726398766040802,0.5069986581802368,0.13411936163902283,-0.7270432710647583,0.4950234293937683,0.13239648938179016,-0.72733074426651,0.6183959245681763,0.168550044298172,-0.444394052028656,0.4869159758090973,0.1492808759212494,-0.4298690855503082,0.5628529191017151,0.2392624169588089,-0.6702597737312317,0.5078321099281311,0.22859510779380798,-0.6606411337852478,0.6728995442390442,0.3699316084384918,-0.3000046908855438,0.39390766620635986,0.34953826665878296,-0.22411179542541504,0.7798367142677307,0.5962618589401245,-0.5145928859710693,0.25225844979286194,0.5746612548828125,-0.40548068284988403,0.7044087648391724,0.6151549816131592,-1.0337049961090088,0.2550835609436035,0.6210880875587463,-0.8792117834091187,0.7147533297538757,0.6572405099868774,-1.1400887966156006,0.24410119652748108,0.6431443691253662,-0.9887707829475403,0.6585016250610352,0.6254214644432068,-1.1450083255767822,0.2700057923793793,0.6070106029510498,-1.017394781112671,0.6513938903808594,0.6212578415870667,-1.040343999862671,0.28553372621536255,0.6053740382194519,-0.9054241180419922,0.5842966437339783,0.8134400844573975,0.02056809328496456,0.41387930512428284,0.8018031716346741,-0.02107115089893341,0.7390016317367554,0.9434493780136108,-0.15449954569339752,0.2688790261745453,0.8433979749679565,-0.4314970076084137,0.563926637172699,1.2110960483551025,0.06813355535268784,0.3645884692668915,1.1995288133621216,-0.08913514018058777,0.5268339514732361,1.2454502582550049,0.08254429697990417,0.38499295711517334,1.2414629459381104,-0.05428885668516159,0.5266163349151611,1.3365224599838257,-0.09369805455207825,0.37809646129608154,1.3524178266525269,-0.1926700323820114
frame_00181.jpg,0.5356945395469666,0.18797439336776733,-0.762880265712738,0.5676475763320923,0.14501121640205383,-0.7159959673881531,0.5826370120048523,0.14777255058288574,-0.7165948152542114,0.5956739783287048,0.15047532320022583,-0.7164212465286255,0.5225511789321899,0.13651560246944427,-0.7053223252296448,0.508212685585022,0.1340404450893402,-0.7059407830238342,0.4958745539188385,0.13202685117721558,-0.7061832547187805,0.619215726852417,0.1686134785413742,-0.4202883839607239,0.4873466491699219,0.14918892085552216,-0.38914433121681213,0.5630641579627991,0.23919963836669922,-0.6505146026611328,0.5084936618804932,0.22820374369621277,-0.6368962526321411,0.6733490228652954,0.3703777492046356,-0.27789512276649475,0.395109087228775,0.3492468297481537,-0.1894730180501938,0.779948353767395,0.5978769063949585,-0.4906548857688904,0.256226122379303,0.5717755556106567,-0.377388060092926,0.7044863700866699,0.6151789426803589,-1.0003166198730469,0.25502198934555054,0.6206302046775818,-0.8712909817695618,0.7158921957015991,0.6571796536445618,-1.111363410949707,0.24412965774536133,0.6424400806427002,-0.9861733317375183,0.6586158871650696,0.6254090666770935,-1.121384620666504,0.2684255540370941,0.6066447496414185,-1.0164059400558472,0.6514161825180054,0.6212980151176453,-1.010340929031372,0.2843213975429535,0.6049148440361023,-0.898936927318573,0.5848461389541626,0.8137084245681763,0.019577015191316605,0.41398128867149353,0.8017619252204895,-0.020070556551218033,0.7462540864944458,0.9497164487838745,-0.1517263799905777,0.2578267753124237,0.8372399806976318,-0.4578518271446228,0.5928796529769897,1.2191081047058105,0.11889151483774185,0.35561877489089966,1.1988757848739624,-0.08958140760660172,0.560932993888855,1.2556354999542236,0.13717901706695557,0.37512487173080444,1.2408452033996582,-0.05235736444592476,0.5659215450286865,1.3504047393798828,-0.04267134889960289,0.3602219223976135,1.3521430492401123,-0.19370025396347046
frame_00182.jpg,0.5357204675674438,0.18778981268405914,-0.8492363095283508,0.5677230954170227,0.14491596817970276,-0.8038032650947571,0.5829024910926819,0.14773155748844147,-0.8044880628585815,0.5961695313453674,0.15045051276683807,-0.8043707013130188,0.5228663086891174,0.1362495869398117,-0.7980444431304932,0.5087582468986511,0.1337878406047821,-0.7986065745353699,0.49635785818099976,0.13188520073890686,-0.7988842725753784,0.6196714639663696,0.16875186562538147,-0.5165918469429016,0.48774582147598267,0.14900802075862885,-0.4940144419670105,0.5630902647972107,0.23908662796020508,-0.7365082502365112,0.5085934996604919,0.22794117033481598,-0.7335925698280334,0.67335045337677,0.3703361451625824,-0.3559707999229431,0.39562609791755676,0.349053293466568,-0.2838980555534363,0.7793434262275696,0.5948576331138611,-0.5625852346420288,0.2567048668861389,0.5709704160690308,-0.46689239144325256,0.7052967548370361,0.6117982268333435,-1.0741541385650635,0.2545301914215088,0.6196665167808533,-0.9649715423583984,0.7173506617546082,0.654396116733551,-1.1946325302124023,0.24441134929656982,0.6427538990974426,-1.0864622592926025,0.6593714952468872,0.6241323947906494,-1.2147748470306396,0.26869791746139526,0.6064639687538147,-1.1198400259017944,0.6520060300827026,0.6202395558357239,-1.0902419090270996,0.2833399772644043,0.6046016812324524,-0.9940664172172546,0.5850159525871277,0.8118146061897278,0.019598305225372314,0.41445526480674744,0.7972438931465149,-0.020082058385014534,0.7499589920043945,0.9546923041343689,-0.12149479240179062,0.2564932107925415,0.8172494173049927,-0.46959060430526733,0.6262387037277222,1.2180496454238892,0.2027699202299118,0.327434778213501,1.1921571493148804,-0.09066813439130783,0.5971301794052124,1.25472891330719,0.22462575137615204,0.3436334729194641,1.236087441444397,-0.0539138987660408,0.6078027486801147,1.3489011526107788,0.03725171089172363,0.3173109292984009,1.3422961235046387,-0.19424279034137726
frame_00183.jpg,0.5357142686843872,0.18681491911411285,-0.8630183935165405,0.5677797198295593,0.1444116234779358,-0.8197996020317078,0.5830432176589966,0.14738081395626068,-0.8204911351203918,0.5965011119842529,0.1501317173242569,-0.8203694224357605,0.522902250289917,0.13491998612880707,-0.8137199282646179,0.5088106393814087,0.1319868266582489,-0.8142907023429871,0.49640345573425293,0.12991511821746826,-0.8145837783813477,0.6206866502761841,0.16867130994796753,-0.5429762005805969,0.4880031943321228,0.14793376624584198,-0.5184304118156433,0.5631566047668457,0.23892810940742493,-0.7538312673568726,0.5086016058921814,0.22686490416526794,-0.7510383129119873,0.6734513640403748,0.37024375796318054,-0.3848814368247986,0.39671191573143005,0.34783443808555603,-0.31779345870018005,0.7771417498588562,0.5910730957984924,-0.595657467842102,0.2574586868286133,0.5664815902709961,-0.5152468681335449,0.7056914567947388,0.6084880232810974,-1.0978929996490479,0.2541050314903259,0.6186190843582153,-1.021509051322937,0.7193121314048767,0.6511493921279907,-1.216579556465149,0.2446306049823761,0.6423829793930054,-1.1454594135284424,0.6602360010147095,0.6220132112503052,-1.2384755611419678,0.26913967728614807,0.6049359440803528,-1.175621509552002,0.6520308256149292,0.6192250847816467,-1.1147836446762085,0.2831156849861145,0.6020018458366394,-1.049725890159607,0.5838799476623535,0.8085828423500061,0.019761372357606888,0.41438961029052734,0.7897128462791443,-0.020251493901014328,0.7517176866531372,0.9507391452789307,-0.06677401065826416,0.2536246180534363,0.7904393672943115,-0.4775378704071045,0.6369451284408569,1.210123062133789,0.29718083143234253,0.3106116056442261,1.152954339981079,-0.09369836747646332,0.6085954904556274,1.2453174591064453,0.32347509264945984,0.32659655809402466,1.1975215673446655,-0.05752824619412422,0.619897723197937,1.3373054265975952,0.15750834345817566,0.2963476777076721,1.2964057922363281,-0.19604505598545074
frame_00184.jpg,0.5355793237686157,0.18428747355937958,-0.8235186338424683,0.567656397819519,0.1421949714422226,-0.7838952541351318,0.5828988552093506,0.1454003006219864,-0.7846060395240784,0.5964118242263794,0.14818337559700012,-0.7846601605415344,0.5229284763336182,0.13224700093269348,-0.7842771410942078,0.5088597536087036,0.12883689999580383,-0.7848778963088989,0.4964612126350403,0.12662066519260406,-0.7850173711776733,0.6212272047996521,0.16803689301013947,-0.5382102727890015,0.488806813955307,0.1450052410364151,-0.47702687978744507,0.562881588935852,0.23651812970638275,-0.721185028553009,0.5086504817008972,0.223936066031456,-0.7259608507156372,0.6742153167724609,0.3698536455631256,-0.3455522358417511,0.3976871967315674,0.3468374013900757,-0.26987043023109436,0.7767106294631958,0.591017484664917,-0.5622408390045166,0.2568148970603943,0.5643244981765747,-0.47445565462112427,0.7056928277015686,0.6071552038192749,-1.0701292753219604,0.2533194124698639,0.6178864240646362,-0.9885175824165344,0.7196788191795349,0.6503865718841553,-1.189239740371704,0.24417531490325928,0.6421008706092834,-1.1073341369628906,0.6601880192756653,0.6211331486701965,-1.2221100330352783,0.2694249153137207,0.6019049286842346,-1.1356607675552368,0.6518427729606628,0.6185112595558167,-1.0899417400360107,0.28332260251045227,0.597626268863678,-1.0147799253463745,0.5838825702667236,0.8062488436698914,0.020511237904429436,0.4146278500556946,0.7877000570297241,-0.020952876657247543,0.7531690001487732,0.961010754108429,-0.06771707534790039,0.2511095106601715,0.7929986119270325,-0.5340853929519653,0.6558834314346313,1.242672324180603,0.2836778461933136,0.30018672347068787,1.1571850776672363,-0.15482313930988312,0.6294394731521606,1.282930850982666,0.3077167868614197,0.3152023255825043,1.205867052078247,-0.11939555406570435,0.6422569751739502,1.378753423690796,0.12411835044622421,0.2881489098072052,1.3052154779434204,-0.2866939306259155
frame_00185.jpg,0.5351969003677368,0.18006692826747894,-0.735575795173645,0.5675166845321655,0.13804617524147034,-0.6884992718696594,0.5828383564949036,0.14231981337070465,-0.6891472339630127,0.5964213609695435,0.1457664519548416,-0.6890462636947632,0.5229600071907043,0.12448766827583313,-0.6818236112594604,0.50890052318573,0.12015198171138763,-0.6824254989624023,0.49653464555740356,0.11764548718929291,-0.6827084422111511,0.6220601797103882,0.16665826737880707,-0.42229604721069336,0.4894391894340515,0.13696767389774323,-0.37905094027519226,0.5619801878929138,0.23297137022018433,-0.6319984197616577,0.5084033012390137,0.21993525326251984,-0.627694845199585,0.6741791367530823,0.3683098554611206,-0.2731848657131195,0.39757800102233887,0.3463476002216339,-0.20386472344398499,0.7747157216072083,0.5836429595947266,-0.4827396273612976,0.2542197108268738,0.5620730519294739,-0.3903180658817291,0.7065905928611755,0.6048069596290588,-0.972445011138916,0.2532026469707489,0.6069508790969849,-0.8997468948364258,0.7217429876327515,0.6478119492530823,-1.085383653640747,0.2425246685743332,0.6378107070922852,-1.0213953256607056,0.6629787683486938,0.6203747391700745,-1.1094424724578857,0.2696138620376587,0.5963420271873474,-1.0472586154937744,0.6527059078216553,0.6180496215820312,-0.9895889163017273,0.2837550938129425,0.5911112427711487,-0.9255691766738892,0.5774809122085571,0.8043136596679688,0.020627444609999657,0.41175928711891174,0.782541036605835,-0.021071571856737137,0.7540053129196167,0.9554182887077332,-0.04480571299791336,0.231887549161911,0.7713409066200256,-0.48503366112709045,0.647370457649231,1.189186453819275,0.3081477880477905,0.20032700896263123,1.1204618215560913,-0.14723481237888336,0.6186925768852234,1.220022439956665,0.3346578776836395,0.20905768871307373,1.1711863279342651,-0.11424911022186279,0.6348915696144104,1.3155096769332886,0.18652620911598206,0.16487106680870056,1.2592788934707642,-0.26570165157318115
frame_00186.jpg,0.5339807271957397,0.1760256588459015,-0.6665496826171875,0.5666302442550659,0.135100319981575,-0.6212851405143738,0.5823397040367126,0.14031045138835907,-0.6218830943107605,0.5961659550666809,0.14436517655849457,-0.6217726469039917,0.5228928327560425,0.11973407119512558,-0.614068865776062,0.5089238882064819,0.11505544930696487,-0.6146302223205566,0.49657076597213745,0.11235526949167252,-0.6149238348007202,0.6220443844795227,0.16590458154678345,-0.35563376545906067,0.48982733488082886,0.1310901790857315,-0.32303714752197266,0.559393048286438,0.22856095433235168,-0.5634993314743042,0.5080334544181824,0.21544569730758667,-0.5586947202682495,0.6739428639411926,0.36472973227500916,-0.2161191999912262,0.3972783386707306,0.3450612723827362,-0.17445144057273865,0.773040235042572,0.5812587738037109,-0.4299546778202057,0.25395825505256653,0.5609654188156128,-0.36999228596687317,0.7065646648406982,0.60280841588974,-0.9316635131835938,0.2532169222831726,0.5898741483688354,-0.8714025616645813,0.7216935157775879,0.6461932063102722,-1.046528935432434,0.2422618865966797,0.6215417385101318,-0.9904587864875793,0.6628690958023071,0.6195563673973083,-1.0667182207107544,0.27602022886276245,0.5892748236656189,-1.01814866065979,0.6525228023529053,0.6170992255210876,-0.9479516744613647,0.2915886342525482,0.5846782922744751,-0.8974526524543762,0.5781735181808472,0.8034349679946899,0.025801414623856544,0.4119069576263428,0.7831296920776367,-0.026295507326722145,0.7454062104225159,0.9513798356056213,-0.21722090244293213,0.2758195102214813,0.8450105786323547,-0.49712204933166504,0.5985013246536255,1.2163094282150269,-0.02492864988744259,0.33529338240623474,1.2411130666732788,-0.19255632162094116,0.5618149042129517,1.2540092468261719,-0.014753401279449463,0.34853535890579224,1.2875837087631226,-0.16282060742378235,0.5781455039978027,1.3582475185394287,-0.1924966275691986,0.3518983721733093,1.4042513370513916,-0.3172209560871124
frame_00187.jpg,0.5326523780822754,0.17408807575702667,-0.7225924134254456,0.5643123984336853,0.13393238186836243,-0.6810961961746216,0.5802987217903137,0.1397169977426529,-0.681771993637085,0.594090461730957,0.14419512450695038,-0.6816672086715698,0.5229024887084961,0.1191289871931076,-0.6675952672958374,0.509443461894989,0.11454315483570099,-0.6681646108627319,0.4976399838924408,0.11175064742565155,-0.6685107350349426,0.6207689642906189,0.16607500612735748,-0.4221528470516205,0.4913293421268463,0.1302669644355774,-0.3631051778793335,0.5563724637031555,0.22589269280433655,-0.6225366592407227,0.5078233480453491,0.21249112486839294,-0.6096338629722595,0.6738215088844299,0.3631582260131836,-0.2899210751056671,0.3982733190059662,0.34155765175819397,-0.20058336853981018,0.772140622138977,0.5771612524986267,-0.5195900201797485,0.26290589570999146,0.5559881925582886,-0.4412870407104492,0.7065837383270264,0.6017810106277466,-1.0326924324035645,0.25998052954673767,0.550555944442749,-1.0184499025344849,0.7218554615974426,0.6450268626213074,-1.1551709175109863,0.24235567450523376,0.5820804834365845,-1.1535712480545044,0.6628445982933044,0.6193056702613831,-1.177595853805542,0.28150564432144165,0.5629018545150757,-1.180540680885315,0.6526179313659668,0.6167418956756592,-1.0502952337265015,0.30049794912338257,0.5581287145614624,-1.0470913648605347,0.5781469941139221,0.802323579788208,0.0194287970662117,0.41146010160446167,0.7837493419647217,-0.019922440871596336,0.7198589444160461,0.9600790143013,-0.10150965303182602,0.2717420756816864,0.8397840857505798,-0.4958224892616272,0.5620575547218323,1.2079838514328003,0.2170417755842209,0.3489590287208557,1.2083109617233276,-0.173329696059227,0.5286117196083069,1.2404886484146118,0.24056944251060486,0.3661953806877136,1.2512913942337036,-0.14097975194454193,0.5290336608886719,1.3455617427825928,0.09413740783929825,0.352504163980484,1.360816478729248,-0.29383111000061035
frame_00188.jpg,0.5325089693069458,0.17212256789207458,-0.5944048166275024,0.5640925765037537,0.1326063573360443,-0.5476517081260681,0.5799906253814697,0.13873864710330963,-0.5482643246650696,0.5938946604728699,0.14348486065864563,-0.5481517314910889,0.5232619047164917,0.11770865321159363,-0.5377682447433472,0.5105977654457092,0.11314307898283005,-0.5383256673812866,0.4990437924861908,0.11028590798377991,-0.5386465787887573,0.6207078099250793,0.16606304049491882,-0.2864055931568146,0.4930814206600189,0.12866690754890442,-0.24413275718688965,0.555428147315979,0.22395160794258118,-0.4940048158168793,0.5078213214874268,0.21027474105358124,-0.4859234690666199,0.6737532615661621,0.3597198724746704,-0.17038589715957642,0.3999631106853485,0.3367029130458832,-0.10450027137994766,0.7714062929153442,0.5710856318473816,-0.3839133381843567,0.2623141407966614,0.5611141324043274,-0.3240421414375305,0.7087351679801941,0.5986116528511047,-0.8701960444450378,0.2656550407409668,0.5328289866447449,-0.8577540516853333,0.7255150675773621,0.6446437239646912,-0.9808334112167358,0.24255743622779846,0.5577749013900757,-0.9803649187088013,0.664514422416687,0.6178675293922424,-0.998681902885437,0.28867048025131226,0.5388005971908569,-1.0033917427062988,0.6541174054145813,0.6150461435317993,-0.8852180242538452,0.3112896978855133,0.5379775762557983,-0.8833913803100586,0.5780306458473206,0.8019236326217651,0.019858043640851974,0.4114384651184082,0.7842302918434143,-0.020357858389616013,0.7262014150619507,0.9597496390342712,-0.11032682657241821,0.2618251442909241,0.8195447325706482,-0.5335404872894287,0.5776063203811646,1.1914135217666626,0.19338580965995789,0.3441771864891052,1.1833451986312866,-0.20975787937641144,0.5442759394645691,1.223429799079895,0.21448259055614471,0.3624705374240875,1.2245690822601318,-0.17454227805137634,0.5483693480491638,1.3253015279769897,0.05930120870471001,0.3441760838031769,1.3359516859054565,-0.2945350110530853
frame_00189.jpg,0.5320535898208618,0.17108221352100372,-0.6494253873825073,0.5634249448776245,0.13140223920345306,-0.602875828742981,0.5794969201087952,0.13755662739276886,-0.6035078763961792,0.593522846698761,0.14235205948352814,-0.603388786315918,0.5233144760131836,0.1174812763929367,-0.5935530066490173,0.5109067559242249,0.1130920872092247,-0.5941046476364136,0.49951615929603577,0.11025188863277435,-0.5944080352783203,0.6206426024436951,0.16601723432540894,-0.3344568610191345,0.49400123953819275,0.12872092425823212,-0.2911234200000763,0.5546150803565979,0.22285178303718567,-0.5459395051002502,0.5077754259109497,0.20931202173233032,-0.5387818217277527,0.673561692237854,0.35863879323005676,-0.20790967345237732,0.4020994305610657,0.33217209577560425,-0.1375180184841156,0.766267716884613,0.5598215460777283,-0.40719667077064514,0.282409131526947,0.523121178150177,-0.34286391735076904,0.7088773846626282,0.5960954427719116,-0.8880812525749207,0.26612454652786255,0.5189549922943115,-0.9462904930114746,0.7253361940383911,0.6427057385444641,-1.0075008869171143,0.24014031887054443,0.5550283789634705,-1.0819776058197021,0.6646500825881958,0.6168928146362305,-1.044026255607605,0.28858518600463867,0.5389406085014343,-1.1089513301849365,0.6544474363327026,0.6140257120132446,-0.9142550230026245,0.30964797735214233,0.5368722081184387,-0.9761589765548706,0.5778496265411377,0.7992715835571289,0.014511424116790295,0.41139689087867737,0.7829405665397644,-0.015003183856606483,0.7256104946136475,0.9646704792976379,-0.07077581435441971,0.2534642815589905,0.810111939907074,-0.5223954916000366,0.5786904096603394,1.1920092105865479,0.2896522879600525,0.32929062843322754,1.1688321828842163,-0.1904679238796234,0.5535491704940796,1.2238858938217163,0.31689125299453735,0.3487487733364105,1.212062120437622,-0.15498748421669006,0.5525842905044556,1.3242688179016113,0.183914914727211,0.31630417704582214,1.3143903017044067,-0.2924228608608246
frame_00190.jpg,0.5314086079597473,0.17070302367210388,-0.7553858160972595,0.5628989934921265,0.1312122493982315,-0.7125034332275391,0.5790983438491821,0.13748279213905334,-0.7131853699684143,0.5929411053657532,0.14234952628612518,-0.7130836248397827,0.5232952833175659,0.11748317629098892,-0.7004573941230774,0.5109127163887024,0.11314452439546585,-0.7010315656661987,0.49955135583877563,0.11026738584041595,-0.7013750076293945,0.6201578378677368,0.16644732654094696,-0.45012712478637695,0.49409085512161255,0.128814235329628,-0.39597052335739136,0.5541706681251526,0.22284811735153198,-0.6532315611839294,0.5075436234474182,0.209058478474617,-0.641900897026062,0.673570454120636,0.35804545879364014,-0.3183591663837433,0.40221109986305237,0.33100613951683044,-0.22245030105113983,0.7653958201408386,0.5575552582740784,-0.5502710342407227,0.28156158328056335,0.5248406529426575,-0.4573301374912262,0.7088645100593567,0.5963281393051147,-1.058125376701355,0.26711636781692505,0.5336769819259644,-1.0281802415847778,0.7249439358711243,0.6428115367889404,-1.1817703247070312,0.2411695271730423,0.5641486048698425,-1.162104606628418,0.6646913290023804,0.6169006824493408,-1.2070869207382202,0.2887896001338959,0.5430395603179932,-1.1889655590057373,0.6548656821250916,0.6137672662734985,-1.0778250694274902,0.3093520402908325,0.5404316782951355,-1.0569825172424316,0.5775010585784912,0.7962649464607239,0.010417366400361061,0.4113956391811371,0.7806641459465027,-0.010912308469414711,0.7201753258705139,0.9628553986549377,-0.07516138255596161,0.26453784108161926,0.8277905583381653,-0.42583656311035156,0.5808800458908081,1.1896361112594604,0.2497546374797821,0.31379425525665283,1.1517447233200073,-0.08356119692325592,0.5533920526504517,1.2210404872894287,0.2727561593055725,0.329937607049942,1.1942142248153687,-0.04947332665324211,0.550270676612854,1.3183255195617676,0.1256566047668457,0.2919791042804718,1.2880973815917969,-0.17130622267723083
frame_00191.jpg,0.5308155417442322,0.17080391943454742,-0.8265515565872192,0.5626901388168335,0.13126777112483978,-0.7866988182067871,0.5789313316345215,0.1375274956226349,-0.7873883843421936,0.5924707651138306,0.14242246747016907,-0.7872786521911621,0.5229203104972839,0.1178646832704544,-0.7759624719619751,0.5104464292526245,0.11365064978599548,-0.7765438556671143,0.49943429231643677,0.11073936522006989,-0.7769048810005188,0.6197208166122437,0.16651511192321777,-0.5223692059516907,0.4941970705986023,0.12886713445186615,-0.4760344624519348,0.5541349649429321,0.22295956313610077,-0.7220402956008911,0.5074852705001831,0.20909667015075684,-0.7128323316574097,0.6739789843559265,0.35742291808128357,-0.36644142866134644,0.4021441340446472,0.3305155634880066,-0.28697139024734497,0.7656115293502808,0.5592871904373169,-0.5903511643409729,0.2637419104576111,0.5267879366874695,-0.5005462765693665,0.708984911441803,0.5965721011161804,-1.1026451587677002,0.2605283260345459,0.5615260601043701,-1.04364013671875,0.7248584032058716,0.6428884267807007,-1.2239353656768799,0.24297232925891876,0.5864006876945496,-1.1747841835021973,0.6657777428627014,0.6168952584266663,-1.2482320070266724,0.2834920287132263,0.5457737445831299,-1.202223300933838,0.6557170748710632,0.6137742400169373,-1.120760440826416,0.2976587414741516,0.5423728823661804,-1.0714830160140991,0.5766860246658325,0.7945360541343689,0.01117038819938898,0.4109629988670349,0.7767903804779053,-0.011669082567095757,0.7192271947860718,0.9670616984367371,-0.053870558738708496,0.2577897608280182,0.8265829682350159,-0.4558265805244446,0.5841304659843445,1.2022217512130737,0.29091784358024597,0.296854168176651,1.1547657251358032,-0.09613130241632462,0.5616291761398315,1.2350990772247314,0.31504538655281067,0.31147515773773193,1.1972167491912842,-0.06302092969417572,0.5548238158226013,1.332709550857544,0.15721842646598816,0.27536675333976746,1.2950853109359741,-0.20790576934814453
frame_00192.jpg,0.5310181379318237,0.17292501032352448,-0.7548068165779114,0.5629295706748962,0.1333351880311966,-0.7233750224113464,0.5790380239486694,0.1385289579629898,-0.7239919304847717,0.5924879312515259,0.14301428198814392,-0.7238587141036987,0.5234696269035339,0.12209513038396835,-0.7083976864814758,0.5110688805580139,0.11840912699699402,-0.7090180516242981,0.5002044439315796,0.11542640626430511,-0.7093505263328552,0.6199237108230591,0.16661754250526428,-0.5151707530021667,0.4964316785335541,0.13174085319042206,-0.429034948348999,0.554649293422699,0.22338972985744476,-0.6601801514625549,0.5091652274131775,0.21080225706100464,-0.6463669538497925,0.676345944404602,0.3574642539024353,-0.3389520049095154,0.40364161133766174,0.3279474079608917,-0.25292497873306274,0.7668147087097168,0.5612622499465942,-0.5560797452926636,0.2584160566329956,0.5294216275215149,-0.4707515835762024,0.7097615003585815,0.5975953936576843,-1.0823276042938232,0.2605116367340088,0.5872831344604492,-1.0038340091705322,0.7265574932098389,0.6429595351219177,-1.1900264024734497,0.24288149178028107,0.6152034997940063,-1.1289823055267334,0.6673649549484253,0.616599440574646,-1.2179657220840454,0.2833549380302429,0.5840490460395813,-1.1560580730438232,0.6562401056289673,0.6137560606002808,-1.098976731300354,0.2976556122303009,0.5802256464958191,-1.0310417413711548,0.5737060904502869,0.7937046885490417,0.008475401438772678,0.4093591272830963,0.7718930840492249,-0.008957421407103539,0.6983922719955444,0.9804419279098511,-0.06659159064292908,0.248064786195755,0.798984169960022,-0.49672141671180725,0.5777608156204224,1.2184261083602905,0.26409634947776794,0.31476688385009766,1.15436589717865,-0.15818707644939423,0.5546305775642395,1.2497307062149048,0.2847389578819275,0.33570584654808044,1.196942687034607,-0.1252557337284088,0.5456012487411499,1.3519128561019897,0.12291678041219711,0.30090492963790894,1.2988262176513672,-0.25947707891464233
frame_00193.jpg,0.5322492122650146,0.1750860959291458,-0.7409461140632629,0.5647424459457397,0.13501335680484772,-0.7106789350509644,0.5806219577789307,0.1397225707769394,-0.7112732529640198,0.5933295488357544,0.14396421611309052,-0.7110486626625061,0.5242936015129089,0.12433933466672897,-0.694618821144104,0.5117332935333252,0.12088436633348465,-0.6951786279678345,0.5011929273605347,0.11797621846199036,-0.6954883337020874,0.6201999187469482,0.16662077605724335,-0.5056612491607666,0.4974880814552307,0.13325947523117065,-0.40906691551208496,0.5563838481903076,0.22413474321365356,-0.6431484818458557,0.5106983184814453,0.21252216398715973,-0.6296772956848145,0.6772384643554688,0.35747212171554565,-0.3244965672492981,0.4045499265193939,0.3259879946708679,-0.22159096598625183,0.7692321538925171,0.5630340576171875,-0.5506814122200012,0.2544984817504883,0.5309442281723022,-0.41208457946777344,0.7100857496261597,0.5981170535087585,-1.0480170249938965,0.26104235649108887,0.598246693611145,-0.9092065095901489,0.726435124874115,0.6423208117485046,-1.149404764175415,0.24558725953102112,0.631658673286438,-1.029052972793579,0.667693555355072,0.6158889532089233,-1.1668338775634766,0.2865390181541443,0.5998430252075195,-1.0541927814483643,0.6563804745674133,0.613511323928833,-1.0578229427337646,0.2998890280723572,0.592215359210968,-0.9348976016044617,0.5724064111709595,0.7937251329421997,0.008662736043334007,0.40861719846725464,0.7704883813858032,-0.009107803925871849,0.6816148161888123,1.0127794742584229,-0.005972572602331638,0.26219111680984497,0.8316623568534851,-0.5079296231269836,0.5710445642471313,1.2711567878723145,0.3178541958332062,0.33425378799438477,1.2284753322601318,-0.20292063057422638,0.5481039881706238,1.3077435493469238,0.3392864465713501,0.35252922773361206,1.274681806564331,-0.17464976012706757,0.5400980710983276,1.4057267904281616,0.17426294088363647,0.335537314414978,1.386090636253357,-0.3342861533164978
frame_00194.jpg,0.5330978631973267,0.17951686680316925,-0.7604633569717407,0.5660595893859863,0.1381136029958725,-0.7263218760490417,0.58216792345047,0.1417033076286316,-0.7269555330276489,0.594433069229126,0.14525528252124786,-0.7268086671829224,0.5243151187896729,0.12917543947696686,-0.7157406210899353,0.5117532014846802,0.12612104415893555,-0.7163119316101074,0.5013405084609985,0.1235179528594017,-0.7166200876235962,0.6206019520759583,0.16661754250526428,-0.4851445257663727,0.49773794412612915,0.13689248263835907,-0.43668484687805176,0.5587868094444275,0.22719845175743103,-0.660763144493103,0.5116676092147827,0.21695826947689056,-0.6526503562927246,0.6781600713729858,0.35751309990882874,-0.33388394117355347,0.4049781262874603,0.32502591609954834,-0.2545216679573059,0.7701719999313354,0.5656611323356628,-0.5517039895057678,0.2482505589723587,0.5320311188697815,-0.43717947602272034,0.7100837826728821,0.5982149839401245,-1.034950852394104,0.26331907510757446,0.6033584475517273,-0.9205214381217957,0.7258564233779907,0.6420799493789673,-1.142864465713501,0.24714207649230957,0.6370109915733337,-1.0395671129226685,0.6677151918411255,0.6153920292854309,-1.1621257066726685,0.28888484835624695,0.6064354777336121,-1.0636093616485596,0.6564183235168457,0.6128515005111694,-1.0476183891296387,0.30247196555137634,0.5990666151046753,-0.9457265138626099,0.5723307728767395,0.7933584451675415,0.009225821122527122,0.40845006704330444,0.7696612477302551,-0.009656071662902832,0.6925830245018005,1.0037376880645752,-0.026949036866426468,0.2574647068977356,0.8217860460281372,-0.5052815675735474,0.5754774212837219,1.256371259689331,0.2883422374725342,0.3358655571937561,1.2163617610931396,-0.188848078250885,0.5506649613380432,1.2924778461456299,0.31036651134490967,0.3553462624549866,1.2616276741027832,-0.1583365499973297,0.5420321822166443,1.3928872346878052,0.15927724540233612,0.3343532085418701,1.3735145330429077,-0.3091126084327698
frame_00195.jpg,0.534821629524231,0.18214251101016998,-0.7623521685600281,0.5682248473167419,0.13982336223125458,-0.7248375415802002,0.5841735005378723,0.14268597960472107,-0.7254821062088013,0.5963497757911682,0.1457807719707489,-0.7253217101097107,0.5245033502578735,0.13182136416435242,-0.7155593633651733,0.5118255019187927,0.12887157499790192,-0.7161122560501099,0.5015316605567932,0.12639853358268738,-0.7164596319198608,0.6229170560836792,0.16650018095970154,-0.47012096643447876,0.4979335367679596,0.13886070251464844,-0.43005651235580444,0.5621401071548462,0.2290700078010559,-0.6598341464996338,0.5132717490196228,0.21978768706321716,-0.6531479954719543,0.6799340844154358,0.35742607712745667,-0.3229227662086487,0.40559911727905273,0.32457664608955383,-0.24917955696582794,0.7713890671730042,0.5670647025108337,-0.5418059229850769,0.24792447686195374,0.533057451248169,-0.4331466555595398,0.710083544254303,0.5988208055496216,-1.0309926271438599,0.2640155553817749,0.6054055690765381,-0.8969941139221191,0.725610613822937,0.641961395740509,-1.1398693323135376,0.24847419559955597,0.6392573118209839,-1.0120049715042114,0.6676841974258423,0.6148526072502136,-1.155334711074829,0.2900097370147705,0.6072914600372314,-1.0365267992019653,0.6564152240753174,0.6125771403312683,-1.0467571020126343,0.3035820424556732,0.5995200872421265,-0.9211981892585754,0.5715616345405579,0.7909358143806458,0.012069081887602806,0.4077696204185486,0.7650873064994812,-0.012458058074116707,0.6982824802398682,0.9972001910209656,-0.0034897909499704838,0.2558920383453369,0.8205886483192444,-0.5259603261947632,0.5800796151161194,1.2523821592330933,0.3179304003715515,0.3341894745826721,1.1899569034576416,-0.21427659690380096,0.5556029677391052,1.2886412143707275,0.34081190824508667,0.3531268239021301,1.2332663536071777,-0.1830519735813141,0.5538604259490967,1.3879694938659668,0.19844254851341248,0.3318735659122467,1.3430638313293457,-0.31752681732177734
frame_00196.jpg,0.537178099155426,0.18334759771823883,-0.720038652420044,0.5699488520622253,0.14070285856723785,-0.6841197609901428,0.5856071710586548,0.14322786033153534,-0.6847615838050842,0.5972821712493896,0.14612139761447906,-0.684572696685791,0.5262202024459839,0.133660688996315,-0.6741077303886414,0.5132080316543579,0.1309075504541397,-0.6746164560317993,0.5027382969856262,0.12859293818473816,-0.6749681234359741,0.6231527924537659,0.16647915542125702,-0.43554574251174927,0.4984566271305084,0.14098453521728516,-0.39376527070999146,0.5644551515579224,0.22980007529258728,-0.6195027828216553,0.5152904987335205,0.22067676484584808,-0.6121927499771118,0.6804324388504028,0.35654371976852417,-0.3000480532646179,0.40584126114845276,0.32447636127471924,-0.2049274444580078,0.7729889154434204,0.5697193741798401,-0.5180546641349792,0.24657365679740906,0.5336635708808899,-0.36773717403411865,0.7097505331039429,0.5992448329925537,-0.9935330152511597,0.26492995023727417,0.604741632938385,-0.8356384038925171,0.7235677242279053,0.6418769359588623,-1.1002438068389893,0.2507309019565582,0.637046217918396,-0.9478497505187988,0.6674758791923523,0.613850474357605,-1.1119437217712402,0.29268619418144226,0.6057719588279724,-0.9726025462150574,0.6563196778297424,0.6114203333854675,-1.004331350326538,0.30546098947525024,0.5987026691436768,-0.8597599864006042,0.5704032182693481,0.79026198387146,0.012273079715669155,0.4066298007965088,0.7625293135643005,-0.01266100537031889,0.6741350293159485,0.9975540637969971,0.0010800708550959826,0.2607020139694214,0.820607602596283,-0.5348159074783325,0.5513900518417358,1.2594711780548096,0.31619685888290405,0.36806246638298035,1.1995457410812378,-0.25366902351379395,0.5261590480804443,1.2949198484420776,0.33888933062553406,0.3878409266471863,1.2427818775177002,-0.22523155808448792,0.5196473002433777,1.4008253812789917,0.1958310753107071,0.3771221339702606,1.357503056526184,-0.3631683588027954
frame_00197.jpg,0.5390705466270447,0.1842786967754364,-0.7858055830001831,0.5719845294952393,0.140734001994133,-0.7411238551139832,0.5879402756690979,0.1432231217622757,-0.7417770624160767,0.599515974521637,0.14610294997692108,-0.741573691368103,0.5271410942077637,0.1341879814863205,-0.7349748611450195,0.5138411521911621,0.13157092034816742,-0.7354717254638672,0.5033458471298218,0.1294098198413849,-0.7358238101005554,0.6244425177574158,0.16604354977607727,-0.45872777700424194,0.49860596656799316,0.14236333966255188,-0.43255019187927246,0.5673166513442993,0.23096323013305664,-0.6735338568687439,0.5168332457542419,0.221856489777565,-0.6709290742874146,0.6803426742553711,0.3558034896850586,-0.3012857735157013,0.40585336089134216,0.32442015409469604,-0.23939569294452667,0.7729807496070862,0.5697958469390869,-0.5203462243080139,0.24632874131202698,0.5339837670326233,-0.398878812789917,0.7085748314857483,0.5995412468910217,-1.024172306060791,0.26450833678245544,0.6048080325126648,-0.8608220219612122,0.7201722860336304,0.6418213248252869,-1.1394392251968384,0.25115567445755005,0.6359347701072693,-0.9747005701065063,0.6672431230545044,0.6130943894386292,-1.1548513174057007,0.29249006509780884,0.6039356589317322,-0.9962410926818848,0.6561379432678223,0.6100870966911316,-1.0375537872314453,0.30537140369415283,0.597104012966156,-0.8860867619514465,0.5701389312744141,0.7884026765823364,0.021356914192438126,0.4046478867530823,0.7615276575088501,-0.021713098511099815,0.6943507790565491,0.9952697157859802,0.001680599758401513,0.28960737586021423,0.8519482016563416,-0.5051130056381226,0.5940108299255371,1.2574589252471924,0.35292044281959534,0.3601676821708679,1.2099649906158447,-0.15850386023521423,0.5669571161270142,1.2947736978530884,0.3779207170009613,0.37133538722991943,1.2534525394439697,-0.12520630657672882,0.5785190463066101,1.4015369415283203,0.22323253750801086,0.3687956631183624,1.3661149740219116,-0.2785404920578003
frame_00198.jpg,0.5396231412887573,0.18443618714809418,-0.7537096738815308,0.5723716020584106,0.14126069843769073,-0.7069615125656128,0.5883162617683411,0.14371806383132935,-0.7075961828231812,0.5998138189315796,0.14650234580039978,-0.7073966264724731,0.5276426076889038,0.13428615033626556,-0.699724018573761,0.5145790576934814,0.13154783844947815,-0.7002044320106506,0.504290759563446,0.1292913407087326,-0.7005752921104431,0.6245313882827759,0.1660425215959549,-0.4210561215877533,0.5000706911087036,0.14229229092597961,-0.38882794976234436,0.5673635601997375,0.23102882504463196,-0.6396642327308655,0.5176386833190918,0.22180776298046112,-0.6355603337287903,0.6808696985244751,0.3540116846561432,-0.265624463558197,0.40655723214149475,0.3238551914691925,-0.19172857701778412,0.7732691764831543,0.5699509978294373,-0.4961838722229004,0.2466290295124054,0.5341320633888245,-0.36356121301651,0.7084210515022278,0.5996348261833191,-1.023701548576355,0.2630487084388733,0.6044578552246094,-0.857707142829895,0.7198943495750427,0.6414356827735901,-1.1367151737213135,0.24939456582069397,0.6346932053565979,-0.9771337509155273,0.6672372817993164,0.611673891544342,-1.1532647609710693,0.28872624039649963,0.6021851301193237,-1.00421142578125,0.6560871601104736,0.6084530353546143,-1.037115454673767,0.3031589388847351,0.5954264998435974,-0.884041428565979,0.5703514814376831,0.7874023914337158,0.021174393594264984,0.4048530161380768,0.7607503533363342,-0.021534662693738937,0.6958745718002319,0.9933587908744812,-0.011567286215722561,0.28360116481781006,0.8481492400169373,-0.5307453870773315,0.5941258072853088,1.2546710968017578,0.3243660628795624,0.3229891359806061,1.205478310585022,-0.1970425546169281,0.567241907119751,1.2913631200790405,0.3482828736305237,0.3352208137512207,1.2490060329437256,-0.16500486433506012,0.5755478143692017,1.3980845212936401,0.19353124499320984,0.31000009179115295,1.3576463460922241,-0.32302457094192505
frame_00199.jpg,0.5403026342391968,0.18445168435573578,-0.7530894875526428,0.5727568864822388,0.14141181111335754,-0.7081702947616577,0.5887826681137085,0.1438349038362503,-0.7088147401809692,0.6002827882766724,0.146575927734375,-0.7086236476898193,0.5286401510238647,0.13427676260471344,-0.6999555826187134,0.5157681107521057,0.1314624398946762,-0.7004428505897522,0.5054987668991089,0.12914195656776428,-0.7008134722709656,0.624803364276886,0.16598571836948395,-0.4244135022163391,0.5014141798019409,0.14223438501358032,-0.3889580965042114,0.5675622820854187,0.23105154931545258,-0.6411951780319214,0.518435001373291,0.221758171916008,-0.6360036134719849,0.6812896132469177,0.35306426882743835,-0.2687268853187561,0.4072098135948181,0.32337334752082825,-0.19633817672729492,0.7734242677688599,0.5702345967292786,-0.4998170733451843,0.24697725474834442,0.5338810086250305,-0.37610870599746704,0.7077702283859253,0.5997108221054077,-1.0245945453643799,0.26296359300613403,0.6033869981765747,-0.8738310933113098,0.7189627885818481,0.6407760381698608,-1.1391868591308594,0.2477055788040161,0.6329185366630554,-0.9932190179824829,0.6670169830322266,0.6110138297080994,-1.1548649072647095,0.2886962294578552,0.5986278653144836,-1.0193465948104858,0.6556119322776794,0.6077970266342163,-1.0377461910247803,0.3031458854675293,0.5927863717079163,-0.8997669219970703,0.5704947710037231,0.7862848043441772,0.019722511991858482,0.4050965905189514,0.7595670223236084,-0.020077873021364212,0.697615385055542,0.9922799468040466,-0.015276677906513214,0.2800734043121338,0.8459907174110413,-0.5272874236106873,0.5939761400222778,1.2535220384597778,0.33434587717056274,0.32938286662101746,1.2065491676330566,-0.19292868673801422,0.5668835639953613,1.2894741296768188,0.359658420085907,0.3440919518470764,1.2496908903121948,-0.16042843461036682,0.5752694606781006,1.3972818851470947,0.20558388531208038,0.31727513670921326,1.3604941368103027,-0.31989574432373047
frame_00200.jpg,0.5408704280853271,0.18444296717643738,-0.7399333119392395,0.5731791257858276,0.1414335072040558,-0.6965740919113159,0.5893483757972717,0.14383827149868011,-0.6972035765647888,0.6008830070495605,0.14656122028827667,-0.6970171928405762,0.5292307734489441,0.1342540830373764,-0.6896854639053345,0.5163359642028809,0.13140171766281128,-0.6901620626449585,0.5059459805488586,0.12904806435108185,-0.69050532579422,0.6251427531242371,0.16563482582569122,-0.4191945195198059,0.5015468597412109,0.14219482243061066,-0.3881267011165619,0.5677191019058228,0.23106738924980164,-0.6301020383834839,0.5188517570495605,0.2217220962047577,-0.6263764500617981,0.6814943552017212,0.35197633504867554,-0.27011072635650635,0.40726137161254883,0.32307812571525574,-0.19924451410770416,0.7733624577522278,0.568008303642273,-0.49994993209838867,0.24669213593006134,0.5337597131729126,-0.39295604825019836,0.7078263759613037,0.597321629524231,-1.032424807548523,0.26296108961105347,0.5850026607513428,-0.9182513952255249,0.7186902165412903,0.6390925645828247,-1.1505858898162842,0.2473563700914383,0.6121302247047424,-1.0443898439407349,0.6669464111328125,0.6095353364944458,-1.1665226221084595,0.2887870669364929,0.5826118588447571,-1.0717034339904785,0.6554847955703735,0.6055730581283569,-1.0464911460876465,0.3037572503089905,0.5802250504493713,-0.9451364278793335,0.5720877051353455,0.7862495183944702,0.02087116241455078,0.40578383207321167,0.7611719965934753,-0.021233197301626205,0.7207303643226624,0.985905110836029,-0.035461705178022385,0.27449116110801697,0.8208972811698914,-0.5875275135040283,0.6016010046005249,1.2522673606872559,0.30051395297050476,0.3569526970386505,1.21345055103302,-0.2873249053955078,0.5716050863265991,1.2883855104446411,0.3248462975025177,0.3771990239620209,1.2587801218032837,-0.25728458166122437,0.5828643441200256,1.399933099746704,0.18558578193187714,0.3591148555278778,1.374142050743103,-0.4034821391105652
frame_00201.jpg,0.5408147573471069,0.18417467176914215,-0.7486773729324341,0.5731422901153564,0.14136701822280884,-0.7045485377311707,0.589296817779541,0.14379750192165375,-0.7052178382873535,0.6008189916610718,0.146535262465477,-0.7050794959068298,0.5292218923568726,0.1340542733669281,-0.698091447353363,0.5163291692733765,0.1311606764793396,-0.6985860466957092,0.5059683322906494,0.12881526350975037,-0.6989412903785706,0.6244558095932007,0.16540247201919556,-0.4256477952003479,0.5013688206672668,0.1418249011039734,-0.39785951375961304,0.5676513910293579,0.23096679151058197,-0.6388965845108032,0.5188049674034119,0.22119233012199402,-0.6354185938835144,0.6813623905181885,0.35140833258628845,-0.2779878079891205,0.40693560242652893,0.32283878326416016,-0.2056172788143158,0.7732100486755371,0.5681702494621277,-0.5108394026756287,0.242756649851799,0.5339328646659851,-0.4145874083042145,0.707515299320221,0.5963796973228455,-1.0399750471115112,0.26295092701911926,0.570892333984375,-0.9450669288635254,0.7169278264045715,0.6386321187019348,-1.161104440689087,0.2487444132566452,0.5971232652664185,-1.0732672214508057,0.6654962301254272,0.6093633770942688,-1.177251935005188,0.2903806269168854,0.5706467032432556,-1.0980135202407837,0.6546260118484497,0.6047900915145874,-1.0544886589050293,0.3047182559967041,0.5685533285140991,-0.9712640047073364,0.5807449817657471,0.786332368850708,0.02016577310860157,0.408639132976532,0.766036868095398,-0.020557330921292305,0.742849588394165,0.9809226989746094,-0.029993301257491112,0.2772367596626282,0.8335760235786438,-0.4476681649684906,0.6354291439056396,1.2364094257354736,0.30490443110466003,0.3229258954524994,1.2018101215362549,-0.12030385434627533,0.6062928438186646,1.272978663444519,0.3286815583705902,0.3397991359233856,1.248932123184204,-0.08920265734195709,0.6215053796768188,1.3767951726913452,0.18297980725765228,0.3029577136039734,1.3523319959640503,-0.22906902432441711
frame_00202.jpg,0.540789008140564,0.1840994656085968,-0.8259202837944031,0.5731159448623657,0.14134159684181213,-0.7812227606773376,0.5892374515533447,0.14374366402626038,-0.7819039821624756,0.6007885336875916,0.14639964699745178,-0.7817245125770569,0.5291776657104492,0.13401459157466888,-0.7751073837280273,0.5162750482559204,0.1310999095439911,-0.7755929827690125,0.505908727645874,0.1287199854850769,-0.7759581804275513,0.6244204640388489,0.16470518708229065,-0.49185100197792053,0.5010970234870911,0.14180706441402435,-0.4668879508972168,0.5675540566444397,0.23093797266483307,-0.7115387320518494,0.518746554851532,0.22114862501621246,-0.708541989326477,0.6812328100204468,0.34942761063575745,-0.33327895402908325,0.40749675035476685,0.32145848870277405,-0.2763815224170685,0.7711722254753113,0.56150221824646,-0.5805546045303345,0.24306261539459229,0.532767653465271,-0.5219487547874451,0.707703709602356,0.5930788516998291,-1.1150124073028564,0.26936331391334534,0.5360659956932068,-1.0778858661651611,0.7169442772865295,0.6369679570198059,-1.2400124073028564,0.24893799424171448,0.5595001578330994,-1.2163512706756592,0.6654103994369507,0.6078069806098938,-1.2601841688156128,0.3005419969558716,0.5480002164840698,-1.239026427268982,0.6545583009719849,0.601958155632019,-1.131795883178711,0.3193867802619934,0.5487390756607056,-1.1044689416885376,0.583710789680481,0.7850922346115112,0.022604353725910187,0.4094628691673279,0.7661100029945374,-0.02295610122382641,0.7378928065299988,0.9878727197647095,0.006564802024513483,0.3028372526168823,0.897182285785675,-0.48526954650878906,0.6357458829879761,1.2519100904464722,0.36071211099624634,0.33758309483528137,1.2414840459823608,-0.16407594084739685,0.6088534593582153,1.2929593324661255,0.3840770423412323,0.35399317741394043,1.291002631187439,-0.13686224818229675,0.6198121905326843,1.3865326642990112,0.2213485985994339,0.33224478363990784,1.390740156173706,-0.3132619261741638
frame_00203.jpg,0.5407560467720032,0.18406257033348083,-0.8220480680465698,0.5730947256088257,0.14138701558113098,-0.7789887189865112,0.5891848802566528,0.1437866985797882,-0.7796787023544312,0.6007639169692993,0.1464071124792099,-0.7794961929321289,0.5289410352706909,0.13395558297634125,-0.7712101936340332,0.5159614086151123,0.13103261590003967,-0.7716965079307556,0.5055704116821289,0.1286434531211853,-0.772060751914978,0.6244301795959473,0.1644403487443924,-0.4978666305541992,0.5000085234642029,0.14170804619789124,-0.4656181335449219,0.5674744844436646,0.23099449276924133,-0.7108319997787476,0.5187188982963562,0.2211141586303711,-0.7057599425315857,0.6811168193817139,0.3474813997745514,-0.3507172465324402,0.40773406624794006,0.31982421875,-0.2782883048057556,0.7694264650344849,0.556010365486145,-0.6078845262527466,0.24455252289772034,0.5296129584312439,-0.5313965082168579,0.7078261375427246,0.5902827978134155,-1.133658766746521,0.2737220823764801,0.517346978187561,-1.0890010595321655,0.7170583009719849,0.6349665522575378,-1.2577576637268066,0.2504926323890686,0.5407102108001709,-1.2268625497817993,0.6654075384140015,0.6066949367523193,-1.2765429019927979,0.3062498867511749,0.5365435481071472,-1.2475965023040771,0.6545527577400208,0.6001787185668945,-1.149712324142456,0.3273983597755432,0.5377873778343201,-1.1153117418289185,0.5858348608016968,0.7838117480278015,0.02275390923023224,0.4102436900138855,0.7658685445785522,-0.023099295794963837,0.7347535490989685,1.0050348043441772,0.05762729048728943,0.31500372290611267,0.9106951355934143,-0.47849351167678833,0.6467303037643433,1.2716683149337769,0.41911569237709045,0.3392820656299591,1.2422183752059937,-0.16022367775440216,0.6244140863418579,1.3132059574127197,0.443232923746109,0.35476934909820557,1.2897124290466309,-0.1320340633392334,0.6286869049072266,1.406180500984192,0.2876412868499756,0.33634695410728455,1.3929144144058228,-0.2984878718852997
frame_00204.jpg,0.5407820343971252,0.18403838574886322,-0.8136542439460754,0.5730440616607666,0.14138010144233704,-0.7699972987174988,0.5891589522361755,0.14377625286579132,-0.7706965208053589,0.6007499098777771,0.1463649570941925,-0.7705323100090027,0.5287340879440308,0.13391493260860443,-0.7635825872421265,0.5156375169754028,0.13098548352718353,-0.76404869556427,0.5051692128181458,0.1285843551158905,-0.7644019722938538,0.6239656209945679,0.16387209296226501,-0.48999184370040894,0.49871692061424255,0.14167851209640503,-0.46380648016929626,0.5675042867660522,0.2311100959777832,-0.7029339075088501,0.5186090469360352,0.2210635244846344,-0.6996259689331055,0.6796978712081909,0.3467080295085907,-0.3409717082977295,0.40623870491981506,0.3198815584182739,-0.28083014488220215,0.7688809037208557,0.5568799376487732,-0.5853894948959351,0.24298512935638428,0.5428896546363831,-0.5257249474525452,0.7077721357345581,0.5883302092552185,-1.100401520729065,0.27745503187179565,0.5203361511230469,-1.058139681816101,0.7165645360946655,0.634791910648346,-1.221442461013794,0.2531774342060089,0.5395801067352295,-1.1900599002838135,0.664725124835968,0.6060994267463684,-1.2400450706481934,0.309541791677475,0.5327641367912292,-1.2094857692718506,0.6542869806289673,0.5988913178443909,-1.1157270669937134,0.33104294538497925,0.5342546105384827,-1.0830283164978027,0.5865518450737,0.7838646173477173,0.02956697903573513,0.41028648614883423,0.7677441239356995,-0.029894258826971054,0.7334761619567871,1.0110293626785278,0.046026259660720825,0.32472068071365356,0.9462985992431641,-0.48273539543151855,0.6466256380081177,1.279718041419983,0.388509064912796,0.33912333846092224,1.2870666980743408,-0.18143276870250702,0.623562753200531,1.3225324153900146,0.41093316674232483,0.35337522625923157,1.3365886211395264,-0.15615403652191162,0.6341610550880432,1.4128265380859375,0.2553333640098572,0.34008294343948364,1.4393196105957031,-0.3291241526603699
frame_00205.jpg,0.5407623052597046,0.18306773900985718,-0.8172572255134583,0.5730242133140564,0.14070531725883484,-0.774807333946228,0.5891395807266235,0.143212229013443,-0.7755159139633179,0.6006996035575867,0.14585089683532715,-0.7753620743751526,0.5287135243415833,0.13286228477954865,-0.7689359784126282,0.5156127214431763,0.1298271119594574,-0.7694052457809448,0.5051599740982056,0.1275012195110321,-0.7697576880455017,0.6236677169799805,0.16329984366893768,-0.49794134497642517,0.49862608313560486,0.1410958170890808,-0.47474485635757446,0.5674593448638916,0.2308749258518219,-0.7075105905532837,0.5185524225234985,0.2201286405324936,-0.7050045132637024,0.6785395741462708,0.3460017740726471,-0.34889477491378784,0.4050033688545227,0.3199181854724884,-0.29426535964012146,0.7687245607376099,0.557059645652771,-0.6038921475410461,0.24317923188209534,0.5426915884017944,-0.5440670847892761,0.7091383934020996,0.5866747498512268,-1.1302868127822876,0.27679023146629333,0.5292611718177795,-1.0822997093200684,0.717633843421936,0.6335285902023315,-1.252512812614441,0.25357407331466675,0.5471685528755188,-1.2141565084457397,0.6649237275123596,0.6031438708305359,-1.2689540386199951,0.30800408124923706,0.5349656343460083,-1.2353287935256958,0.6543647050857544,0.5964308381080627,-1.1455439329147339,0.32840070128440857,0.5364230871200562,-1.1081218719482422,0.586262583732605,0.783848762512207,0.031669069081544876,0.40974411368370056,0.7692372798919678,-0.0319799929857254,0.7206419706344604,1.0203242301940918,0.042290396988391876,0.327835351228714,0.9554867148399353,-0.484086275100708,0.6402040719985962,1.2866804599761963,0.38718947768211365,0.36058497428894043,1.2917321920394897,-0.17794734239578247,0.6174103021621704,1.3288129568099976,0.39405331015586853,0.37332773208618164,1.337797999382019,-0.15168781578540802,0.6295551061630249,1.41846764087677,0.21692153811454773,0.37514975666999817,1.4461359977722168,-0.3275628685951233
frame_00206.jpg,0.5407350063323975,0.18120728433132172,-0.6820979714393616,0.5729838609695435,0.13886640965938568,-0.6457956433296204,0.5891283750534058,0.1414813995361328,-0.6463874578475952,0.6007252931594849,0.1441498100757599,-0.6462646722793579,0.5285242795944214,0.13074441254138947,-0.6394733190536499,0.5154038667678833,0.1275436133146286,-0.6400405764579773,0.505085289478302,0.12503808736801147,-0.6403498649597168,0.6241632699966431,0.16055192053318024,-0.3982228636741638,0.49863117933273315,0.13837102055549622,-0.37394610047340393,0.5675429701805115,0.22978396713733673,-0.5824119448661804,0.5184681415557861,0.2186644822359085,-0.5794984102249146,0.678331196308136,0.34527483582496643,-0.25143733620643616,0.40432438254356384,0.31981784105300903,-0.2103068083524704,0.7693794369697571,0.5628465414047241,-0.4510001540184021,0.23398944735527039,0.5430644154548645,-0.3677217364311218,0.7091875076293945,0.6118999123573303,-0.91661536693573,0.278159499168396,0.5600906610488892,-0.8243023753166199,0.7178493738174438,0.6395487189292908,-1.0172438621520996,0.2650104761123657,0.5841864943504333,-0.9353216886520386,0.673102080821991,0.6018345355987549,-1.0323870182037354,0.3087019920349121,0.5448761582374573,-0.9546006321907043,0.6606447100639343,0.5966013073921204,-0.9286141395568848,0.3269507586956024,0.540769636631012,-0.8452073335647583,0.5838599801063538,0.7799652814865112,0.03193136304616928,0.409796804189682,0.7646417617797852,-0.0322704091668129,0.7208293080329895,1.011722207069397,-0.04756799712777138,0.3020589053630829,0.9271498918533325,-0.5414315462112427,0.6283115148544312,1.2850114107131958,0.26096802949905396,0.3630548119544983,1.2941416501998901,-0.2560950219631195,0.6024530529975891,1.3267059326171875,0.2811216115951538,0.3775121867656708,1.341315507888794,-0.2283145934343338,0.611064076423645,1.4173651933670044,0.13261756300926208,0.37845945358276367,1.4543757438659668,-0.39164236187934875
frame_00207.jpg,0.5407463312149048,0.17648978531360626,-0.7639282941818237,0.5729650259017944,0.13437920808792114,-0.7254489064216614,0.5891109704971313,0.137618288397789,-0.7260212898254395,0.6007749438285828,0.14065517485141754,-0.7259361743927002,0.5284648537635803,0.12520219385623932,-0.7215615510940552,0.5153407454490662,0.1218566745519638,-0.7222129702568054,0.5050750374794006,0.11922621726989746,-0.7225509881973267,0.6244081854820251,0.1571262627840042,-0.4504724144935608,0.49864521622657776,0.1343817561864853,-0.4353792071342468,0.5676655173301697,0.22745130956172943,-0.6524257659912109,0.518446683883667,0.21514388918876648,-0.6526313424110413,0.678031325340271,0.3434330224990845,-0.25228697061538696,0.40366610884666443,0.31870096921920776,-0.24080915749073029,0.7620428800582886,0.5843137502670288,-0.4892446994781494,0.23515670001506805,0.542140007019043,-0.40488094091415405,0.7149100303649902,0.6099585294723511,-0.9183822870254517,0.2664717435836792,0.5883516669273376,-0.9009209871292114,0.7268683910369873,0.5876492857933044,-1.0344102382659912,0.2617955505847931,0.6179810166358948,-1.0218267440795898,0.7053127884864807,0.5456214547157288,-1.1053160429000854,0.287479966878891,0.5747345685958862,-1.0444326400756836,0.6881396770477295,0.5663347840309143,-0.9687038660049438,0.30377158522605896,0.568556010723114,-0.9252771139144897,0.5813038349151611,0.7782359719276428,0.02523181401193142,0.40979552268981934,0.7598989605903625,-0.025587011128664017,0.7302801012992859,0.9858621954917908,-0.15844550728797913,0.24952812492847443,0.8107038736343384,-0.5371838808059692,0.6000860929489136,1.223480463027954,0.19718331098556519,0.36129459738731384,1.2052536010742188,-0.11158789694309235,0.5679884552955627,1.2569881677627563,0.2236359864473343,0.37448543310165405,1.2486320734024048,-0.06716054677963257,0.5675884485244751,1.3402934074401855,0.03580708056688309,0.36919480562210083,1.3591986894607544,-0.23339083790779114
frame_00208.jpg,0.5406608581542969,0.175119549036026,-0.6746810674667358,0.5722230672836304,0.13344985246658325,-0.6388441324234009,0.5883114337921143,0.13670143485069275,-0.6394298672676086,0.6003003120422363,0.1398959457874298,-0.6393818259239197,0.5280758142471313,0.12442908436059952,-0.6362958550453186,0.5149745345115662,0.12125013023614883,-0.6369386911392212,0.5047839283943176,0.11879011988639832,-0.6372712850570679,0.6235226392745972,0.15589408576488495,-0.38881561160087585,0.4983157217502594,0.13377048075199127,-0.37949007749557495,0.5674350261688232,0.2260759025812149,-0.5734462141990662,0.5181313157081604,0.2139049917459488,-0.5747977495193481,0.6758740544319153,0.34251368045806885,-0.22556531429290771,0.40181222558021545,0.31723034381866455,-0.2142844945192337,0.754817545413971,0.5654364228248596,-0.41167697310447693,0.23579207062721252,0.5408419966697693,-0.34636327624320984,0.7208688259124756,0.6028515696525574,-0.8866581916809082,0.26478591561317444,0.5919718146324158,-0.7977584600448608,0.7462087869644165,0.5437946915626526,-0.9915076494216919,0.26150214672088623,0.623416006565094,-0.901616096496582,0.7257174253463745,0.5162715315818787,-1.0200515985488892,0.2828029990196228,0.5841986536979675,-0.9339104890823364,0.6976653337478638,0.5448657274246216,-0.9077973365783691,0.29972201585769653,0.5787728428840637,-0.8231148719787598,0.576151967048645,0.7740684151649475,0.0253743976354599,0.4097863733768463,0.7533366084098816,-0.025744831189513206,0.7765873074531555,0.9137392044067383,-0.21219727396965027,0.2412533462047577,0.7542372345924377,-0.4969814717769623,0.585873007774353,1.1367652416229248,0.08748100697994232,0.3592289090156555,1.1109646558761597,-0.11403469741344452,0.542001485824585,1.1592763662338257,0.1124933734536171,0.37267258763313293,1.1505961418151855,-0.07407356798648834,0.5553645491600037,1.2557226419448853,-0.041797373443841934,0.36363843083381653,1.2498477697372437,-0.21165499091148376
frame_00209.jpg,0.5395513772964478,0.1738167405128479,-0.7021671533584595,0.5713294744491577,0.13194672763347626,-0.6650873422622681,0.5879168510437012,0.1351940631866455,-0.6657112240791321,0.6000581383705139,0.1382932960987091,-0.665673017501831,0.5258484482765198,0.12323474884033203,-0.6621917486190796,0.513155460357666,0.1203298419713974,-0.6628259420394897,0.5031054615974426,0.11810269206762314,-0.6631739735603333,0.6232408285140991,0.15417344868183136,-0.4089382588863373,0.4964018762111664,0.1329006850719452,-0.3849177956581116,0.566670835018158,0.2254243940114975,-0.6000915169715881,0.5159803032875061,0.21331331133842468,-0.6007126569747925,0.6739031076431274,0.34216398000717163,-0.24677559733390808,0.39889243245124817,0.3171539902687073,-0.23623406887054443,0.7249786853790283,0.5890557169914246,-0.4074746072292328,0.23581168055534363,0.5422525405883789,-0.3520921468734741,0.728023886680603,0.5786468386650085,-0.8504526019096375,0.2605031728744507,0.592259407043457,-0.7511558532714844,0.7631075382232666,0.509696900844574,-0.9437531232833862,0.25930774211883545,0.6206979155540466,-0.8424385786056519,0.735954999923706,0.48198527097702026,-0.9685006141662598,0.2783539295196533,0.5823352932929993,-0.873740017414093,0.7023900747299194,0.5105805993080139,-0.868095874786377,0.29498544335365295,0.5774703621864319,-0.774387001991272,0.5729858875274658,0.7671012282371521,0.02629878558218479,0.4089328348636627,0.746565580368042,-0.026726584881544113,0.7826347947120667,0.8849448561668396,-0.1768847405910492,0.25094425678253174,0.7786787748336792,-0.40155529975891113,0.5555014610290527,1.0487669706344604,0.15872476994991302,0.32735803723335266,1.0745582580566406,-0.036524221301078796,0.5053279399871826,1.0592044591903687,0.18821197748184204,0.3418504297733307,1.1096221208572388,0.003433657344430685,0.5243946313858032,1.1584492921829224,0.0485735721886158,0.311801940202713,1.198291540145874,-0.1043955460190773
frame_00210.jpg,0.539018988609314,0.17244590818881989,-0.673376739025116,0.5711727738380432,0.13054399192333221,-0.6377910375595093,0.58780437707901,0.13362932205200195,-0.6384255290031433,0.5999155640602112,0.13656190037727356,-0.6384536027908325,0.5254718661308289,0.12178432196378708,-0.6368069052696228,0.5127502083778381,0.11881370842456818,-0.6374946236610413,0.5027273893356323,0.11649511009454727,-0.6378660202026367,0.6228888034820557,0.1525261551141739,-0.39583441615104675,0.4957613945007324,0.1308908611536026,-0.3876713514328003,0.5661371350288391,0.224246084690094,-0.5761128067970276,0.5149470567703247,0.21218353509902954,-0.5794215798377991,0.6731400489807129,0.34220650792121887,-0.23431940376758575,0.39815932512283325,0.316135048866272,-0.23380346596240997,0.7167961597442627,0.6071738600730896,-0.39900580048561096,0.23464293777942657,0.5437823534011841,-0.33306077122688293,0.7298864126205444,0.5530144572257996,-0.8517562747001648,0.2608667314052582,0.5931870937347412,-0.720306396484375,0.769053041934967,0.48393142223358154,-0.9459689259529114,0.26496511697769165,0.617790162563324,-0.8103860020637512,0.7377577424049377,0.45207586884498596,-0.9681174159049988,0.2797941267490387,0.5814015865325928,-0.8369382619857788,0.7062631845474243,0.4791869819164276,-0.8684152364730835,0.2947305142879486,0.5764427185058594,-0.7416051030158997,0.5722059607505798,0.7645529508590698,0.028744464740157127,0.4089297354221344,0.7444331645965576,-0.029198121279478073,0.779975175857544,0.8778708577156067,-0.14576487243175507,0.25652840733528137,0.7628851532936096,-0.3985629081726074,0.5567684769630432,1.0481268167495728,0.19537672400474548,0.294341504573822,1.0640672445297241,-0.049806129187345505,0.5100899934768677,1.0607811212539673,0.2161933183670044,0.3044833540916443,1.1018611192703247,-0.012564977630972862,0.5236635804176331,1.1567230224609375,0.10070843994617462,0.2708473801612854,1.183488368988037,-0.13569502532482147
frame_00211.jpg,0.5382933020591736,0.16860845685005188,-0.6606258153915405,0.5706669092178345,0.1271248161792755,-0.6235900521278381,0.5873875021934509,0.12998491525650024,-0.6242140531539917,0.5995723009109497,0.13260143995285034,-0.624215841293335,0.5250279903411865,0.11847923696041107,-0.6231382489204407,0.5123788118362427,0.11550416052341461,-0.6238083839416504,0.5024623870849609,0.11301933974027634,-0.6241949796676636,0.6227456331253052,0.148957759141922,-0.38057395815849304,0.4956127107143402,0.12843011319637299,-0.37912312150001526,0.5656319260597229,0.22111330926418304,-0.5634767413139343,0.5146833062171936,0.20992834866046906,-0.5675200819969177,0.6710034012794495,0.34303149580955505,-0.2250777781009674,0.39809930324554443,0.3146520256996155,-0.22804684937000275,0.724331259727478,0.6211103796958923,-0.4278399348258972,0.23325097560882568,0.5420016646385193,-0.33511874079704285,0.7310824990272522,0.537294328212738,-0.9040741920471191,0.2595612108707428,0.5964952111244202,-0.7190107107162476,0.7724424004554749,0.4607376754283905,-1.003812551498413,0.2643188238143921,0.6263046264648438,-0.8115986585617065,0.7374520301818848,0.42874661087989807,-1.0227291584014893,0.2810666263103485,0.5813773274421692,-0.8319592475891113,0.7051758766174316,0.4641590714454651,-0.9200693964958191,0.29416272044181824,0.5758168697357178,-0.7383943796157837,0.5668687224388123,0.7658308744430542,0.02918785810470581,0.40506619215011597,0.7451076507568359,-0.029658187180757523,0.7501798868179321,0.9003234505653381,-0.027407104149460793,0.25909802317619324,0.7818360924720764,-0.3127672076225281,0.5498318076133728,1.0921655893325806,0.3205444812774658,0.2844391465187073,1.0991240739822388,0.019511431455612183,0.5104271173477173,1.110601544380188,0.35024064779281616,0.29244208335876465,1.1389156579971313,0.05427507683634758,0.5122368335723877,1.2083640098571777,0.24355387687683105,0.2632054388523102,1.229225516319275,-0.06033935397863388
frame_00212.jpg,0.5378541946411133,0.16096238791942596,-0.7498205304145813,0.5703960061073303,0.11996180564165115,-0.7026951313018799,0.587349534034729,0.12299942225217819,-0.7033260464668274,0.59958815574646,0.1251516491174698,-0.7033010721206665,0.5246783494949341,0.11078112572431564,-0.7044317126274109,0.5117490887641907,0.10729220509529114,-0.7050771713256836,0.5010885000228882,0.10398708283901215,-0.7054775953292847,0.6231304407119751,0.14229632914066315,-0.41035324335098267,0.4936462938785553,0.11854943633079529,-0.42410534620285034,0.5654246807098389,0.2146478295326233,-0.6359614729881287,0.5135181546211243,0.20392237603664398,-0.6434878706932068,0.6686547994613647,0.34207719564437866,-0.23139524459838867,0.39529654383659363,0.314118355512619,-0.24665269255638123,0.7283365726470947,0.6310901641845703,-0.5015915036201477,0.23097765445709229,0.5420982837677002,-0.39062726497650146,0.7324410676956177,0.5071848034858704,-1.0505326986312866,0.2565274238586426,0.5954188704490662,-0.8083804845809937,0.7716033458709717,0.4208376109600067,-1.1616860628128052,0.2627078890800476,0.6235939264297485,-0.910849392414093,0.7367331981658936,0.3947845697402954,-1.1729581356048584,0.27988123893737793,0.5802093148231506,-0.9166714549064636,0.7033946514129639,0.4375555217266083,-1.065006136894226,0.28873082995414734,0.5724513530731201,-0.8245317339897156,0.5638479590415955,0.7666378021240234,0.030380025506019592,0.40204086899757385,0.7457422614097595,-0.030830368399620056,0.7285840511322021,0.9022647142410278,0.015615050680935383,0.25983285903930664,0.7991830706596375,-0.3500286042690277,0.558755099773407,1.1151100397109985,0.43206244707107544,0.2886632978916168,1.1178027391433716,0.058168552815914154,0.5210971236228943,1.1381137371063232,0.46672719717025757,0.29783064126968384,1.1585558652877808,0.09906750172376633,0.5244426131248474,1.2324869632720947,0.3211011290550232,0.27381521463394165,1.2523146867752075,-0.04594401642680168
frame_00213.jpg,0.537604808807373,0.15310317277908325,-0.7503592371940613,0.5701048970222473,0.11222460865974426,-0.701347291469574,0.5871744751930237,0.11520007997751236,-0.7019563913345337,0.5995814204216003,0.11666156351566315,-0.7019120454788208,0.5245373845100403,0.10169811546802521,-0.7025448083877563,0.511501669883728,0.09795217961072922,-0.7031642198562622,0.5007082223892212,0.09482575207948685,-0.7035362124443054,0.623228907585144,0.13315218687057495,-0.40097135305404663,0.4933798909187317,0.1100396066904068,-0.41633081436157227,0.5654006600379944,0.20694510638713837,-0.6345824003219604,0.5130678415298462,0.19654706120491028,-0.6412138938903809,0.6687883138656616,0.342288076877594,-0.22490186989307404,0.39459389448165894,0.3134104907512665,-0.23668965697288513,0.7267731428146362,0.6349266171455383,-0.4994015097618103,0.2311033308506012,0.541920006275177,-0.402457058429718,0.7319325804710388,0.520927369594574,-1.0340244770050049,0.2558533549308777,0.5940728783607483,-0.8814651370048523,0.7671568393707275,0.4452749490737915,-1.1467483043670654,0.2612147927284241,0.6221268177032471,-0.9962337613105774,0.7311710119247437,0.4110514521598816,-1.1604633331298828,0.2793728709220886,0.5773099064826965,-1.0112602710723877,0.7009829878807068,0.4524504244327545,-1.0494223833084106,0.28763890266418457,0.5680004358291626,-0.9017033576965332,0.5646325945854187,0.7743963599205017,0.03130684792995453,0.4022473692893982,0.749409019947052,-0.03171858191490173,0.741266667842865,0.9098365306854248,-0.1320285201072693,0.261371910572052,0.807274580001831,-0.4516637921333313,0.5797269344329834,1.1271082162857056,0.2945585548877716,0.30829739570617676,1.123354434967041,-0.0010510272113606334,0.5431665182113647,1.1588904857635498,0.3330865502357483,0.3212125897407532,1.1635515689849854,0.0428682304918766,0.5457257032394409,1.2471553087234497,0.15996433794498444,0.29742521047592163,1.259786605834961,-0.10193328559398651
frame_00214.jpg,0.537697434425354,0.1489199697971344,-0.7467209696769714,0.5700965523719788,0.1074296161532402,-0.6999300718307495,0.587195098400116,0.11076276749372482,-0.7005491852760315,0.5998083353042603,0.11265401542186737,-0.7005194425582886,0.5248502492904663,0.09463656693696976,-0.7020134329795837,0.5116448998451233,0.090459905564785,-0.7026339769363403,0.5007555484771729,0.08760437369346619,-0.7030159831047058,0.6232731342315674,0.12847866117954254,-0.40469059348106384,0.49341922998428345,0.10327091813087463,-0.4008185863494873,0.5656630396842957,0.20055679976940155,-0.6335058808326721,0.5131585597991943,0.19008541107177734,-0.6402640342712402,0.6736719012260437,0.34197181463241577,-0.24477382004261017,0.3940809369087219,0.31288570165634155,-0.22149117290973663,0.733120322227478,0.5450983643531799,-0.48646020889282227,0.23126628994941711,0.538547933101654,-0.3709726333618164,0.7031294107437134,0.556348443031311,-0.9537585973739624,0.25620388984680176,0.5932263731956482,-0.8339217901229858,0.6944161057472229,0.6180582046508789,-1.0633831024169922,0.2610783874988556,0.6216623783111572,-0.948531985282898,0.6690565347671509,0.5587102174758911,-1.084423303604126,0.27993518114089966,0.5770292282104492,-0.9776390790939331,0.6636490821838379,0.5483976006507874,-0.9704684019088745,0.28819262981414795,0.5675384402275085,-0.8588647842407227,0.5710496306419373,0.7700937986373901,0.020986119285225868,0.40897026658058167,0.7492236495018005,-0.021347686648368835,0.7443960309028625,0.9139692187309265,-0.12063127756118774,0.2389896810054779,0.7626081109046936,-0.525902271270752,0.6165875196456909,1.1299872398376465,0.31210222840309143,0.3416852355003357,1.119241714477539,-0.1061253771185875,0.586042582988739,1.1660650968551636,0.34743648767471313,0.37036338448524475,1.1587108373641968,-0.06088130548596382,0.592593252658844,1.2507156133651733,0.19949352741241455,0.3357475697994232,1.2647472620010376,-0.1906048059463501
frame_00215.jpg,0.5376872420310974,0.145270437002182,-0.8167237043380737,0.5700777173042297,0.10287667065858841,-0.7669148445129395,0.5871890783309937,0.10651210695505142,-0.7675839066505432,0.5998756289482117,0.1087854653596878,-0.7674682140350342,0.5248183608055115,0.08898694813251495,-0.7628840804100037,0.5114818811416626,0.08447962254285812,-0.7634111642837524,0.5003304481506348,0.08154676109552383,-0.7637127637863159,0.6230305433273315,0.12535715103149414,-0.4675324559211731,0.4916062355041504,0.0979689434170723,-0.44871848821640015,0.5656182765960693,0.19703538715839386,-0.7008352875709534,0.5126630663871765,0.18480540812015533,-0.7001670598983765,0.6737058758735657,0.3327503204345703,-0.32034820318222046,0.39329755306243896,0.31249552965164185,-0.258782297372818,0.7568061947822571,0.5239954590797424,-0.5576983690261841,0.23102207481861115,0.5351458191871643,-0.4500492513179779,0.7042524814605713,0.5701423287391663,-1.0815091133117676,0.2564561665058136,0.5889135003089905,-0.9321814775466919,0.7093435525894165,0.6308405995368958,-1.2065989971160889,0.2587108612060547,0.6209080815315247,-1.0537773370742798,0.6729182004928589,0.594729483127594,-1.2270123958587646,0.28017958998680115,0.5746596455574036,-1.0841974020004272,0.6651501059532166,0.5840675830841064,-1.0989676713943481,0.2886371612548828,0.5653625726699829,-0.9590764045715332,0.5741499662399292,0.7702124714851379,0.020997729152441025,0.40965142846107483,0.7493034601211548,-0.021382123231887817,0.7366787195205688,0.9478475451469421,-0.0985596776008606,0.24310842156410217,0.7757421135902405,-0.5281394720077515,0.6129938960075378,1.2007349729537964,0.31011122465133667,0.346331924200058,1.1592426300048828,-0.14796562492847443,0.5825616717338562,1.2377127408981323,0.3428134322166443,0.36961057782173157,1.2046339511871338,-0.10953556001186371,0.5902025103569031,1.3407437801361084,0.19172625243663788,0.3397447168827057,1.321130394935608,-0.2370896339416504
frame_00216.jpg,0.5371703505516052,0.14430351555347443,-0.804358184337616,0.5693931579589844,0.10184784233570099,-0.7558006048202515,0.5866576433181763,0.1052427664399147,-0.7564778327941895,0.5995664596557617,0.10721268504858017,-0.7563773989677429,0.5243592262268066,0.08896258473396301,-0.7505584359169006,0.5108002424240112,0.08465176075696945,-0.7510931491851807,0.49917441606521606,0.08160436153411865,-0.7513916492462158,0.621893048286438,0.12352277338504791,-0.46679210662841797,0.4895881712436676,0.0975908488035202,-0.44380754232406616,0.5650652647018433,0.19599789381027222,-0.692305326461792,0.5116626024246216,0.18345946073532104,-0.6899347305297852,0.6735414266586304,0.3294852674007416,-0.33205780386924744,0.39327532052993774,0.3109566867351532,-0.2625904679298401,0.761780858039856,0.514316976070404,-0.5869668126106262,0.23101358115673065,0.5292580723762512,-0.48247724771499634,0.7050657868385315,0.5619927644729614,-1.1125235557556152,0.2556968629360199,0.577009379863739,-0.9871706962585449,0.7136445045471191,0.606774091720581,-1.2373828887939453,0.2505109906196594,0.6107841730117798,-1.1123470067977905,0.6741390824317932,0.5799868106842041,-1.2554742097854614,0.2793656289577484,0.5691052675247192,-1.1396689414978027,0.6632475256919861,0.5753015875816345,-1.129421591758728,0.288947731256485,0.5626885294914246,-1.0143629312515259,0.5721908807754517,0.7751745581626892,0.021229522302746773,0.4090619683265686,0.7509173154830933,-0.021617669612169266,0.6944062113761902,1.0095800161361694,-0.000522380112670362,0.276945561170578,0.8346386551856995,-0.4921904504299164,0.6053707003593445,1.2361849546432495,0.4188387393951416,0.3444402813911438,1.1844158172607422,-0.1373278796672821,0.5781224966049194,1.2669034004211426,0.4512345790863037,0.36619848012924194,1.2269957065582275,-0.09258072823286057,0.5805546045303345,1.374591588973999,0.31348153948783875,0.33615586161613464,1.3455580472946167,-0.2225121706724167
frame_00217.jpg,0.53720623254776,0.14470335841178894,-0.7674274444580078,0.5692793130874634,0.10213430225849152,-0.7115971446037292,0.5865112543106079,0.10530051589012146,-0.7122265100479126,0.5994606614112854,0.10710498690605164,-0.7121282815933228,0.5243439674377441,0.09010769426822662,-0.7072726488113403,0.5107157826423645,0.08596861362457275,-0.7077604532241821,0.4989317059516907,0.08308982104063034,-0.7079870104789734,0.6212777495384216,0.12312696874141693,-0.4091210961341858,0.4886346459388733,0.09931863099336624,-0.39107203483581543,0.5650597810745239,0.19634386897087097,-0.6500991582870483,0.5116943120956421,0.18427017331123352,-0.6485427618026733,0.6734009385108948,0.325226366519928,-0.28434112668037415,0.3933297097682953,0.31027740240097046,-0.23109781742095947,0.7628592252731323,0.5068151950836182,-0.5802536606788635,0.23868277668952942,0.5255109667778015,-0.46284598112106323,0.7067497968673706,0.5616620779037476,-1.0688507556915283,0.26324713230133057,0.5198372006416321,-0.9736925363540649,0.7180367112159729,0.6136511564254761,-1.1860913038253784,0.249482661485672,0.5493819713592529,-1.0989118814468384,0.6729747653007507,0.5864676833152771,-1.2044408321380615,0.2944333851337433,0.5413781404495239,-1.1247648000717163,0.6618387699127197,0.5773124098777771,-1.0851513147354126,0.3132445812225342,0.5396578907966614,-0.9997264742851257,0.577176570892334,0.7749120593070984,0.022748436778783798,0.40904563665390015,0.7539690732955933,-0.023186739534139633,0.7406916618347168,0.9368630051612854,-0.2069946527481079,0.28759074211120605,0.8331392407417297,-0.533349871635437,0.6145946979522705,1.224111557006836,0.11575691401958466,0.3500087559223175,1.1811578273773193,-0.17794421315193176,0.5794610977172852,1.2636445760726929,0.14036652445793152,0.3702513873577118,1.221945881843567,-0.1406608670949936,0.605368971824646,1.3508758544921875,0.013707973062992096,0.3422851264476776,1.3360670804977417,-0.2571023106575012
frame_00218.jpg,0.5372024178504944,0.14520487189292908,-0.9230033159255981,0.5692636966705322,0.10292907059192657,-0.8694666028022766,0.5864855051040649,0.1061064675450325,-0.8701444864273071,0.5994588136672974,0.10794869810342789,-0.8700423240661621,0.5242764949798584,0.09132860600948334,-0.8636986017227173,0.510574996471405,0.08729437738656998,-0.8642191886901855,0.4987167716026306,0.0844501405954361,-0.8645256757736206,0.6212161779403687,0.12413784861564636,-0.5467391014099121,0.48799723386764526,0.10051224380731583,-0.5228332281112671,0.5649641156196594,0.19680960476398468,-0.7974780201911926,0.5115573406219482,0.18415050208568573,-0.7945606708526611,0.6731569170951843,0.32446733117103577,-0.3929062485694885,0.3936205506324768,0.3087731897830963,-0.3345383405685425,0.76139235496521,0.507830798625946,-0.6857365369796753,0.2442888766527176,0.5246940851211548,-0.6448427438735962,0.7082328796386719,0.5626491904258728,-1.2602534294128418,0.2729797959327698,0.4931020736694336,-1.2714468240737915,0.7194355726242065,0.6219377517700195,-1.3999207019805908,0.24961617588996887,0.5297092199325562,-1.428022861480713,0.6704487800598145,0.5917336344718933,-1.4236037731170654,0.3049871027469635,0.5289258360862732,-1.4493801593780518,0.6601503491401672,0.5809101462364197,-1.28083074092865,0.3270725905895233,0.5276099443435669,-1.2996132373809814,0.5812464356422424,0.7745838761329651,0.022569026798009872,0.4093681275844574,0.7539979219436646,-0.02299259603023529,0.7405763268470764,0.9437415599822998,-0.17852547764778137,0.2900844216346741,0.8409767150878906,-0.5556849241256714,0.6269233226776123,1.2118314504623413,0.34004971385002136,0.3595287501811981,1.1806591749191284,-0.14874443411827087,0.5962646007537842,1.247835636138916,0.376822292804718,0.37976089119911194,1.2228758335113525,-0.11182226985692978,0.6183454394340515,1.3422894477844238,0.22419330477714539,0.3571451008319855,1.3315074443817139,-0.24709749221801758
frame_00219.jpg,0.5371601581573486,0.14440689980983734,-0.901086688041687,0.5687931776046753,0.10175175219774246,-0.8497449159622192,0.5860632658004761,0.10488977283239365,-0.8504607081413269,0.5991917848587036,0.10681645572185516,-0.8503532409667969,0.5241397023200989,0.09110315889120102,-0.8450286984443665,0.5102556943893433,0.0873565673828125,-0.8455013036727905,0.498068243265152,0.0846174955368042,-0.8458302617073059,0.6198852062225342,0.12270554155111313,-0.5383435487747192,0.4858541488647461,0.10074024647474289,-0.51914381980896,0.5646916031837463,0.19563014805316925,-0.7798136472702026,0.5111303925514221,0.18327125906944275,-0.7784934639930725,0.6713952422142029,0.32363420724868774,-0.3917544484138489,0.393656462430954,0.3085709512233734,-0.3264615535736084,0.7611857056617737,0.5095850825309753,-0.6627457141876221,0.24838542938232422,0.5247647166252136,-0.6204150915145874,0.7091986536979675,0.5650428533554077,-1.223196029663086,0.2750309407711029,0.5066463351249695,-1.2228063344955444,0.7209724187850952,0.6250343918800354,-1.3586938381195068,0.25061577558517456,0.528809130191803,-1.371802568435669,0.6694566607475281,0.5951822996139526,-1.3805897235870361,0.3065774440765381,0.5217501521110535,-1.3933842182159424,0.65961754322052,0.5858108401298523,-1.2423837184906006,0.32851988077163696,0.5228149890899658,-1.2506217956542969,0.5810845494270325,0.774299681186676,0.022613903507590294,0.40919262170791626,0.7540369033813477,-0.023022865876555443,0.7230004072189331,0.9837943315505981,-0.02725875936448574,0.31509995460510254,0.888458251953125,-0.5638874173164368,0.6254012584686279,1.2344880104064941,0.4547446668148041,0.3665925860404968,1.2056094408035278,-0.17291520535945892,0.5989425182342529,1.268908143043518,0.49112945795059204,0.3843972086906433,1.2487620115280151,-0.13590596616268158,0.6130080223083496,1.3762519359588623,0.3468759059906006,0.37044745683670044,1.3588887453079224,-0.28761911392211914
frame_00220.jpg,0.5370387434959412,0.14433512091636658,-0.8583284616470337,0.5683425068855286,0.10106893628835678,-0.8089101910591125,0.5856892466545105,0.10412037372589111,-0.8096112012863159,0.5990150570869446,0.10610001534223557,-0.8095136880874634,0.5239847898483276,0.0910649523139,-0.8042119145393372,0.5099813938140869,0.08749061077833176,-0.8047119975090027,0.4976705014705658,0.08481594175100327,-0.8050438761711121,0.6195951700210571,0.12222928553819656,-0.5095005631446838,0.4847976565361023,0.10107024013996124,-0.4903647303581238,0.5644794702529907,0.19529499113559723,-0.7416386604309082,0.5106288194656372,0.18344688415527344,-0.7401896119117737,0.6711092591285706,0.3239368498325348,-0.3716200590133667,0.39359140396118164,0.3083195090293884,-0.30529966950416565,0.7602915167808533,0.5154611468315125,-0.6370402574539185,0.24713456630706787,0.5354728698730469,-0.579181969165802,0.7094215154647827,0.5658971071243286,-1.1817470788955688,0.2822529673576355,0.5033700466156006,-1.151641607284546,0.7226036190986633,0.6245378851890564,-1.3131396770477295,0.2572222352027893,0.5210573077201843,-1.291264295578003,0.6704062223434448,0.5958250164985657,-1.3320083618164062,0.3152482807636261,0.5116757154464722,-1.3108618259429932,0.6592310667037964,0.5887843370437622,-1.1994173526763916,0.3337501883506775,0.5122849345207214,-1.177733302116394,0.5802801847457886,0.7751848101615906,0.022341545671224594,0.40748780965805054,0.754650890827179,-0.02272661030292511,0.7153084874153137,0.995315432548523,-0.014904176816344261,0.30678611993789673,0.8717657923698425,-0.5346599817276001,0.619827151298523,1.2291051149368286,0.4011334478855133,0.3639361262321472,1.1981021165847778,-0.1547766476869583,0.5973610281944275,1.2610517740249634,0.4331847131252289,0.38117051124572754,1.2412810325622559,-0.11757300794124603,0.6065024137496948,1.3712882995605469,0.3017670214176178,0.36510881781578064,1.3510135412216187,-0.273955762386322
frame_00221.jpg,0.5370226502418518,0.14383962750434875,-0.8439375758171082,0.568092405796051,0.10026553273200989,-0.7977248430252075,0.5854601263999939,0.10340111702680588,-0.7983312010765076,0.5989223718643188,0.10560610890388489,-0.7982386350631714,0.5240312814712524,0.09042245894670486,-0.7934427261352539,0.510021448135376,0.08687468618154526,-0.7940064668655396,0.4977191090583801,0.08422742784023285,-0.7942789196968079,0.6193250417709351,0.12215789407491684,-0.5016771554946899,0.4849146902561188,0.10074808448553085,-0.47924137115478516,0.5644122362136841,0.19439652562141418,-0.7301309108734131,0.5105313062667847,0.18241697549819946,-0.729284405708313,0.6711121201515198,0.32413461804389954,-0.36088043451309204,0.39362406730651855,0.3085095286369324,-0.2837110757827759,0.7606823444366455,0.5182958841323853,-0.6189762353897095,0.24154308438301086,0.5421901345252991,-0.5528682470321655,0.7098153829574585,0.5715053677558899,-1.149092435836792,0.2817184627056122,0.5117064118385315,-1.1309882402420044,0.7232850193977356,0.6261481046676636,-1.277596354484558,0.26298344135284424,0.5281735062599182,-1.2714647054672241,0.6707729697227478,0.5972470641136169,-1.296804428100586,0.31467634439468384,0.5046093463897705,-1.2901976108551025,0.6597257256507874,0.591947615146637,-1.1666914224624634,0.3306520879268646,0.5054493546485901,-1.1567866802215576,0.578844428062439,0.7794795632362366,0.022151250392198563,0.4073699414730072,0.7569218277931213,-0.022518929094076157,0.7120656371116638,1.0075782537460327,0.012421471998095512,0.28340086340904236,0.8291097283363342,-0.5278951525688171,0.6164838075637817,1.2272142171859741,0.46912264823913574,0.3114611804485321,1.1557830572128296,-0.14676839113235474,0.5947297811508179,1.253311276435852,0.5051360726356506,0.3244679272174835,1.2007156610488892,-0.10956642776727676,0.5926424264907837,1.3583425283432007,0.3560395836830139,0.2922665774822235,1.3009955883026123,-0.256641685962677
frame_00222.jpg,0.5364542007446289,0.14283490180969238,-0.8353592157363892,0.5677556395530701,0.09987131506204605,-0.787933886051178,0.5850783586502075,0.10344571620225906,-0.7885746955871582,0.5987126231193542,0.10590466111898422,-0.7884809970855713,0.523983359336853,0.08928191661834717,-0.7836376428604126,0.5100085735321045,0.0857163742184639,-0.7841826677322388,0.497714102268219,0.08299215883016586,-0.7844853401184082,0.6192247271537781,0.12235787510871887,-0.4927747845649719,0.4849979877471924,0.10004989802837372,-0.4731230139732361,0.563191294670105,0.19380803406238556,-0.7209776043891907,0.509095311164856,0.1813230961561203,-0.7203184962272644,0.6708053350448608,0.3250557780265808,-0.3503602147102356,0.39288750290870667,0.3080563545227051,-0.2820661664009094,0.7607280015945435,0.5213410258293152,-0.5980809926986694,0.23806457221508026,0.5416151285171509,-0.5264328718185425,0.7115676999092102,0.5717266201972961,-1.1227258443832397,0.26986339688301086,0.5340430736541748,-1.028287649154663,0.723476231098175,0.6260073781013489,-1.2502739429473877,0.26051315665245056,0.5541378855705261,-1.1510673761367798,0.6708018183708191,0.5954262614250183,-1.2721716165542603,0.2899368107318878,0.508516788482666,-1.1818228960037231,0.6598053574562073,0.5905322432518005,-1.1412417888641357,0.30379077792167664,0.5088225603103638,-1.0565237998962402,0.5759170651435852,0.7753152847290039,0.023173660039901733,0.406207799911499,0.7503422498703003,-0.02352127805352211,0.7209564447402954,0.9946619868278503,-0.01271432638168335,0.2710922062397003,0.8154745697975159,-0.5521354675292969,0.6258994340896606,1.2004356384277344,0.42814403772354126,0.310478150844574,1.1288628578186035,-0.14248129725456238,0.5990365743637085,1.225610375404358,0.46334248781204224,0.3271269202232361,1.1691480875015259,-0.10617951303720474,0.6144186854362488,1.3290702104568481,0.3155284821987152,0.29225313663482666,1.2791165113449097,-0.25400015711784363
frame_00223.jpg,0.5359178781509399,0.14246687293052673,-0.8343440294265747,0.5671123266220093,0.0995391383767128,-0.7850961089134216,0.5844096541404724,0.10333018749952316,-0.785759687423706,0.5980685353279114,0.10600391775369644,-0.7856613397598267,0.5233138799667358,0.08937356621026993,-0.7819560766220093,0.509364902973175,0.0859556570649147,-0.7824934720993042,0.49716097116470337,0.08327533304691315,-0.7828042507171631,0.6171199083328247,0.12267167866230011,-0.4896675646305084,0.48445290327072144,0.10029443353414536,-0.47634419798851013,0.562511682510376,0.19368784129619598,-0.7195612192153931,0.5082529783248901,0.18131239712238312,-0.7204699516296387,0.67063307762146,0.32666391134262085,-0.34513038396835327,0.39102703332901,0.30837762355804443,-0.28821682929992676,0.7608677744865417,0.5223872661590576,-0.5821139216423035,0.23248863220214844,0.5389153361320496,-0.4865392744541168,0.7143742442131042,0.5728513598442078,-1.1121063232421875,0.2689388394355774,0.5819452404975891,-0.9287298321723938,0.7272623181343079,0.6268728375434875,-1.241624355316162,0.2607467770576477,0.6191967129707336,-1.0447336435317993,0.671593427658081,0.596971869468689,-1.2635743618011475,0.29050159454345703,0.5701534152030945,-1.07536780834198,0.6601910591125488,0.5917258858680725,-1.13087797164917,0.30352434515953064,0.5644952654838562,-0.9548664093017578,0.5722314119338989,0.7730039954185486,0.02493690885603428,0.40309685468673706,0.7455826997756958,-0.02529623731970787,0.7268375754356384,0.9852211475372314,-0.018681777641177177,0.26995715498924255,0.8129621744155884,-0.5434472560882568,0.6327963471412659,1.2010204792022705,0.38630029559135437,0.2906969487667084,1.1342607736587524,-0.11011175811290741,0.6057850122451782,1.2281323671340942,0.4150959849357605,0.30255788564682007,1.175078272819519,-0.07042044401168823,0.6181327104568481,1.3307427167892456,0.23331420123577118,0.27240219712257385,1.2830320596694946,-0.22572295367717743
frame_00224.jpg,0.5356705188751221,0.14191721379756927,-0.9505578279495239,0.5667482614517212,0.0994814783334732,-0.9029202461242676,0.5839217305183411,0.1033802255988121,-0.9036458134651184,0.5975119471549988,0.10614695399999619,-0.9035735130310059,0.5229752063751221,0.08950065821409225,-0.8969857096672058,0.5090417861938477,0.08615905791521072,-0.8975396156311035,0.49699121713638306,0.08349663764238358,-0.8978760838508606,0.6158686876296997,0.12283008545637131,-0.6072457432746887,0.4844945967197418,0.10047896206378937,-0.5805371999740601,0.5621055364608765,0.19339591264724731,-0.8350957036018372,0.5078802108764648,0.18088729679584503,-0.8316405415534973,0.6702914237976074,0.3273889124393463,-0.44761690497398376,0.3900603950023651,0.3091046214103699,-0.3741944134235382,0.7606874704360962,0.5240738391876221,-0.699737548828125,0.23182353377342224,0.5362176299095154,-0.5971761345863342,0.714521586894989,0.5742166638374329,-1.2582979202270508,0.25791043043136597,0.5833871960639954,-1.1366335153579712,0.7275773286819458,0.6267291903495789,-1.3937970399856567,0.25003689527511597,0.6169759631156921,-1.2740309238433838,0.6719846725463867,0.6001757979393005,-1.4212634563446045,0.2792838215827942,0.5718134641647339,-1.3067189455032349,0.6604008674621582,0.5956666469573975,-1.2797096967697144,0.2918244004249573,0.5647306442260742,-1.1665092706680298,0.5716290473937988,0.7726766467094421,0.019988717511296272,0.40225014090538025,0.7430417537689209,-0.02038600668311119,0.7111400365829468,0.9906055331230164,-0.020877104252576828,0.26859089732170105,0.8174328207969666,-0.5361863374710083,0.6113070249557495,1.2029266357421875,0.4118906855583191,0.284166157245636,1.1348249912261963,-0.13348552584648132,0.5891197323799133,1.2295665740966797,0.4468047022819519,0.29698240756988525,1.1780940294265747,-0.09793923795223236,0.583327054977417,1.333412528038025,0.28579744696617126,0.2617148458957672,1.2869973182678223,-0.25937196612358093
frame_00225.jpg,0.5346651077270508,0.1411161720752716,-0.9333812594413757,0.566228985786438,0.0987638458609581,-0.8861616849899292,0.5835761427879333,0.10279294103384018,-0.8868797421455383,0.5972362160682678,0.1058044359087944,-0.8868222236633301,0.5214477181434631,0.0893244668841362,-0.8813802003860474,0.507636547088623,0.0861922949552536,-0.8819357752799988,0.49556678533554077,0.08359261602163315,-0.8822733163833618,0.6157197952270508,0.12305431067943573,-0.5966073274612427,0.48421066999435425,0.1006377786397934,-0.5745769739151001,0.5616480112075806,0.19304589927196503,-0.8202921152114868,0.5069103837013245,0.180525004863739,-0.8180629014968872,0.6697720885276794,0.3279208838939667,-0.4442698359489441,0.38977673649787903,0.30977487564086914,-0.373963862657547,0.7605063915252686,0.5245741009712219,-0.6893594861030579,0.23190727829933167,0.5350341200828552,-0.6018236875534058,0.7146564722061157,0.5747712850570679,-1.2344273328781128,0.24935773015022278,0.577286958694458,-1.143064260482788,0.7278412580490112,0.6263667345046997,-1.3653359413146973,0.23865282535552979,0.6083961129188538,-1.2774596214294434,0.6722482442855835,0.600394070148468,-1.3921828269958496,0.27113547921180725,0.5678064823150635,-1.3086252212524414,0.6605013608932495,0.5961570739746094,-1.255252480506897,0.28393715620040894,0.5627526640892029,-1.172051191329956,0.5711988210678101,0.7717511653900146,0.016133038327097893,0.40196138620376587,0.7419448494911194,-0.01655569300055504,0.7130752801895142,0.9677841663360596,-0.10079491138458252,0.24703529477119446,0.7768768668174744,-0.5534990429878235,0.6000401377677917,1.1737300157546997,0.33672693371772766,0.2765567898750305,1.1207925081253052,-0.19251284003257751,0.5730611681938171,1.2005637884140015,0.3716716170310974,0.2939918637275696,1.1689038276672363,-0.1582753211259842,0.5740008354187012,1.303492784500122,0.24325473606586456,0.24208645522594452,1.2636005878448486,-0.290877103805542
frame_00226.jpg,0.5342122316360474,0.14090320467948914,-0.9013253450393677,0.5657311677932739,0.09876499325037003,-0.8535060882568359,0.5826877355575562,0.10273689776659012,-0.8542212247848511,0.5957465767860413,0.10570058971643448,-0.854141116142273,0.520004391670227,0.0893658921122551,-0.848861813545227,0.5062167048454285,0.08648709952831268,-0.8494037389755249,0.49403151869773865,0.08407363295555115,-0.8497470617294312,0.6128460764884949,0.1232234537601471,-0.5660067796707153,0.4831514358520508,0.1014285609126091,-0.5435060262680054,0.5614511370658875,0.19297531247138977,-0.7881491184234619,0.5062205791473389,0.18062002956867218,-0.7862810492515564,0.6682175397872925,0.3292731046676636,-0.41913336515426636,0.38784903287887573,0.31164178252220154,-0.35169145464897156,0.7601267099380493,0.5241793990135193,-0.6589784026145935,0.23203912377357483,0.5318058729171753,-0.5753606557846069,0.7147436141967773,0.5758071541786194,-1.200724482536316,0.23948505520820618,0.5762544274330139,-1.1084526777267456,0.727822482585907,0.6268168091773987,-1.3379757404327393,0.2211088240146637,0.6064535975456238,-1.2405848503112793,0.6724061369895935,0.5989500284194946,-1.3548529148101807,0.25473204255104065,0.5675175786018372,-1.2715774774551392,0.6612152457237244,0.5946405529975891,-1.2193182706832886,0.2705199122428894,0.5620003938674927,-1.1374226808547974,0.5645867586135864,0.7753616571426392,0.016498569399118423,0.3958260416984558,0.7423396706581116,-0.01690196990966797,0.6658480167388916,1.0167016983032227,0.07684211432933807,0.24965155124664307,0.8092450499534607,-0.5050544142723083,0.5836874842643738,1.1999707221984863,0.5856251120567322,0.280254065990448,1.1268142461776733,-0.13930760324001312,0.5649238228797913,1.2206884622573853,0.6272986531257629,0.30021896958351135,1.1724437475204468,-0.1040927916765213,0.5561550855636597,1.3301783800125122,0.5076881051063538,0.2581789493560791,1.2693580389022827,-0.23382380604743958
frame_00227.jpg,0.5330455899238586,0.1416453868150711,-0.8533989191055298,0.5650322437286377,0.0996142327785492,-0.8088509440422058,0.5819416642189026,0.10344181209802628,-0.8095062375068665,0.5948955416679382,0.10625869780778885,-0.8093706369400024,0.5181257128715515,0.09144500643014908,-0.8040555119514465,0.5047453045845032,0.08917048573493958,-0.804608166217804,0.4927029609680176,0.08691493421792984,-0.8049395680427551,0.6129533052444458,0.1240350753068924,-0.5341565012931824,0.48304954171180725,0.10368526726961136,-0.5126052498817444,0.5610371828079224,0.19406214356422424,-0.7442964911460876,0.5050915479660034,0.18296286463737488,-0.7427568435668945,0.6674354672431946,0.33333075046539307,-0.3922460675239563,0.38725394010543823,0.31415238976478577,-0.3332666754722595,0.7599440217018127,0.5224327445030212,-0.5964189171791077,0.22526569664478302,0.5312033891677856,-0.5086718797683716,0.7163137197494507,0.58537358045578,-1.0549280643463135,0.24261760711669922,0.593134880065918,-0.9628381729125977,0.734521746635437,0.6257668733596802,-1.163271188735962,0.22587287425994873,0.624837338924408,-1.078458547592163,0.6863900423049927,0.5979011058807373,-1.18696928024292,0.2607644200325012,0.5949020385742188,-1.106575846672058,0.6716587543487549,0.59376060962677,-1.0727503299713135,0.27338922023773193,0.5884787440299988,-0.9891759753227234,0.5649469494819641,0.7746698260307312,0.0166898425668478,0.39612406492233276,0.7491142749786377,-0.017107607796788216,0.6807975172996521,1.0218924283981323,0.04317799583077431,0.2633891999721527,0.8537570834159851,-0.4743078649044037,0.6086596846580505,1.2403661012649536,0.4900655746459961,0.3348596692085266,1.1856268644332886,-0.05176012963056564,0.5924196243286133,1.2692221403121948,0.5256733894348145,0.3506675660610199,1.2225843667984009,-0.009738695807754993,0.5804731845855713,1.3722316026687622,0.38702458143234253,0.33856701850891113,1.3421038389205933,-0.147202730178833
frame_00228.jpg,0.532152533531189,0.1431664526462555,-0.8752596974372864,0.5645698308944702,0.10040854662656784,-0.8319195508956909,0.5816333889961243,0.10415659099817276,-0.8325851559638977,0.5946661233901978,0.10695839673280716,-0.8324861526489258,0.5163360834121704,0.09318065643310547,-0.8248120546340942,0.5031247138977051,0.09129928052425385,-0.8254235982894897,0.4911707937717438,0.08916942775249481,-0.8257755041122437,0.6131614446640015,0.12504449486732483,-0.5523449182510376,0.48285776376724243,0.10528002679347992,-0.5223141312599182,0.5608824491500854,0.19606910645961761,-0.7647475004196167,0.5042909979820251,0.18653692305088043,-0.7603052258491516,0.6674450635910034,0.33649617433547974,-0.39828506112098694,0.38699212670326233,0.31493550539016724,-0.33003440499305725,0.7598231434822083,0.522929847240448,-0.5960817337036133,0.22392864525318146,0.5281561613082886,-0.5100908279418945,0.7195751667022705,0.5849590301513672,-1.033428430557251,0.24395397305488586,0.5902140736579895,-0.9966088533401489,0.7344438433647156,0.6289619207382202,-1.1368553638458252,0.22827117145061493,0.6212810277938843,-1.1184608936309814,0.6991272568702698,0.5909402966499329,-1.1603918075561523,0.2631857991218567,0.5909484028816223,-1.1454637050628662,0.6901687979698181,0.5842981934547424,-1.0501662492752075,0.2736949920654297,0.5856977701187134,-1.0232311487197876,0.5651938319206238,0.7678531408309937,0.012800539843738079,0.39635932445526123,0.7499516606330872,-0.013154089450836182,0.6855499744415283,1.0145479440689087,0.05178721994161606,0.27142876386642456,0.8661461472511292,-0.3947833180427551,0.6098995208740234,1.2205854654312134,0.5461019277572632,0.3349713683128357,1.1755019426345825,0.028624866157770157,0.59375,1.2440146207809448,0.5875979065895081,0.34933048486709595,1.2044389247894287,0.07022440433502197,0.5818362236022949,1.34443998336792,0.45276570320129395,0.33522239327430725,1.3229037523269653,-0.07696747034788132
frame_00229.jpg,0.5309587717056274,0.14749054610729218,-0.9092249870300293,0.5639830231666565,0.10550787299871445,-0.8659746050834656,0.5811797976493835,0.10891350358724594,-0.8666480779647827,0.5941105484962463,0.11209641396999359,-0.8665471076965332,0.5152015686035156,0.09863631427288055,-0.8565421104431152,0.5020765066146851,0.09702866524457932,-0.857177734375,0.4905794560909271,0.0952577069401741,-0.8575604557991028,0.6132201552391052,0.13015839457511902,-0.5746704936027527,0.4829452633857727,0.11138667166233063,-0.5349053144454956,0.5601718425750732,0.20064210891723633,-0.7937361001968384,0.5039660930633545,0.19142195582389832,-0.7862563729286194,0.6678777933120728,0.3427668511867523,-0.4125808775424957,0.38696426153182983,0.3153998553752899,-0.32786285877227783,0.7554912567138672,0.527062177658081,-0.6507777571678162,0.22227707505226135,0.525762677192688,-0.5169510245323181,0.7210824489593506,0.5794128775596619,-1.1538952589035034,0.24215629696846008,0.5817373394966125,-1.0749173164367676,0.7362427711486816,0.5841973423957825,-1.2697665691375732,0.22495682537555695,0.6150095462799072,-1.2099889516830444,0.7073280811309814,0.5639776587486267,-1.300283670425415,0.2620205283164978,0.5894769430160522,-1.2380080223083496,0.6904823780059814,0.5685350298881531,-1.1754239797592163,0.276603102684021,0.5820891261100769,-1.1041290760040283,0.5697985291481018,0.7685676217079163,0.0033138312865048647,0.40265005826950073,0.7563508152961731,-0.003630013670772314,0.6883038878440857,1.039886236190796,0.02855769358575344,0.2764360308647156,0.8699604868888855,-0.39291754364967346,0.6178514361381531,1.2416139841079712,0.5232106447219849,0.34470081329345703,1.1741175651550293,0.08770471811294556,0.6060361266136169,1.26775062084198,0.5648891925811768,0.36129915714263916,1.2049994468688965,0.13468095660209656,0.5819294452667236,1.3622450828552246,0.4102504253387451,0.34331685304641724,1.3207409381866455,-0.017370501533150673
frame_00230.jpg,0.5305467844009399,0.15082795917987823,-0.6466206908226013,0.5638948678970337,0.10888669639825821,-0.5991252660751343,0.5810492038726807,0.11173941195011139,-0.5996829271316528,0.5938186645507812,0.1147434264421463,-0.5995310544967651,0.514656662940979,0.10310400277376175,-0.5925955176353455,0.5013653635978699,0.10172285884618759,-0.5931638479232788,0.4901168942451477,0.10040157288312912,-0.5935016870498657,0.6132322549819946,0.1330588459968567,-0.3247069716453552,0.48296254873275757,0.11664440482854843,-0.297294557094574,0.5600920915603638,0.20346693694591522,-0.5391926765441895,0.5038672089576721,0.1951509416103363,-0.535426676273346,0.6679098010063171,0.34658879041671753,-0.21857035160064697,0.38699424266815186,0.3170357048511505,-0.13115590810775757,0.7627789974212646,0.5402762293815613,-0.4447774887084961,0.2206248939037323,0.5250750184059143,-0.3409901559352875,0.7083255052566528,0.600601315498352,-0.9051192998886108,0.24317558109760284,0.5675920844078064,-0.8754590749740601,0.7078725099563599,0.6412238478660583,-1.008314847946167,0.22469615936279297,0.5939592719078064,-0.9981719255447388,0.6829236149787903,0.5829787850379944,-1.0250179767608643,0.26406291127204895,0.5734573006629944,-1.0196254253387451,0.6780202984809875,0.5808101296424866,-0.919323742389679,0.27742117643356323,0.5752217173576355,-0.900273323059082,0.5721701383590698,0.7733170390129089,-0.0022970496211200953,0.4059639871120453,0.7666299939155579,0.001954985549673438,0.7084905505180359,1.0039088726043701,-0.06845878064632416,0.24310335516929626,0.8346002697944641,-0.43251529335975647,0.590896487236023,1.154026746749878,0.3685894310474396,0.3555937707424164,1.1460222005844116,0.06761938333511353,0.5690982341766357,1.176110029220581,0.40820685029029846,0.3819449245929718,1.1778559684753418,0.10346772521734238,0.5328716039657593,1.2548831701278687,0.2823895812034607,0.35438665747642517,1.2881832122802734,-0.0950656533241272
frame_00231.jpg,0.5317603349685669,0.1539834886789322,-0.7228127717971802,0.5647948980331421,0.11311523616313934,-0.676266610622406,0.5812076926231384,0.11585124582052231,-0.6769260168075562,0.5938372015953064,0.1188461035490036,-0.6768196821212769,0.5168237686157227,0.10640530288219452,-0.6700271368026733,0.5031588673591614,0.1045461893081665,-0.6705540418624878,0.4917410910129547,0.1029273271560669,-0.6708780527114868,0.6132799983024597,0.13683241605758667,-0.3941855728626251,0.4848005175590515,0.11908736824989319,-0.36874327063560486,0.5600963830947876,0.2062203288078308,-0.6123453974723816,0.5052722692489624,0.19551563262939453,-0.6091088652610779,0.668117344379425,0.3462944030761719,-0.2688259482383728,0.38833117485046387,0.3172367513179779,-0.18509438633918762,0.7690636515617371,0.5446250438690186,-0.5011174082756042,0.22071382403373718,0.5254547595977783,-0.4225912094116211,0.7088999152183533,0.6013554930686951,-1.0056531429290771,0.2450116127729416,0.5544004440307617,-1.0123534202575684,0.7118881940841675,0.6459035873413086,-1.1193549633026123,0.22613286972045898,0.5732698440551758,-1.1606367826461792,0.6716852188110352,0.6011516451835632,-1.1406642198562622,0.27297091484069824,0.5664322972297668,-1.1804451942443848,0.6668040752410889,0.598317563533783,-1.0227000713348389,0.29128578305244446,0.5715207457542419,-1.039678692817688,0.574918270111084,0.7812694311141968,-0.00036131759406998754,0.4085230827331543,0.7715646624565125,5.23606468050275e-06,0.7040499448776245,1.0057331323623657,-0.0571918860077858,0.24599003791809082,0.8257237672805786,-0.4865589141845703,0.5830406546592712,1.1955052614212036,0.41104069352149963,0.3579460680484772,1.1791952848434448,-0.11364313215017319,0.5604217648506165,1.2202467918395996,0.4540354609489441,0.38335734605789185,1.2219080924987793,-0.07897075265645981,0.5373168587684631,1.331855058670044,0.3288252651691437,0.3539961278438568,1.3399499654769897,-0.23252379894256592
frame_00232.jpg,0.5359147191047668,0.1565324366092682,-0.7062492966651917,0.5676889419555664,0.11664646118879318,-0.656821608543396,0.5825833082199097,0.11940932273864746,-0.6574920415878296,0.5952171683311462,0.12247398495674133,-0.6574302911758423,0.5217498540878296,0.10907162725925446,-0.6545387506484985,0.5076979398727417,0.1069871187210083,-0.6550527811050415,0.4954563081264496,0.10510928928852081,-0.6553643941879272,0.6144418716430664,0.1402931958436966,-0.3684055507183075,0.48677533864974976,0.12167026102542877,-0.35980668663978577,0.5616735816001892,0.2086636871099472,-0.5939967632293701,0.5078104138374329,0.19593921303749084,-0.5955568552017212,0.6681279540061951,0.34599432349205017,-0.23942473530769348,0.38999876379966736,0.31818053126335144,-0.18236415088176727,0.7715504765510559,0.5440884232521057,-0.46365395188331604,0.22479502856731415,0.5381937623023987,-0.4348042905330658,0.7143924832344055,0.5970098972320557,-1.0035032033920288,0.24783332645893097,0.5548772811889648,-1.0173954963684082,0.7231392860412598,0.6423535943031311,-1.1280162334442139,0.2550348937511444,0.5739465951919556,-1.1641428470611572,0.6724963188171387,0.6020982265472412,-1.1499221324920654,0.2851736843585968,0.5460102558135986,-1.1853951215744019,0.6669682860374451,0.5986291766166687,-1.0218358039855957,0.2966634929180145,0.5403900146484375,-1.0443484783172607,0.5748816728591919,0.7834904193878174,0.0020028906874358654,0.4087298512458801,0.7714179754257202,-0.0024353477638214827,0.7211683988571167,0.9948844909667969,-0.09796181321144104,0.2391434609889984,0.7885799407958984,-0.5761371850967407,0.584634006023407,1.1839550733566284,0.28692105412483215,0.33744484186172485,1.1767770051956177,-0.21850883960723877,0.5580558776855469,1.2084695100784302,0.3175315260887146,0.3644487261772156,1.2204468250274658,-0.18168480694293976,0.5434374213218689,1.313462495803833,0.16568629443645477,0.32179662585258484,1.3360965251922607,-0.3243217468261719
frame_00233.jpg,0.5388859510421753,0.1595960259437561,-0.7248663306236267,0.5702103972434998,0.1195550337433815,-0.6739062070846558,0.5845850110054016,0.12211449444293976,-0.6745681762695312,0.5974955558776855,0.12488221377134323,-0.6744740605354309,0.5250025987625122,0.1115470752120018,-0.6715137958526611,0.5106410980224609,0.10926378518342972,-0.6720144152641296,0.4978460371494293,0.10721788555383682,-0.672349214553833,0.6165671944618225,0.14186328649520874,-0.37833744287490845,0.48824620246887207,0.12333397567272186,-0.3700907528400421,0.5634331107139587,0.21097008883953094,-0.6102265119552612,0.5098929405212402,0.19664981961250305,-0.6118625402450562,0.6680299043655396,0.3457809388637543,-0.23837514221668243,0.3906627893447876,0.319271981716156,-0.19183632731437683,0.7722288370132446,0.540876030921936,-0.4639854431152344,0.22803275287151337,0.5479041337966919,-0.44320815801620483,0.7162456512451172,0.5958709716796875,-1.0118968486785889,0.25690045952796936,0.5571673512458801,-1.0371372699737549,0.7268238663673401,0.6405664086341858,-1.1381784677505493,0.2673758864402771,0.5759360194206238,-1.1845144033432007,0.6730223894119263,0.6044072508811951,-1.1603327989578247,0.29939624667167664,0.5365026593208313,-1.2060637474060059,0.6670892238616943,0.5996749997138977,-1.030360460281372,0.3061017692089081,0.530414879322052,-1.063449740409851,0.5746318697929382,0.7861528396606445,0.009937991388142109,0.408622682094574,0.770745575428009,-0.01033604983240366,0.7259562015533447,0.9928900003433228,-0.09262039512395859,0.24224376678466797,0.7970147728919983,-0.6264607310295105,0.5880237817764282,1.1852844953536987,0.3321138322353363,0.3204421401023865,1.1794313192367554,-0.26516222953796387,0.5593053102493286,1.2105015516281128,0.36614781618118286,0.34151268005371094,1.2237476110458374,-0.22866424918174744,0.5549566745758057,1.3200373649597168,0.2143544852733612,0.30616074800491333,1.3367362022399902,-0.3864525258541107
frame_00234.jpg,0.541031002998352,0.16093143820762634,-0.6127206087112427,0.5716656446456909,0.12031389027833939,-0.5603618025779724,0.5861270427703857,0.12267362326383591,-0.5609535574913025,0.5992916822433472,0.12508586049079895,-0.5608890056610107,0.5271408557891846,0.11229825019836426,-0.5606634020805359,0.5126350522041321,0.10984713584184647,-0.5611797571182251,0.4992552697658539,0.10762445628643036,-0.5614560842514038,0.6193516254425049,0.1418808549642563,-0.27129727602005005,0.48882484436035156,0.12394838780164719,-0.27307936549186707,0.5654305219650269,0.21191821992397308,-0.5008145570755005,0.5119611620903015,0.1972925215959549,-0.5054168105125427,0.6682422161102295,0.3457258939743042,-0.1415337771177292,0.3919362425804138,0.31979358196258545,-0.12200874090194702,0.7754682898521423,0.5407001972198486,-0.33996516466140747,0.23197460174560547,0.5493971109390259,-0.32450002431869507,0.7163325548171997,0.5955382585525513,-0.8600062131881714,0.2596634030342102,0.5811022520065308,-0.8314526677131653,0.7269067764282227,0.6415774822235107,-0.9783080816268921,0.2671712636947632,0.5905784964561462,-0.9510965347290039,0.6737490892410278,0.608558714389801,-0.9969580769538879,0.30156925320625305,0.5494979619979858,-0.976974368095398,0.6662498116493225,0.6049707531929016,-0.876629650592804,0.30700987577438354,0.5415843725204468,-0.8556841611862183,0.574442446231842,0.7864050269126892,0.01785687729716301,0.40855303406715393,0.770900309085846,-0.01836072839796543,0.7620182633399963,0.9369781613349915,-0.254092812538147,0.24307367205619812,0.7878177165985107,-0.5806041955947876,0.5804418921470642,1.1493487358093262,0.016934767365455627,0.34568244218826294,1.1604371070861816,-0.207676962018013,0.5407567620277405,1.1729227304458618,0.03884153813123703,0.3682793974876404,1.2017474174499512,-0.16762588918209076,0.5421455502510071,1.283798098564148,-0.1093183383345604,0.34447142481803894,1.3214986324310303,-0.3058757185935974
frame_00235.jpg,0.5433095097541809,0.16134265065193176,-0.6595221757888794,0.5732673406600952,0.12055405974388123,-0.6087512969970703,0.5877031683921814,0.12297739833593369,-0.6093801259994507,0.6010844707489014,0.12526044249534607,-0.6092480421066284,0.5296870470046997,0.11228723078966141,-0.6067007780075073,0.515204131603241,0.10976967960596085,-0.6071795225143433,0.5012969970703125,0.10750393569469452,-0.6074984073638916,0.6216391324996948,0.1421346366405487,-0.3224717974662781,0.4896971583366394,0.12418361753225327,-0.31617558002471924,0.5671601891517639,0.21247930824756622,-0.5487631559371948,0.5135992765426636,0.197754368185997,-0.5512853264808655,0.6684707403182983,0.3454299867153168,-0.1873798966407776,0.3928801417350769,0.32102641463279724,-0.15326543152332306,0.7789415121078491,0.5407241582870483,-0.38897883892059326,0.23324227333068848,0.5482962727546692,-0.3579750657081604,0.7164264917373657,0.5946978330612183,-0.8882468342781067,0.2629653811454773,0.5957438349723816,-0.8596984148025513,0.726961612701416,0.6404945850372314,-1.0023763179779053,0.27003568410873413,0.622422993183136,-0.9835225343704224,0.6743019223213196,0.6074353456497192,-1.0186858177185059,0.3018046021461487,0.580666184425354,-1.0050265789031982,0.6663414239883423,0.6037723422050476,-0.9023281931877136,0.30765122175216675,0.5669771432876587,-0.8830908536911011,0.5743927955627441,0.786469578742981,0.0267755426466465,0.40849003195762634,0.7707058787345886,-0.02719067595899105,0.7503224611282349,0.9567745923995972,-0.10311169922351837,0.275229275226593,0.8338842391967773,-0.5861653685569763,0.6081982254981995,1.2311975955963135,0.2765529751777649,0.3442038893699646,1.2195631265640259,-0.18760982155799866,0.5768117308616638,1.2664058208465576,0.3042920231819153,0.36683860421180725,1.2620831727981567,-0.14718937873840332,0.5837708711624146,1.37529456615448,0.10645495355129242,0.34366434812545776,1.3851896524429321,-0.297658771276474
frame_00236.jpg,0.5441504716873169,0.1632649004459381,-0.7909625172615051,0.5741062164306641,0.12180963903665543,-0.7404010891914368,0.5886209011077881,0.12418615072965622,-0.7410547733306885,0.6021182537078857,0.12637276947498322,-0.7409178018569946,0.5303458571434021,0.11343259364366531,-0.7386135458946228,0.5159217119216919,0.11090905964374542,-0.7391036748886108,0.5019661784172058,0.10861163586378098,-0.7394170165061951,0.6230037212371826,0.1433255523443222,-0.44152960181236267,0.4903538227081299,0.12535375356674194,-0.4375975728034973,0.5680596232414246,0.21415860950946808,-0.6748326420783997,0.5142735242843628,0.19986765086650848,-0.6779171228408813,0.6686314344406128,0.34537410736083984,-0.27803677320480347,0.3931379020214081,0.3227396309375763,-0.25717976689338684,0.7794491052627563,0.537658154964447,-0.4808809161186218,0.2340756207704544,0.547459065914154,-0.4875093400478363,0.7165082693099976,0.6033374071121216,-0.9782117605209351,0.26280477643013,0.6012160181999207,-1.0204153060913086,0.7268419861793518,0.6399558782577515,-1.0948638916015625,0.2672978341579437,0.6313759684562683,-1.1541752815246582,0.6748541593551636,0.6074968576431274,-1.1124718189239502,0.30061787366867065,0.5952427387237549,-1.1750195026397705,0.666866660118103,0.6055300235748291,-0.9924537539482117,0.3072737753391266,0.5829724073410034,-1.0443782806396484,0.572930634021759,0.7863063812255859,0.03014363721013069,0.40797191858291626,0.7694034576416016,-0.03051345981657505,0.7132356762886047,0.9878204464912415,-0.053481198847293854,0.28417328000068665,0.8538293242454529,-0.5896367430686951,0.589708685874939,1.2474595308303833,0.3476592004299164,0.3429153561592102,1.2489656209945679,-0.20985624194145203,0.5617291927337646,1.2815779447555542,0.37547484040260315,0.3586120009422302,1.294066071510315,-0.17396429181098938,0.5660690069198608,1.3864723443984985,0.15591926872730255,0.34133127331733704,1.4114326238632202,-0.3533298373222351
frame_00237.jpg,0.5444486141204834,0.16391882300376892,-0.5818296074867249,0.5744850635528564,0.12184416502714157,-0.5259380340576172,0.5892075300216675,0.12416623532772064,-0.5264698266983032,0.6027530431747437,0.12629488110542297,-0.5263502597808838,0.5303775072097778,0.1136191338300705,-0.5298061370849609,0.5161061882972717,0.11117926239967346,-0.5302828550338745,0.5022523999214172,0.10892340540885925,-0.5305150747299194,0.6241849064826965,0.14321082830429077,-0.22857531905174255,0.49059993028640747,0.12575452029705048,-0.24748890101909637,0.5688468217849731,0.21484769880771637,-0.46738696098327637,0.5147162675857544,0.2005908489227295,-0.4770079553127289,0.6685866713523865,0.34558719396591187,-0.08993212878704071,0.39293724298477173,0.32493939995765686,-0.1059100478887558,0.7844149470329285,0.5359217524528503,-0.2948490083217621,0.24138717353343964,0.5472228527069092,-0.32632187008857727,0.7164758443832397,0.616273820400238,-0.8210003972053528,0.2598470151424408,0.5973116755485535,-0.8559532165527344,0.7073400020599365,0.6394718289375305,-0.9365507364273071,0.2596270442008972,0.6262388825416565,-0.9816433787345886,0.6745613813400269,0.589030385017395,-0.9536924362182617,0.2865397334098816,0.5915554165840149,-1.0069730281829834,0.6680733561515808,0.5917072296142578,-0.8370922803878784,0.2953970432281494,0.5798225998878479,-0.8808819651603699,0.5748087167739868,0.7861175537109375,0.03114265203475952,0.4103287160396576,0.7728806734085083,-0.03157985955476761,0.7604743242263794,0.8648824095726013,-0.2683414816856384,0.24641697108745575,0.7941438555717468,-0.5763623118400574,0.5909706950187683,1.2027828693389893,-0.006850515957921743,0.34867703914642334,1.187001347541809,-0.15373247861862183,0.559710681438446,1.2461998462677002,0.012366228736937046,0.3697475790977478,1.2255855798721313,-0.10764572769403458,0.5697352290153503,1.3529950380325317,-0.1676124930381775,0.35197505354881287,1.352266550064087,-0.24577932059764862
frame_00238.jpg,0.5452008247375488,0.16379322111606598,-0.6403087377548218,0.57529217004776,0.12138377130031586,-0.5886649489402771,0.5902856588363647,0.12358767539262772,-0.5892589092254639,0.6039754152297974,0.1255122274160385,-0.5891662836074829,0.5305265188217163,0.11296914517879486,-0.5905100703239441,0.5160717368125916,0.1102481409907341,-0.5910083055496216,0.502170979976654,0.10792124271392822,-0.5912637114524841,0.626329779624939,0.1429213434457779,-0.30114617943763733,0.4905191957950592,0.1256137639284134,-0.3077649474143982,0.5704794526100159,0.21470767259597778,-0.5287922024726868,0.5152252912521362,0.20065061748027802,-0.5356972813606262,0.6685742735862732,0.3454945385456085,-0.1616283804178238,0.3930127024650574,0.3271026909351349,-0.14815060794353485,0.7856743335723877,0.5330074429512024,-0.3511407971382141,0.24390307068824768,0.5495415329933167,-0.3144471049308777,0.714941143989563,0.6235182285308838,-0.8324915170669556,0.2602185606956482,0.5953407883644104,-0.705686628818512,0.6963831186294556,0.6389163732528687,-0.9402288198471069,0.2547054588794708,0.6258140206336975,-0.8034756779670715,0.672326922416687,0.5867965221405029,-0.9554328918457031,0.2768239676952362,0.5874313116073608,-0.8369151949882507,0.6681858897209167,0.5849613547325134,-0.8469430804252625,0.2884829640388489,0.5799316167831421,-0.7311230897903442,0.584109902381897,0.7860144972801208,0.03576769679784775,0.41444963216781616,0.7817132472991943,-0.03622586280107498,0.7728492617607117,0.9057285785675049,-0.18867121636867523,0.30750811100006104,0.9132340550422668,-0.46858781576156616,0.6350231170654297,1.22235906124115,0.03324341028928757,0.36450254917144775,1.2429097890853882,-0.061464808881282806,0.5989193916320801,1.2707562446594238,0.0448710136115551,0.3811185956001282,1.282721757888794,-0.020255083218216896,0.6255631446838379,1.361877679824829,-0.14337795972824097,0.375507652759552,1.3996784687042236,-0.16095009446144104
frame_00239.jpg,0.5460586547851562,0.16303089261054993,-0.7606866955757141,0.5763772130012512,0.12097610533237457,-0.7161685824394226,0.5914295315742493,0.12334219366312027,-0.7168515920639038,0.6052961349487305,0.12545087933540344,-0.7167440056800842,0.5314048528671265,0.11207938194274902,-0.7143756151199341,0.5167825222015381,0.10908425599336624,-0.7148723006248474,0.5026645660400391,0.10658933967351913,-0.7151798009872437,0.6278690099716187,0.14299480617046356,-0.4457477927207947,0.4906248152256012,0.12539488077163696,-0.4413536489009857,0.5712889432907104,0.21430452167987823,-0.6549566984176636,0.5155837535858154,0.20031563937664032,-0.6581377983093262,0.6685382127761841,0.3453632891178131,-0.3016461730003357,0.392741858959198,0.3306998312473297,-0.2670956552028656,0.7880882620811462,0.5323880314826965,-0.4791412949562073,0.24114954471588135,0.5586563348770142,-0.4617327153682709,0.7049254775047302,0.6256771087646484,-0.8627874255180359,0.262489378452301,0.5982873439788818,-0.9472616910934448,0.6849185228347778,0.645744264125824,-0.9798613786697388,0.258781760931015,0.6293954849243164,-1.0709202289581299,0.6600831747055054,0.5964459180831909,-1.0098545551300049,0.2901816964149475,0.593196451663971,-1.0864404439926147,0.6610321998596191,0.591518223285675,-0.8532624244689941,0.29788193106651306,0.5839754343032837,-0.968180775642395,0.5794969201087952,0.7864595651626587,0.034874673932790756,0.40742841362953186,0.7806621789932251,-0.035295482724905014,0.7216206192970276,0.9761501550674438,0.02035542204976082,0.298502653837204,0.8969833254814148,-0.48022589087486267,0.6274325251579285,1.2406070232391357,0.42802292108535767,0.3694649636745453,1.255301594734192,-0.09230342507362366,0.5952761173248291,1.2793960571289062,0.4608462452888489,0.3828964829444885,1.2949395179748535,-0.0520176999270916,0.6186405420303345,1.380774974822998,0.3255175054073334,0.38878417015075684,1.4134806394577026,-0.1923520714044571
frame_00240.jpg,0.5468572378158569,0.16048234701156616,-0.7829475998878479,0.5767999887466431,0.11878505349159241,-0.7377413511276245,0.591972827911377,0.12119594216346741,-0.7384573817253113,0.6058591604232788,0.12340078502893448,-0.738411545753479,0.5324729681015015,0.10859576612710953,-0.7362970113754272,0.518032431602478,0.10455239564180374,-0.7368389368057251,0.5038589835166931,0.10102557390928268,-0.7371495366096497,0.628589928150177,0.14236228168010712,-0.4657405912876129,0.4907603859901428,0.12219420820474625,-0.46286606788635254,0.5716069936752319,0.21201126277446747,-0.6765477061271667,0.5157856941223145,0.19822277128696442,-0.6799378395080566,0.6685923933982849,0.3450714647769928,-0.3322429060935974,0.3927357494831085,0.33052951097488403,-0.28300368785858154,0.7879390716552734,0.5321108102798462,-0.5042802691459656,0.2401353120803833,0.557707667350769,-0.46740198135375977,0.7023618817329407,0.624277651309967,-0.8803626894950867,0.24805328249931335,0.6082836389541626,-0.9441387057304382,0.6868284940719604,0.6445817351341248,-0.9981139898300171,0.2502095699310303,0.6392042636871338,-1.0670745372772217,0.6555174589157104,0.5964371562004089,-1.0348414182662964,0.27196764945983887,0.599389910697937,-1.0851248502731323,0.6553170680999756,0.5915253162384033,-0.8606731295585632,0.2825873792171478,0.5918664932250977,-0.967117190361023,0.5800229907035828,0.7869994044303894,0.0327809676527977,0.41000184416770935,0.7803335785865784,-0.03326502442359924,0.717943549156189,0.9888550639152527,-0.022469302639365196,0.29688629508018494,0.88456130027771,-0.4206925332546234,0.5708069801330566,1.2045841217041016,0.37402600049972534,0.3933108448982239,1.1895381212234497,0.004342263098806143,0.5373317003250122,1.2261673212051392,0.4085692763328552,0.40896955132484436,1.2182905673980713,0.050414592027664185,0.5385422110557556,1.3430675268173218,0.2916625142097473,0.40967121720314026,1.3446165323257446,-0.04835749417543411
frame_00241.jpg,0.5472574830055237,0.15460461378097534,-0.7757591009140015,0.5768141746520996,0.11514292657375336,-0.7315112948417664,0.592017412185669,0.11821191757917404,-0.7322193384170532,0.605854868888855,0.12089680135250092,-0.7321816682815552,0.5340651869773865,0.10211107134819031,-0.7291957139968872,0.5205985307693481,0.0973602905869484,-0.7297460436820984,0.507536768913269,0.09340564906597137,-0.7300801873207092,0.6287643909454346,0.14191608130931854,-0.4602719247341156,0.4929426610469818,0.11655917763710022,-0.45379042625427246,0.571571409702301,0.20638802647590637,-0.6691274642944336,0.5162479281425476,0.19121576845645905,-0.6714118123054504,0.6686076521873474,0.3441828489303589,-0.32467299699783325,0.39274248480796814,0.3292433023452759,-0.2723040282726288,0.7874826192855835,0.5321035981178284,-0.5017433166503906,0.238908052444458,0.5568459033966064,-0.45461592078208923,0.6942789554595947,0.6222477555274963,-0.9236010313034058,0.24742937088012695,0.6078380346298218,-0.9455815553665161,0.684085488319397,0.6440200805664062,-1.0333669185638428,0.24504885077476501,0.6366400122642517,-1.0664374828338623,0.6477293372154236,0.5968487858772278,-1.0493203401565552,0.26900142431259155,0.5994075536727905,-1.0905687808990479,0.6452836990356445,0.5916568636894226,-0.9108384847640991,0.2812960743904114,0.593524158000946,-0.9703142046928406,0.5800756216049194,0.7870225310325623,0.032212983816862106,0.41114169359207153,0.7798863649368286,-0.03269011154770851,0.7173352241516113,0.9896671772003174,-0.033035099506378174,0.33115705847740173,0.8980525135993958,-0.43979182839393616,0.534908652305603,1.1553771495819092,0.348255455493927,0.44379767775535583,1.1461390256881714,-0.04602426290512085,0.4987427592277527,1.1704744100570679,0.3821178376674652,0.4613335132598877,1.166214108467102,0.00080542714567855,0.4926680028438568,1.2773407697677612,0.2583976089954376,0.48254698514938354,1.2952083349227905,-0.10444831848144531
frame_00242.jpg,0.5472334623336792,0.15154218673706055,-0.679011881351471,0.5767682790756226,0.11232968419790268,-0.6331895589828491,0.591992974281311,0.11559991538524628,-0.6338294148445129,0.6058346033096313,0.11844850331544876,-0.6337698101997375,0.5344963669776917,0.09892043471336365,-0.6319532990455627,0.5214961767196655,0.09416162222623825,-0.6324683427810669,0.5087446570396423,0.09028706699609756,-0.6327382922172546,0.6286479234695435,0.14100877940654755,-0.36681610345840454,0.4937306344509125,0.1138208881020546,-0.36426496505737305,0.5715357065200806,0.204132080078125,-0.574661135673523,0.5162918567657471,0.18930794298648834,-0.578390896320343,0.668611466884613,0.3432886004447937,-0.24305036664009094,0.3929292857646942,0.32753515243530273,-0.19469082355499268,0.786992073059082,0.5342066884040833,-0.4453992247581482,0.23670604825019836,0.5567241907119751,-0.3642940819263458,0.6934541463851929,0.6208536624908447,-0.9202064275741577,0.24531190097332,0.6077919602394104,-0.8353079557418823,0.6672323942184448,0.6325035691261292,-1.0309947729110718,0.24485492706298828,0.6373487114906311,-0.9483591318130493,0.6344307661056519,0.5781784653663635,-1.0416834354400635,0.2681449055671692,0.6002766489982605,-0.97528475522995,0.6350818872451782,0.5781877040863037,-0.9234298467636108,0.27608373761177063,0.5932011008262634,-0.8599146008491516,0.5830225348472595,0.7875639796257019,0.03056313470005989,0.41480517387390137,0.7831208109855652,-0.031095236539840698,0.7328308820724487,0.96781986951828,-0.14801031351089478,0.2914765477180481,0.8918894529342651,-0.4395236074924469,0.5874834060668945,1.1720491647720337,0.1806420534849167,0.43200021982192993,1.155071496963501,0.0026236556004732847,0.5552536249160767,1.2049120664596558,0.2070455253124237,0.45860037207603455,1.166982889175415,0.049154773354530334,0.5631830096244812,1.2965490818023682,0.04376089200377464,0.4654378890991211,1.3020092248916626,-0.07789011299610138
frame_00243.jpg,0.5471585988998413,0.14929655194282532,-0.8152045011520386,0.5765823721885681,0.11006693542003632,-0.7676392793655396,0.5918273329734802,0.11350651830434799,-0.7683185338973999,0.6056873202323914,0.11640051007270813,-0.768264651298523,0.5344557762145996,0.09637381881475449,-0.7683286070823669,0.5215945243835449,0.09171071648597717,-0.7688394784927368,0.5088509917259216,0.08800020813941956,-0.7691394686698914,0.6285504102706909,0.1398950219154358,-0.4811100959777832,0.49378785490989685,0.11234068870544434,-0.4859575629234314,0.5715044736862183,0.2022104263305664,-0.7027181386947632,0.516268789768219,0.1882680505514145,-0.7086383104324341,0.6689108610153198,0.342611163854599,-0.3236260414123535,0.39313894510269165,0.3274941146373749,-0.2910383343696594,0.7866533994674683,0.5367478728294373,-0.549277126789093,0.23386724293231964,0.5573008060455322,-0.48170360922813416,0.6935445070266724,0.6199074983596802,-1.0814287662506104,0.24564380943775177,0.6076740026473999,-0.9679973721504211,0.6615725755691528,0.6146753430366516,-1.2034586668014526,0.2422136813402176,0.6353788375854492,-1.0892144441604614,0.6323307752609253,0.5617685914039612,-1.2135937213897705,0.26928871870040894,0.6007354855537415,-1.1134006977081299,0.6331601142883301,0.5655490756034851,-1.092671513557434,0.2775472104549408,0.5937053561210632,-0.9917584657669067,0.5861390233039856,0.7875416278839111,0.030547451227903366,0.41800960898399353,0.7828973531723022,-0.031069139018654823,0.732389509677887,0.9661715626716614,-0.15403017401695251,0.3095141649246216,0.9351376891136169,-0.4423193037509918,0.5979820489883423,1.191291332244873,0.19279292225837708,0.3700539171695709,1.2284865379333496,-0.007836664095520973,0.5696945786476135,1.2315781116485596,0.21816730499267578,0.38259363174438477,1.2647438049316406,0.03384712338447571,0.5744648575782776,1.3063498735427856,0.026051446795463562,0.37433773279190063,1.3710707426071167,-0.11887852102518082
frame_00244.jpg,0.5471791625022888,0.1485273838043213,-0.7972885370254517,0.5765346884727478,0.10930593311786652,-0.7490749955177307,0.5918066501617432,0.11272592842578888,-0.7497715353965759,0.6056010723114014,0.11559614539146423,-0.7497151494026184,0.5344761610031128,0.09550219029188156,-0.7459255456924438,0.5216290354728699,0.09075096249580383,-0.7464396953582764,0.5088351964950562,0.08692125976085663,-0.7467614412307739,0.6281808018684387,0.1390407830476761,-0.46823349595069885,0.4937679171562195,0.1109648272395134,-0.4584425389766693,0.5714696645736694,0.20131056010723114,-0.6879448890686035,0.5162501931190491,0.18775434792041779,-0.688276469707489,0.6689059734344482,0.3425625264644623,-0.3099384307861328,0.39309197664260864,0.3277450501918793,-0.2751200795173645,0.7863925695419312,0.5378526449203491,-0.5211077928543091,0.23334959149360657,0.5601369142532349,-0.4641934037208557,0.6943279504776001,0.6191710829734802,-1.0348232984542847,0.2457462102174759,0.6095902323722839,-0.9222297668457031,0.663774847984314,0.616309404373169,-1.1526775360107422,0.2398679256439209,0.6361200213432312,-1.036085844039917,0.6357305645942688,0.5645593404769897,-1.1631991863250732,0.2690483629703522,0.6049059629440308,-1.0634477138519287,0.6361448168754578,0.5663385391235352,-1.046668529510498,0.277909517288208,0.5990762710571289,-0.9461314082145691,0.5862822532653809,0.7873895764350891,0.03190106898546219,0.4181346297264099,0.7823196649551392,-0.03239952400326729,0.7042747735977173,0.9829414486885071,-0.13710416853427887,0.3218926191329956,0.9511119723320007,-0.46177738904953003,0.5534555912017822,1.2081570625305176,0.18814222514629364,0.37168270349502563,1.2775858640670776,-0.10146073251962662,0.5229018926620483,1.246304988861084,0.208613783121109,0.38342398405075073,1.3196438550949097,-0.06808437407016754,0.522161602973938,1.313360333442688,0.005918601993471384,0.38293612003326416,1.429951548576355,-0.2643686532974243
frame_00245.jpg,0.547214150428772,0.1486397534608841,-0.8137356638908386,0.5765103697776794,0.10886158049106598,-0.7663087844848633,0.5917803049087524,0.11204066127538681,-0.767033040523529,0.6055790185928345,0.11447815597057343,-0.7669686675071716,0.5343946218490601,0.09505949914455414,-0.7678672075271606,0.5214259624481201,0.09017995744943619,-0.7683969736099243,0.5082756280899048,0.08638741075992584,-0.7687127590179443,0.6281262040138245,0.13660535216331482,-0.482168972492218,0.4924248158931732,0.11044193059206009,-0.4924136698246002,0.571712851524353,0.20126686990261078,-0.7024400234222412,0.516235888004303,0.18798722326755524,-0.7095412611961365,0.6688653230667114,0.3422156572341919,-0.327936589717865,0.3929130434989929,0.32831868529319763,-0.30002856254577637,0.7866887450218201,0.5378245711326599,-0.5276356935501099,0.2329065501689911,0.5662321448326111,-0.4864276349544525,0.696151852607727,0.6198764443397522,-1.0218313932418823,0.24604959785938263,0.6136242151260376,-0.9514675140380859,0.6720303893089294,0.6174466609954834,-1.136047124862671,0.24602898955345154,0.6400123238563538,-1.066368579864502,0.6462464928627014,0.5665081143379211,-1.1473805904388428,0.2727208435535431,0.6078914999961853,-1.092345118522644,0.6459608674049377,0.568110466003418,-1.0337201356887817,0.278519868850708,0.6012757420539856,-0.9753865003585815,0.5795859098434448,0.7873649597167969,0.03194081410765648,0.40989160537719727,0.7743503451347351,-0.032417215406894684,0.6746050119400024,1.0024926662445068,0.009741801768541336,0.3225342631340027,0.9332632422447205,-0.46536749601364136,0.5315437316894531,1.2145055532455444,0.38876038789749146,0.34576573967933655,1.257956862449646,-0.11978069692850113,0.5019100904464722,1.2480884790420532,0.41718435287475586,0.35406988859176636,1.2995949983596802,-0.08794353902339935,0.5053578615188599,1.329847812652588,0.2637886106967926,0.34718793630599976,1.4104191064834595,-0.2576073110103607
frame_00246.jpg,0.5466485619544983,0.14867226779460907,-0.728653073310852,0.5756038427352905,0.10809676349163055,-0.6818987727165222,0.5910615921020508,0.11101265996694565,-0.6826148629188538,0.6049320697784424,0.11304153501987457,-0.6826034188270569,0.5328032970428467,0.09449522197246552,-0.685867190361023,0.5189315676689148,0.08959438651800156,-0.6864659786224365,0.5047565698623657,0.08601851016283035,-0.6867987513542175,0.627473771572113,0.1340051293373108,-0.4148488938808441,0.4893040657043457,0.10933110117912292,-0.43592992424964905,0.5716279745101929,0.20109382271766663,-0.6242694854736328,0.5157291889190674,0.18852058053016663,-0.6339839100837708,0.6680904626846313,0.34177732467651367,-0.2835318148136139,0.3908291459083557,0.3289118707180023,-0.26887792348861694,0.7866173982620239,0.5379163026809692,-0.4366184175014496,0.23166020214557648,0.5722712874412537,-0.4175272583961487,0.6972566843032837,0.6223891377449036,-0.8659749031066895,0.246585875749588,0.6153845191001892,-0.8249965906143188,0.6851317286491394,0.6189926266670227,-0.9647990465164185,0.24632331728935242,0.6429039835929871,-0.924167811870575,0.659983217716217,0.5705363154411316,-0.9777690768241882,0.2767431437969208,0.6077072620391846,-0.9505494236946106,0.6523813009262085,0.5710810422897339,-0.8775157928466797,0.2791483998298645,0.6041842103004456,-0.8473845720291138,0.5754439234733582,0.7825857400894165,0.029840420931577682,0.40637993812561035,0.762651264667511,-0.030366767197847366,0.6827595829963684,0.9928264617919922,-0.006150540895760059,0.2882835268974304,0.8424723744392395,-0.387199342250824,0.5070779323577881,1.1488361358642578,0.33522534370422363,0.3125309944152832,1.1775825023651123,-0.08589253574609756,0.4714283049106598,1.1692770719528198,0.36472898721694946,0.3235406279563904,1.2210562229156494,-0.05880560353398323,0.46978217363357544,1.2601181268692017,0.21230730414390564,0.2984677851200104,1.319231390953064,-0.17275096476078033
frame_00247.jpg,0.5464606881141663,0.14720813930034637,-0.7793012857437134,0.575179934501648,0.10554870218038559,-0.7327417731285095,0.5907667875289917,0.10857605189085007,-0.7334127426147461,0.6047980785369873,0.1105891540646553,-0.7333759069442749,0.5320404767990112,0.0905037671327591,-0.735214352607727,0.5178537368774414,0.08558002859354019,-0.7358494400978088,0.5033069849014282,0.0825268104672432,-0.7362026572227478,0.6274235844612122,0.12988950312137604,-0.4498099684715271,0.48747023940086365,0.10493029654026031,-0.46190786361694336,0.571590006351471,0.198146790266037,-0.6673156023025513,0.5155901312828064,0.18741144239902496,-0.6747416257858276,0.6681770086288452,0.3364451825618744,-0.29684579372406006,0.39035096764564514,0.3271125257015228,-0.28744152188301086,0.7843619585037231,0.53949373960495,-0.44515514373779297,0.23192493617534637,0.5730755925178528,-0.442707359790802,0.7037742137908936,0.6219736337661743,-0.8870536684989929,0.2504323422908783,0.6202170848846436,-0.8819776773452759,0.6998137831687927,0.6237002611160278,-0.9921916723251343,0.255951464176178,0.6517506837844849,-0.9833254814147949,0.6781167387962341,0.5878452062606812,-1.013274908065796,0.2899358570575714,0.6102777719497681,-1.0134809017181396,0.6717177629470825,0.5795193910598755,-0.9030956029891968,0.2980116307735443,0.6056274771690369,-0.9036320447921753,0.5807236433029175,0.7725621461868286,0.02725275792181492,0.41115760803222656,0.759526252746582,-0.02776072546839714,0.7475817799568176,0.9593432545661926,-0.16312885284423828,0.2707245647907257,0.8168913125991821,-0.4198992848396301,0.5261572003364563,1.0927234888076782,0.20462587475776672,0.3219941258430481,1.1278300285339355,-0.053949713706970215,0.4889155924320221,1.1038367748260498,0.2380879670381546,0.3267907500267029,1.165278673171997,-0.013951750472187996,0.48054248094558716,1.2014975547790527,0.09337305277585983,0.3190036118030548,1.2680602073669434,-0.14104150235652924
frame_00248.jpg,0.5460134744644165,0.14601543545722961,-0.7368155121803284,0.5744911432266235,0.10355038195848465,-0.6898287534713745,0.590215802192688,0.1061587706208229,-0.690460741519928,0.6043120622634888,0.10774252563714981,-0.690423846244812,0.5298689007759094,0.0888017788529396,-0.6929494142532349,0.514822244644165,0.08387991786003113,-0.6936032176017761,0.5000660419464111,0.08113653212785721,-0.6939717531204224,0.6268881559371948,0.1255628913640976,-0.40779510140419006,0.4841342568397522,0.10388614982366562,-0.4225030541419983,0.571561336517334,0.1960328370332718,-0.6254464387893677,0.515227198600769,0.18733926117420197,-0.6336039304733276,0.6681448817253113,0.33535149693489075,-0.25087928771972656,0.3898266851902008,0.32535406947135925,-0.2654152512550354,0.7796546816825867,0.5442656874656677,-0.36886775493621826,0.23206071555614471,0.5720756649971008,-0.4058946669101715,0.7124505043029785,0.62190842628479,-0.7680195569992065,0.2513746917247772,0.620850682258606,-0.8267108798027039,0.7134446501731873,0.6253833770751953,-0.8605073094367981,0.2566496729850769,0.655005693435669,-0.9263138771057129,0.6968729496002197,0.5840232372283936,-0.8833111524581909,0.2900407314300537,0.6109409928321838,-0.9534317851066589,0.6880093216896057,0.5781365633010864,-0.7838033437728882,0.2990310490131378,0.6054819822311401,-0.8482716679573059,0.5822839736938477,0.7685978412628174,0.027275387197732925,0.4121038019657135,0.7589840292930603,-0.02778100036084652,0.7696893811225891,0.9320514798164368,-0.19502387940883636,0.25075703859329224,0.7812215685844421,-0.4390818178653717,0.5347851514816284,1.0848909616470337,0.13433662056922913,0.32818955183029175,1.1384118795394897,-0.08634971082210541,0.49651211500167847,1.0986683368682861,0.16319406032562256,0.33927711844444275,1.1790614128112793,-0.046263810247182846,0.49109894037246704,1.1959806680679321,0.019224101677536964,0.32210636138916016,1.2840806245803833,-0.17333973944187164
frame_00249.jpg,0.5454939603805542,0.1443142294883728,-0.8232566714286804,0.5736537575721741,0.10177307575941086,-0.7781029343605042,0.5893199443817139,0.10424206405878067,-0.7787777781486511,0.6033567190170288,0.1057523787021637,-0.7787251472473145,0.5293536186218262,0.08733043074607849,-0.7789682149887085,0.5143356323242188,0.08259591460227966,-0.7795881032943726,0.4993721544742584,0.08004621416330338,-0.779975175857544,0.6251844167709351,0.1227598711848259,-0.49448904395103455,0.4828532338142395,0.10299303382635117,-0.4994388222694397,0.5709505081176758,0.19383126497268677,-0.7113596796989441,0.5147488713264465,0.18624582886695862,-0.7167861461639404,0.6679840087890625,0.3345961272716522,-0.3224732577800751,0.3890979588031769,0.32455793023109436,-0.32140398025512695,0.7760962247848511,0.5435320734977722,-0.44424310326576233,0.2320609986782074,0.5714982748031616,-0.4801146984100342,0.7369425892829895,0.6061355471611023,-0.815282940864563,0.251540869474411,0.6207219958305359,-0.9148949384689331,0.7479686141014099,0.6219800114631653,-0.9311802983283997,0.25320595502853394,0.6532090306282043,-1.0215482711791992,0.727117657661438,0.5772400498390198,-0.8974187970161438,0.2895512878894806,0.6103404760360718,-1.054612159729004,0.7119401097297668,0.5717995166778564,-0.7921382188796997,0.28981781005859375,0.6058582067489624,-0.9405109286308289,0.5819598436355591,0.7673984169960022,0.026488523930311203,0.41133180260658264,0.7577069997787476,-0.02697574719786644,0.7587094306945801,0.9358501434326172,-0.18871550261974335,0.24632787704467773,0.8076453804969788,-0.4442320764064789,0.5858957767486572,1.1430492401123047,0.18476949632167816,0.32376495003700256,1.1594128608703613,-0.05200629681348801,0.5504374504089355,1.1739997863769531,0.21206700801849365,0.3400968611240387,1.2068774700164795,-0.010309342294931412,0.5597517490386963,1.2661439180374146,0.04747658595442772,0.31533774733543396,1.3161085844039917,-0.1573350727558136
frame_00250.jpg,0.5447930693626404,0.1435871720314026,-0.8631883859634399,0.5725080370903015,0.10142230242490768,-0.8194173574447632,0.588079571723938,0.10382106900215149,-0.820135772228241,0.6020179986953735,0.10528615117073059,-0.8200933337211609,0.5287749171257019,0.0875176191329956,-0.8189366459846497,0.513948380947113,0.08286307752132416,-0.8195630311965942,0.49901238083839417,0.08027388900518417,-0.8199324607849121,0.6233602166175842,0.12223974615335464,-0.5382103323936462,0.4826625883579254,0.10293895751237869,-0.5376393795013428,0.5701496005058289,0.19273467361927032,-0.7518917918205261,0.514443039894104,0.18535928428173065,-0.7558774948120117,0.6678733229637146,0.331595778465271,-0.3681000769138336,0.38865235447883606,0.32254263758659363,-0.3520752787590027,0.7678602933883667,0.5279406905174255,-0.5071292519569397,0.23188045620918274,0.5711857676506042,-0.5357269644737244,0.7441362142562866,0.6065601706504822,-0.9211727976799011,0.24507614970207214,0.6187847256660461,-1.0078022480010986,0.7629257440567017,0.6228035092353821,-1.0283353328704834,0.2400950938463211,0.645010232925415,-1.1239615678787231,0.7405343651771545,0.5747258067131042,-1.0554345846176147,0.2700733244419098,0.6096752285957336,-1.1553997993469238,0.7185038328170776,0.5703532695770264,-0.9364497065544128,0.2771078944206238,0.6054070591926575,-1.0347301959991455,0.5759192705154419,0.7680677175521851,0.02544349990785122,0.4052354395389557,0.7528975605964661,-0.02590888738632202,0.7063741683959961,0.9739202260971069,-0.07138089835643768,0.2541041970252991,0.8134349584579468,-0.42110687494277954,0.5827932953834534,1.1767773628234863,0.3569480776786804,0.32733601331710815,1.1545802354812622,-0.00020146253518760204,0.5457399487495422,1.2051234245300293,0.3908546268939972,0.34355399012565613,1.1980414390563965,0.041950974613428116,0.5515641570091248,1.301443338394165,0.24210581183433533,0.3223380744457245,1.3014708757400513,-0.09818820655345917
frame_00251.jpg,0.544127345085144,0.1429920792579651,-0.9082661867141724,0.5717558860778809,0.10113003104925156,-0.8642209768295288,0.5872765779495239,0.10343783348798752,-0.8649338483810425,0.6011444330215454,0.10484208911657333,-0.8649095296859741,0.5283967852592468,0.08767160028219223,-0.8642815351486206,0.5137039422988892,0.08305754512548447,-0.8649040460586548,0.49880462884902954,0.08042208105325699,-0.8652779459953308,0.6223011016845703,0.12199349701404572,-0.5782327651977539,0.48260021209716797,0.10283198952674866,-0.5797770023345947,0.5695810914039612,0.19168709218502045,-0.7949221134185791,0.5142117738723755,0.18456439673900604,-0.7995365858078003,0.6678578853607178,0.3289048373699188,-0.39790019392967224,0.388380765914917,0.3202883303165436,-0.3880034387111664,0.7659662961959839,0.5111843347549438,-0.5413512587547302,0.23188868165016174,0.5707986950874329,-0.5705536603927612,0.7561147809028625,0.6067806482315063,-0.9896315336227417,0.24416403472423553,0.6138743162155151,-1.040299654006958,0.7747576832771301,0.62639319896698,-1.0989365577697754,0.2398308962583542,0.6395951509475708,-1.157049298286438,0.7533799409866333,0.5744083523750305,-1.1350946426391602,0.266483336687088,0.6074931025505066,-1.1891546249389648,0.7299574017524719,0.5694383978843689,-1.012350082397461,0.27430346608161926,0.602717399597168,-1.0670143365859985,0.5716957449913025,0.7662473917007446,0.02622981369495392,0.40220946073532104,0.7457860708236694,-0.026675507426261902,0.7093923091888428,0.9715706706047058,-0.11023615300655365,0.25819987058639526,0.8166180849075317,-0.469998836517334,0.5856727361679077,1.17909574508667,0.31455203890800476,0.31692442297935486,1.1594737768173218,-0.006665087305009365,0.5522373914718628,1.2078490257263184,0.34668591618537903,0.3316260874271393,1.2022897005081177,0.030378973111510277,0.5640242695808411,1.306566834449768,0.18871073424816132,0.3096069097518921,1.3060805797576904,-0.13962750136852264
frame_00252.jpg,0.5438038110733032,0.14304576814174652,-0.8648161888122559,0.5714337825775146,0.10118920356035233,-0.8177300691604614,0.5868316888809204,0.10345295071601868,-0.818409264087677,0.6003659963607788,0.1047610342502594,-0.8183512687683105,0.5282469987869263,0.08817647397518158,-0.8189837336540222,0.5136822462081909,0.08358646929264069,-0.8195763826370239,0.4988395571708679,0.08085168153047562,-0.8199208974838257,0.6202880144119263,0.12168101221323013,-0.531415581703186,0.48254284262657166,0.10310359299182892,-0.534555971622467,0.5691958665847778,0.1917479783296585,-0.7497574090957642,0.5141061544418335,0.18460935354232788,-0.7555893063545227,0.6680605411529541,0.32892969250679016,-0.37040454149246216,0.3883853554725647,0.3203129172325134,-0.3501003384590149,0.7666170597076416,0.5060722231864929,-0.525848388671875,0.23371966183185577,0.5706063508987427,-0.5405162572860718,0.7555781602859497,0.6273875832557678,-0.9788591265678406,0.24480585753917694,0.6093929409980774,-1.031663417816162,0.7721065878868103,0.64417564868927,-1.0869929790496826,0.24032533168792725,0.633783221244812,-1.1505496501922607,0.7470811009407043,0.6086239218711853,-1.120596170425415,0.2671055495738983,0.6062673330307007,-1.1818207502365112,0.7232515811920166,0.6051148772239685,-1.0006306171417236,0.28267771005630493,0.5952242016792297,-1.058616280555725,0.5711994767189026,0.766650378704071,0.024769488722085953,0.40092167258262634,0.7464617490768433,-0.025183269754052162,0.7105138301849365,0.976018488407135,-0.11007729917764664,0.24841928482055664,0.8079537749290466,-0.5135630965232849,0.5844550132751465,1.1716326475143433,0.3495008945465088,0.32790976762771606,1.1375306844711304,-0.05617189407348633,0.5520057678222656,1.194993495941162,0.38827693462371826,0.349317342042923,1.1743959188461304,-0.010074158199131489,0.5634845495223999,1.2994619607925415,0.25415176153182983,0.3239782452583313,1.287078857421875,-0.14358368515968323
frame_00253.jpg,0.543820321559906,0.14347289502620697,-0.7352975606918335,0.5714554190635681,0.10121268779039383,-0.6898730993270874,0.5868405103683472,0.10348968952894211,-0.6905297040939331,0.60036301612854,0.10477566719055176,-0.6904874444007874,0.52824467420578,0.09018559008836746,-0.6914827227592468,0.5136970281600952,0.0864546149969101,-0.6920668482780457,0.49894171953201294,0.08400968462228775,-0.6924139261245728,0.6202471852302551,0.12182268500328064,-0.42485538125038147,0.4827210009098053,0.10660222917795181,-0.43212181329727173,0.5694345831871033,0.19209463894367218,-0.6315913796424866,0.5143227577209473,0.18571868538856506,-0.6379392743110657,0.6684544682502747,0.3290390372276306,-0.29460105299949646,0.389911413192749,0.3211819529533386,-0.2890002429485321,0.7669153213500977,0.4960874617099762,-0.42766013741493225,0.2394726276397705,0.5675655007362366,-0.4669467508792877,0.7569681406021118,0.626591145992279,-0.8302421569824219,0.24800166487693787,0.6110079884529114,-0.882049560546875,0.775750994682312,0.6446657180786133,-0.9246940612792969,0.24646560847759247,0.6389751434326172,-0.983328640460968,0.7504404187202454,0.612188458442688,-0.9589405059814453,0.2763141393661499,0.607597291469574,-1.0148680210113525,0.7241271138191223,0.609427809715271,-0.8514728546142578,0.29143938422203064,0.5978368520736694,-0.906907856464386,0.5711641907691956,0.7671159505844116,0.02477623149752617,0.4012692868709564,0.7467493414878845,-0.025190213695168495,0.7291711568832397,0.9640387296676636,-0.1298958659172058,0.24293425679206848,0.8025553822517395,-0.4882255494594574,0.5863851308822632,1.1633074283599854,0.24195797741413116,0.3301015794277191,1.1176750659942627,-0.047048404812812805,0.5522552728652954,1.1870474815368652,0.2731653153896332,0.35479193925857544,1.1545798778533936,-0.0012663800735026598,0.5646673440933228,1.2925026416778564,0.15685513615608215,0.32425063848495483,1.266033411026001,-0.10423436015844345
frame_00254.jpg,0.5438184142112732,0.1454024314880371,-0.717768669128418,0.5715533494949341,0.10262896120548248,-0.6736189723014832,0.5868455767631531,0.1045084223151207,-0.6742672920227051,0.6003391742706299,0.10576412826776505,-0.6742099523544312,0.528192400932312,0.09492404758930206,-0.673643946647644,0.5136966109275818,0.09256670624017715,-0.6742072105407715,0.498980849981308,0.09081020206212997,-0.6745213270187378,0.619454026222229,0.12270121276378632,-0.4109662175178528,0.48310646414756775,0.11223850399255753,-0.4118584990501404,0.5695737600326538,0.19394376873970032,-0.6150218844413757,0.5146230459213257,0.1870916336774826,-0.6194237470626831,0.6686848998069763,0.3298262357711792,-0.288764625787735,0.39163297414779663,0.3213781714439392,-0.2657971978187561,0.7662366032600403,0.4927839934825897,-0.4378214478492737,0.252064973115921,0.5581614971160889,-0.4597650170326233,0.7559567093849182,0.6286630630493164,-0.8824735879898071,0.25133514404296875,0.6048069596290588,-0.9030469059944153,0.7785250544548035,0.6456950902938843,-0.9868137240409851,0.252806156873703,0.6275062561035156,-1.0102603435516357,0.7491763234138489,0.6176278591156006,-1.0299326181411743,0.2764844298362732,0.6009633541107178,-1.0419180393218994,0.7230157256126404,0.6167075037956238,-0.9107217788696289,0.2890849709510803,0.593673825263977,-0.9288016557693481,0.5713538527488708,0.7674680948257446,0.02170942910015583,0.403484046459198,0.748263418674469,-0.022113030776381493,0.7329616546630859,0.9647298455238342,-0.16764847934246063,0.23943333327770233,0.7974872589111328,-0.4973011910915375,0.5859983563423157,1.1793683767318726,0.14774388074874878,0.34922295808792114,1.1237598657608032,-0.09076561033725739,0.5516160726547241,1.2062054872512817,0.17266646027565002,0.3779136538505554,1.1611804962158203,-0.04729604348540306,0.5629243850708008,1.3118582963943481,0.03521455079317093,0.34630486369132996,1.2739275693893433,-0.13245172798633575
frame_00255.jpg,0.5426086187362671,0.14931273460388184,-0.7066219449043274,0.5713199377059937,0.10422297567129135,-0.6622034311294556,0.5866378545761108,0.10592106729745865,-0.6628392338752747,0.6001453399658203,0.10722889751195908,-0.6627765893936157,0.526025116443634,0.0987667590379715,-0.6609843969345093,0.5111963748931885,0.09717461466789246,-0.6615766286849976,0.49690431356430054,0.0960138812661171,-0.6619234085083008,0.6191961765289307,0.12351110577583313,-0.3988855481147766,0.48226863145828247,0.11568482965230942,-0.39455652236938477,0.5693510174751282,0.19833292067050934,-0.6038200855255127,0.5139448046684265,0.19128592312335968,-0.6064941883087158,0.6687246561050415,0.33090391755104065,-0.2782532572746277,0.3917764127254486,0.32196396589279175,-0.253197580575943,0.7640453577041626,0.4919961392879486,-0.4446234703063965,0.25343772768974304,0.5556735396385193,-0.4597679078578949,0.7531589865684509,0.6307269930839539,-0.8843094706535339,0.25838327407836914,0.5873025059700012,-0.9434297680854797,0.7760556936264038,0.6454556584358215,-0.9847714304924011,0.2580128312110901,0.6173267960548401,-1.0592498779296875,0.7462924718856812,0.6199649572372437,-1.0222103595733643,0.28690898418426514,0.5857662558555603,-1.086050033569336,0.7207856178283691,0.619270384311676,-0.9082329869270325,0.2984279692173004,0.5775330662727356,-0.9683529138565063,0.5714593529701233,0.7677381634712219,0.019706081598997116,0.40374717116355896,0.7488557696342468,-0.020103223621845245,0.7424887418746948,0.9604726433753967,-0.18428075313568115,0.23944763839244843,0.7780268788337708,-0.5234125852584839,0.5858322978019714,1.1414090394973755,0.15401822328567505,0.3686315417289734,1.0848582983016968,-0.16260525584220886,0.5494991540908813,1.1593596935272217,0.18449926376342773,0.3979245126247406,1.1177340745925903,-0.12075060606002808,0.5577667951583862,1.268734335899353,0.07661224901676178,0.37468358874320984,1.2299622297286987,-0.19239464402198792
frame_00256.jpg,0.5418110489845276,0.15098616480827332,-0.7137863039970398,0.5711629390716553,0.10561804473400116,-0.6710578203201294,0.5864191651344299,0.10742561519145966,-0.6716828346252441,0.6000071167945862,0.1089235320687294,-0.6715554594993591,0.5253329873085022,0.10074467957019806,-0.6657285690307617,0.5105318427085876,0.09942498058080673,-0.6662577986717224,0.4965915083885193,0.09844686090946198,-0.6665643453598022,0.6192206144332886,0.12508226931095123,-0.4163660407066345,0.48275262117385864,0.11721612513065338,-0.4120807647705078,0.5689705610275269,0.20003001391887665,-0.6174532771110535,0.5136745572090149,0.19319425523281097,-0.6083906292915344,0.6689863801002502,0.3314293324947357,-0.29702359437942505,0.39417150616645813,0.3216629922389984,-0.26040327548980713,0.7590633630752563,0.4845336377620697,-0.4804733395576477,0.25344783067703247,0.5525735020637512,-0.4894331097602844,0.7537640333175659,0.6225178241729736,-0.9140313863754272,0.2594575583934784,0.5743837952613831,-0.9891175031661987,0.7791342735290527,0.6397771239280701,-1.012512445449829,0.25826147198677063,0.6027889251708984,-1.1072722673416138,0.7512490749359131,0.6152057647705078,-1.0528550148010254,0.2865521311759949,0.5670145153999329,-1.135233998298645,0.7250807881355286,0.6101659536361694,-0.9386552572250366,0.29892534017562866,0.5614157319068909,-1.0150822401046753,0.5682980418205261,0.7679423093795776,0.019722841680049896,0.40308231115341187,0.7487447261810303,-0.02011903002858162,0.7314478158950806,0.9614921808242798,-0.1500653326511383,0.24183261394500732,0.7851639986038208,-0.5307347178459167,0.5862363576889038,1.141945242881775,0.21427306532859802,0.36559244990348816,1.0972447395324707,-0.14673569798469543,0.5517280697822571,1.1614631414413452,0.2452809363603592,0.39633578062057495,1.1332579851150513,-0.10500562191009521,0.5678942203521729,1.2689911127090454,0.15021388232707977,0.36491191387176514,1.2423017024993896,-0.19697582721710205
frame_00257.jpg,0.5379801988601685,0.15187308192253113,-0.677327036857605,0.5688208341598511,0.10579469799995422,-0.6318755745887756,0.584170937538147,0.10749202221632004,-0.6325135827064514,0.5974361896514893,0.1089368537068367,-0.6324399709701538,0.5212309956550598,0.10154564678668976,-0.6279004812240601,0.5059606432914734,0.10028103739023209,-0.6285098791122437,0.49338215589523315,0.09945383667945862,-0.628879725933075,0.6177948713302612,0.12499454617500305,-0.37098774313926697,0.4822559356689453,0.11760686337947845,-0.35473504662513733,0.5668323636054993,0.20065106451511383,-0.576415479183197,0.5109738111495972,0.1948310285806656,-0.5742084383964539,0.66945481300354,0.3286105692386627,-0.25002843141555786,0.3941177427768707,0.3205040991306305,-0.2114100456237793,0.7591622471809387,0.4859713912010193,-0.4112985134124756,0.2526385486125946,0.5424424409866333,-0.4165317118167877,0.7526358366012573,0.6291043758392334,-0.8125481605529785,0.2506381869316101,0.5614439249038696,-0.9002887606620789,0.7757812142372131,0.6414773464202881,-0.9027382731437683,0.24719569087028503,0.5876582860946655,-1.0108935832977295,0.7448761463165283,0.6237003207206726,-0.9364337921142578,0.2808378338813782,0.5466042757034302,-1.0361989736557007,0.7239729166030884,0.6219788193702698,-0.8331130146980286,0.2951199412345886,0.5428056716918945,-0.9246739149093628,0.5685292482376099,0.7667772769927979,0.018415726721286774,0.40330666303634644,0.7493795156478882,-0.018849831074476242,0.7320674657821655,0.9523386359214783,-0.10708330571651459,0.2434532642364502,0.7899519801139832,-0.4320642054080963,0.5789806842803955,1.0913182497024536,0.2973406910896301,0.3069251775741577,1.0875189304351807,-0.09067194163799286,0.5433638095855713,1.106532335281372,0.3337329030036926,0.3276880979537964,1.1257820129394531,-0.05345596745610237,0.5526989102363586,1.2044997215270996,0.25684335827827454,0.28110837936401367,1.2241768836975098,-0.1280546486377716
frame_00258.jpg,0.5340635776519775,0.15197794139385223,-0.7781808972358704,0.5649630427360535,0.1057000532746315,-0.7382174730300903,0.5811381936073303,0.10738689452409744,-0.7388802766799927,0.5943341255187988,0.10888016223907471,-0.7387958765029907,0.5177915096282959,0.10148034989833832,-0.7306916117668152,0.503062903881073,0.10017883032560349,-0.7313202619552612,0.4915391802787781,0.09931142628192902,-0.731695294380188,0.6161099672317505,0.12485773116350174,-0.4785383343696594,0.4822901785373688,0.11751248687505722,-0.4454689919948578,0.5627894401550293,0.20065735280513763,-0.6757254600524902,0.5092818140983582,0.19549712538719177,-0.6697724461555481,0.6694586277008057,0.31936904788017273,-0.33834001421928406,0.39430809020996094,0.31561121344566345,-0.27440518140792847,0.7580099701881409,0.48475217819213867,-0.5232117772102356,0.2488313913345337,0.5322614908218384,-0.48041820526123047,0.7522798180580139,0.621168851852417,-0.963024914264679,0.24597671627998352,0.5328968167304993,-0.9852524995803833,0.7765508890151978,0.6411527395248413,-1.0640230178833008,0.23851251602172852,0.5525259375572205,-1.1039280891418457,0.7424430847167969,0.6213549971580505,-1.0988256931304932,0.2755732834339142,0.5201452970504761,-1.1300127506256104,0.7224271893501282,0.6198688745498657,-0.9849492311477661,0.2931208610534668,0.5182980895042419,-1.0109996795654297,0.5683835744857788,0.7552603483200073,0.015320805832743645,0.4050891399383545,0.7448965311050415,-0.015754707157611847,0.7329517006874084,0.9457924365997314,-0.07414937019348145,0.24442139267921448,0.7913191914558411,-0.4413902163505554,0.5999208688735962,1.1066758632659912,0.3530905544757843,0.31168076395988464,1.0875604152679443,-0.07954103499650955,0.5689157247543335,1.125783920288086,0.39029982686042786,0.3299643397331238,1.1247023344039917,-0.041212476789951324,0.5806947946548462,1.2276886701583862,0.301753968000412,0.2989513874053955,1.2282803058624268,-0.12592174112796783
frame_00259.jpg,0.5323840379714966,0.15104994177818298,-0.7587423920631409,0.5619115233421326,0.1049913540482521,-0.7176437973976135,0.578725278377533,0.10673970729112625,-0.7182748913764954,0.5921589732170105,0.10838001221418381,-0.7181699275970459,0.5170685648918152,0.10133200138807297,-0.708186149597168,0.5028219819068909,0.1000702753663063,-0.7088108658790588,0.49149981141090393,0.09907451272010803,-0.7091957926750183,0.6152271032333374,0.12452615797519684,-0.45533138513565063,0.4827110171318054,0.11744298040866852,-0.41528788208961487,0.5601116418838501,0.19954754412174225,-0.6551750898361206,0.5089237093925476,0.1947927325963974,-0.6471630930900574,0.6700403690338135,0.31599074602127075,-0.3115249276161194,0.3960534930229187,0.3088997006416321,-0.2550711929798126,0.7583250999450684,0.4842202365398407,-0.5060811042785645,0.23383073508739471,0.5336281061172485,-0.4799705445766449,0.7531729936599731,0.6166604161262512,-0.9573558568954468,0.24857494235038757,0.5097320675849915,-0.9968256950378418,0.7782875895500183,0.6410557627677917,-1.0599921941757202,0.23948884010314941,0.527150571346283,-1.120047688484192,0.7449002861976624,0.6194287538528442,-1.0913331508636475,0.2795264422893524,0.4971221685409546,-1.1417368650436401,0.7219224572181702,0.6180628538131714,-0.9840526580810547,0.2997010052204132,0.49699029326438904,-1.02128267288208,0.5702563524246216,0.7517602443695068,0.014762301929295063,0.4070565700531006,0.7432305812835693,-0.015205961652100086,0.7478535175323486,0.9373539090156555,-0.09904153645038605,0.2435782253742218,0.7835838794708252,-0.442798912525177,0.6144620180130005,1.1145336627960205,0.3322284519672394,0.31646251678466797,1.0809707641601562,-0.05520026758313179,0.5826811194419861,1.1358275413513184,0.37323400378227234,0.33670881390571594,1.1191710233688354,-0.01322558056563139,0.5918604135513306,1.2380156517028809,0.2743590474128723,0.30403584241867065,1.221948266029358,-0.10555045306682587
frame_00260.jpg,0.5315313339233398,0.14858423173427582,-0.7347038984298706,0.5604913234710693,0.10277063399553299,-0.6929783225059509,0.5772538781166077,0.1044287383556366,-0.6936209797859192,0.590538740158081,0.10582254081964493,-0.6935358643531799,0.5164670944213867,0.09998694807291031,-0.6842056512832642,0.5025114417076111,0.09914559870958328,-0.6848249435424805,0.4914984107017517,0.09850206971168518,-0.6852095127105713,0.6140632033348083,0.12176620960235596,-0.4345581531524658,0.483236163854599,0.11658274382352829,-0.3967342972755432,0.5592378377914429,0.1957312375307083,-0.6332365870475769,0.5087778568267822,0.19293361902236938,-0.626041054725647,0.6718108654022217,0.3148162066936493,-0.2946557402610779,0.39678433537483215,0.30483478307724,-0.2466997355222702,0.7588580250740051,0.4856368601322174,-0.4817642569541931,0.22290048003196716,0.5314080715179443,-0.4750724732875824,0.7528282403945923,0.6160058379173279,-0.9206840395927429,0.2544631361961365,0.4889930486679077,-0.989979088306427,0.77652907371521,0.6401631832122803,-1.0210983753204346,0.24268357455730438,0.5003376603126526,-1.112416386604309,0.7452887892723083,0.6161300539970398,-1.0546618700027466,0.2906167507171631,0.4832594096660614,-1.1337487697601318,0.7211381196975708,0.6150087714195251,-0.9446303248405457,0.3121718466281891,0.487896591424942,-1.0141268968582153,0.5748177766799927,0.7528263330459595,0.014874519780278206,0.40913742780685425,0.7436292171478271,-0.015317474491894245,0.7544485330581665,0.9306137561798096,-0.10083605349063873,0.24389322102069855,0.7763294577598572,-0.44585123658180237,0.626237690448761,1.1169734001159668,0.3161657750606537,0.32000648975372314,1.0820105075836182,-0.06107058376073837,0.5929510593414307,1.1391627788543701,0.3530077636241913,0.34081488847732544,1.1197819709777832,-0.019331853836774826,0.6156752109527588,1.242995023727417,0.2553769648075104,0.3076091408729553,1.2293273210525513,-0.11500438302755356
frame_00261.jpg,0.5310825109481812,0.14450164139270782,-0.7493133544921875,0.5595724582672119,0.10008876025676727,-0.7059250473976135,0.5762105584144592,0.10189869999885559,-0.7065696716308594,0.5895397067070007,0.10317965596914291,-0.7065034508705139,0.5163844227790833,0.09605950862169266,-0.6956693530082703,0.502614438533783,0.09453263133764267,-0.6962977051734924,0.4916051924228668,0.09328298270702362,-0.6967189908027649,0.6133031845092773,0.11906026303768158,-0.43773168325424194,0.4839157164096832,0.11137603968381882,-0.4040625989437103,0.5586009621620178,0.189472958445549,-0.6432062983512878,0.5087577104568481,0.18743211030960083,-0.6333475708961487,0.6722568869590759,0.31191885471343994,-0.29259374737739563,0.395833283662796,0.302615225315094,-0.2496652603149414,0.7600001096725464,0.4879681169986725,-0.47353434562683105,0.21368971467018127,0.532489001750946,-0.476142555475235,0.7527708411216736,0.6177970767021179,-0.9190513491630554,0.2606185972690582,0.4947836697101593,-1.008838415145874,0.7755917906761169,0.6397637724876404,-1.0202792882919312,0.25650250911712646,0.4879480302333832,-1.134588360786438,0.7445201873779297,0.615765392780304,-1.0528814792633057,0.3011954128742218,0.46655961871147156,-1.1507383584976196,0.720667839050293,0.614665687084198,-0.9422098994255066,0.32003289461135864,0.4815141558647156,-1.0307519435882568,0.576335072517395,0.7534765601158142,0.015026005916297436,0.41000160574913025,0.7471601366996765,-0.015468967147171497,0.7618407011032104,0.933498740196228,-0.10734473168849945,0.2518607974052429,0.7887367010116577,-0.45614466071128845,0.6352220773696899,1.119966745376587,0.3324717879295349,0.32167190313339233,1.0826162099838257,-0.022050557658076286,0.6027655601501465,1.1424942016601562,0.3722434639930725,0.3430521786212921,1.1180284023284912,0.027375156059861183,0.6216857433319092,1.2461515665054321,0.25744181871414185,0.3086654543876648,1.2254374027252197,-0.076690174639225
frame_00262.jpg,0.5307416319847107,0.14116837084293365,-0.7767223715782166,0.5595962405204773,0.09475100040435791,-0.73321533203125,0.5762854218482971,0.09681650996208191,-0.733843207359314,0.5897082090377808,0.09840328246355057,-0.7337698936462402,0.5164022445678711,0.08834969252347946,-0.7239521741867065,0.5027021765708923,0.08585191518068314,-0.7246195077896118,0.4916897714138031,0.08379606157541275,-0.7250221967697144,0.614205002784729,0.11277725547552109,-0.46059370040893555,0.486250102519989,0.09830107539892197,-0.42097267508506775,0.5582571029663086,0.1857318878173828,-0.6691746711730957,0.5084400773048401,0.18314027786254883,-0.6608600616455078,0.6749184727668762,0.3073062598705292,-0.30747169256210327,0.39724260568618774,0.2966371476650238,-0.2548498511314392,0.7601301074028015,0.48867934942245483,-0.49963754415512085,0.21701164543628693,0.49927908182144165,-0.4516724944114685,0.7532435655593872,0.615096926689148,-0.9594612121582031,0.2557655870914459,0.5167696475982666,-0.9222152829170227,0.7748829126358032,0.6387876868247986,-1.0656423568725586,0.25816279649734497,0.5067790746688843,-1.0348985195159912,0.7461248636245728,0.6015465259552002,-1.0975252389907837,0.3007812798023224,0.48681315779685974,-1.060516119003296,0.7218964695930481,0.5890842080116272,-0.9812592267990112,0.3166298270225525,0.49451544880867004,-0.9460300207138062,0.5767643451690674,0.7514013648033142,0.0151371406391263,0.4102023243904114,0.7360300421714783,-0.015577499754726887,0.7628980875015259,0.9280073642730713,-0.15445926785469055,0.2619667649269104,0.792648434638977,-0.4529879689216614,0.648127555847168,1.1219360828399658,0.24984240531921387,0.29491227865219116,1.0822786092758179,-0.0359765999019146,0.6180636882781982,1.1443182229995728,0.2834683060646057,0.3101944923400879,1.1179835796356201,0.009587777778506279,0.6324460506439209,1.2478848695755005,0.15395939350128174,0.2749279737472534,1.2214112281799316,-0.09027300029993057
frame_00263.jpg,0.5307908654212952,0.13892561197280884,-0.7685019373893738,0.5597496628761292,0.09190595149993896,-0.727224588394165,0.5763740539550781,0.09389465302228928,-0.727810263633728,0.5897897481918335,0.09547842293977737,-0.7277004718780518,0.5164963006973267,0.08485550433397293,-0.7181234955787659,0.5028149485588074,0.08191177248954773,-0.7188373804092407,0.4920366704463959,0.07967433333396912,-0.7192497253417969,0.6150402426719666,0.10899227112531662,-0.45928072929382324,0.4877210557460785,0.09485180675983429,-0.42124098539352417,0.5583375692367554,0.18278390169143677,-0.6636623740196228,0.5085525512695312,0.18047909438610077,-0.6561046242713928,0.6763879060745239,0.30688273906707764,-0.30435919761657715,0.39808255434036255,0.29246535897254944,-0.2567268908023834,0.7632855176925659,0.48911091685295105,-0.4985332489013672,0.21602754294872284,0.48977595567703247,-0.3981974124908447,0.7544886469841003,0.6141883134841919,-0.9635841250419617,0.2544289231300354,0.5642406940460205,-0.7919551730155945,0.7747084498405457,0.6368753910064697,-1.0696606636047363,0.2608870565891266,0.5824594497680664,-0.8950068354606628,0.7444297075271606,0.5944302082061768,-1.0993971824645996,0.2988033890724182,0.5478823184967041,-0.9237483739852905,0.7214556932449341,0.5828260779380798,-0.9842521548271179,0.31406986713409424,0.5388439893722534,-0.8147850036621094,0.5744365453720093,0.7519100308418274,0.017938964068889618,0.4090035557746887,0.7319336533546448,-0.018400954082608223,0.724892258644104,0.9396815896034241,-0.03201482072472572,0.2635497450828552,0.8067330121994019,-0.4419897198677063,0.6422015428543091,1.1515575647354126,0.3586350083351135,0.30232134461402893,1.105636477470398,-0.05220714211463928,0.6099385619163513,1.177409291267395,0.3902236819267273,0.32044047117233276,1.1378477811813354,-0.015082599595189095,0.630725085735321,1.285467267036438,0.2672424614429474,0.27544403076171875,1.259859561920166,-0.1379440724849701
frame_00264.jpg,0.5308094024658203,0.1361716091632843,-0.7954753637313843,0.5594038963317871,0.09016083925962448,-0.75859534740448,0.5760842561721802,0.0923081710934639,-0.7592226266860962,0.5896933674812317,0.09399595856666565,-0.759132981300354,0.5166767835617065,0.0825343132019043,-0.7505030035972595,0.5033227205276489,0.07935846596956253,-0.7512050867080688,0.4928245544433594,0.07700001448392868,-0.7516118288040161,0.6150190234184265,0.10798217356204987,-0.5075699687004089,0.48954883217811584,0.09196953475475311,-0.4731873571872711,0.557918131351471,0.17939884960651398,-0.6952846050262451,0.5085617303848267,0.17602597177028656,-0.689214825630188,0.6769095659255981,0.30362266302108765,-0.35623687505722046,0.39808958768844604,0.29021310806274414,-0.3099783957004547,0.7642198801040649,0.48831138014793396,-0.5812613368034363,0.21666307747364044,0.48587360978126526,-0.41134920716285706,0.7562472820281982,0.6050196886062622,-1.0654394626617432,0.2534743845462799,0.5666491985321045,-0.853308379650116,0.7752760648727417,0.6214768886566162,-1.1763919591903687,0.2587980628013611,0.5939496755599976,-0.9612801671028137,0.746841549873352,0.5666540265083313,-1.2038445472717285,0.29584479331970215,0.5574109554290771,-0.9902859926223755,0.7264126539230347,0.559307336807251,-1.0857956409454346,0.30523157119750977,0.547019362449646,-0.8774735331535339,0.5717692971229553,0.7501012682914734,0.017980437725782394,0.40802064538002014,0.7290447354316711,-0.01843792200088501,0.6880339980125427,0.9636543393135071,-0.0020210021175444126,0.26539695262908936,0.8226511478424072,-0.4364128112792969,0.6055650115013123,1.167969822883606,0.3932209014892578,0.3158727288246155,1.122038722038269,-0.056561700999736786,0.58442622423172,1.1920685768127441,0.4248599112033844,0.3292500376701355,1.151409387588501,-0.022426437586545944,0.5874418020248413,1.3001575469970703,0.29764994978904724,0.3086589276790619,1.2780681848526,-0.15484286844730377
frame_00265.jpg,0.5309160947799683,0.13340799510478973,-0.8163660168647766,0.5592089295387268,0.08766079694032669,-0.7799018621444702,0.5759570598602295,0.08961515873670578,-0.7805421948432922,0.5896626114845276,0.09113890677690506,-0.7804603576660156,0.5167845487594604,0.0796685442328453,-0.7716196179389954,0.5033947825431824,0.07660774886608124,-0.7723112106323242,0.49305644631385803,0.07452715188264847,-0.7727267742156982,0.6146923303604126,0.1035616472363472,-0.5280165672302246,0.48995909094810486,0.08982611447572708,-0.4923332631587982,0.5580074191093445,0.17578443884849548,-0.7156749963760376,0.5087519884109497,0.17222541570663452,-0.7093024253845215,0.6774863004684448,0.3030323088169098,-0.3716445863246918,0.3988316059112549,0.28719279170036316,-0.3261227011680603,0.7642487287521362,0.48849621415138245,-0.5924988985061646,0.2177438735961914,0.4847036898136139,-0.46807393431663513,0.7560039162635803,0.5980785489082336,-1.072434425354004,0.2531617283821106,0.5590709447860718,-0.9242485761642456,0.774855375289917,0.6155812740325928,-1.1818277835845947,0.25863611698150635,0.5903333425521851,-1.0410239696502686,0.7470361590385437,0.5595449805259705,-1.2116447687149048,0.2946346402168274,0.5560876131057739,-1.0704134702682495,0.726527988910675,0.5516266226768494,-1.0932912826538086,0.3003970980644226,0.5418258309364319,-0.9497572779655457,0.5686133503913879,0.7504501938819885,0.017953306436538696,0.4065566062927246,0.7256066799163818,-0.018401741981506348,0.6695741415023804,0.9745840430259705,-0.019528446719050407,0.26770690083503723,0.8256019949913025,-0.4740786552429199,0.5780043005943298,1.167748212814331,0.4170320928096771,0.3202541470527649,1.1285840272903442,-0.11893706023693085,0.5589035153388977,1.191010594367981,0.4531169533729553,0.3310494124889374,1.1605554819107056,-0.0845968946814537,0.5541757345199585,1.296529769897461,0.33079642057418823,0.318922758102417,1.2800410985946655,-0.22680756449699402
frame_00266.jpg,0.5309746861457825,0.1308947056531906,-0.8460915684700012,0.5585886240005493,0.08574077486991882,-0.8081014752388,0.5754363536834717,0.08766131848096848,-0.8087595701217651,0.589258074760437,0.0891556665301323,-0.8086433410644531,0.516808271408081,0.07854714244604111,-0.7987169027328491,0.5034542083740234,0.07601659744977951,-0.7993406653404236,0.49332791566848755,0.0742591843008995,-0.799774706363678,0.6136956810951233,0.10102664679288864,-0.5476046204566956,0.49114713072776794,0.08961562812328339,-0.5066509246826172,0.5580741167068481,0.17299893498420715,-0.7422653436660767,0.5094180703163147,0.16951361298561096,-0.7345418334007263,0.6785972118377686,0.3019138276576996,-0.38933032751083374,0.3996984362602234,0.2864268720149994,-0.327231228351593,0.7642706632614136,0.48779451847076416,-0.6330462098121643,0.21848592162132263,0.48582860827445984,-0.486811101436615,0.7565104961395264,0.5923160314559937,-1.1629228591918945,0.2531558573246002,0.5544453859329224,-0.9739574193954468,0.7761794328689575,0.60599684715271,-1.2845672369003296,0.2583763003349304,0.5882140398025513,-1.0977184772491455,0.7497981786727905,0.5504422783851624,-1.3142735958099365,0.2916247248649597,0.5536991357803345,-1.130096197128296,0.7285953164100647,0.5484848618507385,-1.1848063468933105,0.2953263521194458,0.5373433828353882,-1.001805305480957,0.5677899718284607,0.7505205273628235,0.01693699136376381,0.40668702125549316,0.7248631119728088,-0.017317434772849083,0.6612895727157593,0.9854552745819092,0.01215514075011015,0.26745328307151794,0.8283604383468628,-0.5208094716072083,0.5729144215583801,1.183117151260376,0.4823337495326996,0.32696184515953064,1.143094539642334,-0.15601839125156403,0.554932713508606,1.207634449005127,0.5200722217559814,0.33933618664741516,1.1766613721847534,-0.12037646770477295,0.5467894077301025,1.310817837715149,0.3837648034095764,0.327188640832901,1.29464852809906,-0.2717585265636444
frame_00267.jpg,0.5310292840003967,0.12887774407863617,-0.7510546445846558,0.5582117438316345,0.08301768451929092,-0.7107733488082886,0.5751971006393433,0.08462060242891312,-0.7113580703735352,0.5891499519348145,0.08600571006536484,-0.7111790776252747,0.5168386697769165,0.07703764736652374,-0.7021276354789734,0.503520131111145,0.07510192692279816,-0.7027021646499634,0.4933905005455017,0.07387450337409973,-0.7030996084213257,0.6131186485290527,0.0964742973446846,-0.44529789686203003,0.49121350049972534,0.08969369530677795,-0.4085858464241028,0.558209240436554,0.17045870423316956,-0.6454445123672485,0.5102611184120178,0.16735076904296875,-0.6391263008117676,0.6804847717285156,0.3008768856525421,-0.292991042137146,0.40091943740844727,0.28405481576919556,-0.2323555052280426,0.770246148109436,0.5013903975486755,-0.5621485114097595,0.2189144641160965,0.4832800626754761,-0.3864514231681824,0.7568582892417908,0.58160799741745,-1.0819605588912964,0.2525752782821655,0.5486535429954529,-0.861380934715271,0.7764401435852051,0.5931645035743713,-1.1922318935394287,0.2531452476978302,0.5833866596221924,-0.9773818254470825,0.7499601244926453,0.5343690514564514,-1.2303555011749268,0.2876494824886322,0.5517370700836182,-1.0073294639587402,0.7282810807228088,0.5354501008987427,-1.1066406965255737,0.29535844922065735,0.5378868579864502,-0.8876457214355469,0.5710843205451965,0.7515688538551331,0.016893457621335983,0.40957123041152954,0.7272307276725769,-0.017264878377318382,0.6776698231697083,0.9811151027679443,-0.01621144451200962,0.2648339867591858,0.8278260827064514,-0.5412325263023376,0.5866857767105103,1.1998075246810913,0.4461023211479187,0.3420531451702118,1.15469229221344,-0.19271418452262878,0.5696009397506714,1.2309439182281494,0.5026882886886597,0.35932332277297974,1.1905089616775513,-0.15846401453018188,0.5627391934394836,1.32796311378479,0.30298513174057007,0.34894850850105286,1.307937741279602,-0.31088879704475403
frame_00268.jpg,0.5309378504753113,0.12556466460227966,-0.7456759214401245,0.5574547052383423,0.07858069986104965,-0.7022765278816223,0.5747285485267639,0.0800522044301033,-0.7028610706329346,0.5888393521308899,0.08175612986087799,-0.7026961445808411,0.5164853930473328,0.07464827597141266,-0.6939688324928284,0.5035213828086853,0.07325494289398193,-0.6945672631263733,0.4934306740760803,0.07239517569541931,-0.6949499249458313,0.6125394701957703,0.09315403550863266,-0.42492467164993286,0.49148091673851013,0.08855685591697693,-0.3897830545902252,0.5582593679428101,0.16672290861606598,-0.6364819407463074,0.510536789894104,0.1633143424987793,-0.6306102275848389,0.6811949610710144,0.3010321259498596,-0.26820534467697144,0.4017782211303711,0.2829623520374298,-0.2062099725008011,0.7759090662002563,0.5105787515640259,-0.5254096388816833,0.2190150022506714,0.4801720380783081,-0.37844303250312805,0.7567481398582458,0.580157995223999,-1.054173231124878,0.25251010060310364,0.5430925488471985,-0.8827115893363953,0.7766395211219788,0.5823075175285339,-1.1676396131515503,0.2525605261325836,0.583177924156189,-0.9975120425224304,0.749650776386261,0.5269166231155396,-1.1969722509384155,0.28755509853363037,0.5505443215370178,-1.027033805847168,0.72800612449646,0.531467080116272,-1.0755137205123901,0.29527345299720764,0.537826418876648,-0.9084702730178833,0.5728206038475037,0.7528512477874756,0.013973608613014221,0.41010743379592896,0.7317436337471008,-0.014318117871880531,0.6845271587371826,0.9830576181411743,-0.010162780061364174,0.26462316513061523,0.8266893029212952,-0.5250669717788696,0.5970050096511841,1.1986342668533325,0.470914363861084,0.3387559950351715,1.148998498916626,-0.10798691213130951,0.5821638703346252,1.2292264699935913,0.5120830535888672,0.3571259081363678,1.1843223571777344,-0.06792568415403366,0.5700569152832031,1.3233094215393066,0.3432362377643585,0.34732434153556824,1.3001856803894043,-0.2854398488998413
frame_00269.jpg,0.5309149622917175,0.12262096256017685,-0.6452984809875488,0.5575023293495178,0.07303879410028458,-0.6017956733703613,0.5747916102409363,0.07433680444955826,-0.6024107336997986,0.589037299156189,0.07650372385978699,-0.6023296117782593,0.5163511633872986,0.07093653827905655,-0.5939534902572632,0.5034943222999573,0.0699053704738617,-0.5945715308189392,0.4934433102607727,0.06929250061511993,-0.5949133634567261,0.6128753423690796,0.09023940563201904,-0.3456386923789978,0.4914856553077698,0.08610997349023819,-0.31027358770370483,0.5584876537322998,0.16432319581508636,-0.5455184578895569,0.5105637907981873,0.16136005520820618,-0.539657473564148,0.682869553565979,0.3008553385734558,-0.22029900550842285,0.4021446704864502,0.283296138048172,-0.15778034925460815,0.7762914896011353,0.5099148750305176,-0.4631373882293701,0.2233690321445465,0.47840845584869385,-0.33628806471824646,0.756668210029602,0.5822275280952454,-0.9745228886604309,0.25242939591407776,0.5376690626144409,-0.806933581829071,0.776519238948822,0.5870038270950317,-1.0885887145996094,0.2522386610507965,0.567894697189331,-0.9226294755935669,0.7483946084976196,0.5313699841499329,-1.10769522190094,0.2873191237449646,0.5434730648994446,-0.9445613622665405,0.7263281345367432,0.5351366400718689,-0.991646409034729,0.2951105535030365,0.5352819561958313,-0.831267237663269,0.5753672122955322,0.7561562657356262,0.013915227726101875,0.41321855783462524,0.7363352179527283,-0.014272039756178856,0.6558700203895569,0.9954277873039246,0.1758735030889511,0.3235088586807251,0.8963674902915955,-0.18801695108413696,0.5992579460144043,1.2091727256774902,0.5919442176818848,0.3383082449436188,1.1512525081634521,0.2064829170703888,0.5891872644424438,1.2408992052078247,0.6240752935409546,0.3549649119377136,1.1836053133010864,0.2437678873538971,0.5723453164100647,1.3297728300094604,0.4685395359992981,0.3441137671470642,1.2982449531555176,0.09691594541072845
frame_00270.jpg,0.5309401154518127,0.12114851176738739,-0.6568377614021301,0.5575224757194519,0.07023736089468002,-0.6153050661087036,0.5749646425247192,0.07144876569509506,-0.6159523725509644,0.5893436670303345,0.07354403287172318,-0.6159031391143799,0.5163341760635376,0.0680174008011818,-0.6078785061836243,0.5034796595573425,0.06693165749311447,-0.6085017919540405,0.4933200776576996,0.06639867275953293,-0.6088718175888062,0.6130443215370178,0.08713261038064957,-0.35876187682151794,0.4910922646522522,0.08346274495124817,-0.32621651887893677,0.5588363409042358,0.16299109160900116,-0.5557770729064941,0.5105724334716797,0.16031689941883087,-0.5507491230964661,0.6834739446640015,0.3010800778865814,-0.22607874870300293,0.4021114408969879,0.28379619121551514,-0.16342023015022278,0.7794288992881775,0.5245696902275085,-0.44768255949020386,0.22886939346790314,0.4807124435901642,-0.35410767793655396,0.7578586339950562,0.5837185382843018,-0.9347354769706726,0.2541750371456146,0.5275833010673523,-0.8456904292106628,0.7794920802116394,0.588306725025177,-1.0419611930847168,0.25310203433036804,0.5511599183082581,-0.9629803895950317,0.7484362721443176,0.5327840447425842,-1.0602262020111084,0.287191778421402,0.5294837355613708,-0.9850369691848755,0.7264434099197388,0.5373150706291199,-0.9500327110290527,0.29511940479278564,0.5252684950828552,-0.8698655366897583,0.573708176612854,0.7597704529762268,0.013971430249512196,0.4131339192390442,0.7371198534965515,-0.014328722842037678,0.6279151439666748,1.0256859064102173,0.24569296836853027,0.3243710398674011,0.9101271033287048,-0.19300813972949982,0.5676517486572266,1.216696858406067,0.7654436826705933,0.33729952573776245,1.1567193269729614,0.22847464680671692,0.560100257396698,1.2445317506790161,0.8097988367080688,0.34931620955467224,1.188022494316101,0.2702610492706299,0.5292940735816956,1.3363405466079712,0.6846331357955933,0.343803346157074,1.3031033277511597,0.13796822726726532
frame_00271.jpg,0.5319522619247437,0.12003526836633682,-0.6112126708030701,0.5581828355789185,0.06889114528894424,-0.564063549041748,0.5758901834487915,0.07007808238267899,-0.5646517276763916,0.5904167890548706,0.07190534472465515,-0.5645535588264465,0.5169026255607605,0.06645355373620987,-0.5576173067092896,0.5039330720901489,0.06537941843271255,-0.5582243800163269,0.4936315417289734,0.06494013220071793,-0.5585974454879761,0.6134237051010132,0.08550223708152771,-0.28936970233917236,0.49108704924583435,0.08296355605125427,-0.2609573006629944,0.5607107877731323,0.16211174428462982,-0.5042909383773804,0.5115605592727661,0.1591573804616928,-0.5002707839012146,0.6833692193031311,0.30068615078926086,-0.15884456038475037,0.40251216292381287,0.284157395362854,-0.09768593311309814,0.7790378332138062,0.524694561958313,-0.399848073720932,0.2398146688938141,0.48176953196525574,-0.2689991891384125,0.7588962316513062,0.5833125710487366,-0.9184743762016296,0.25120335817337036,0.5283707976341248,-0.7633463740348816,0.7834519743919373,0.589136004447937,-1.0280681848526,0.2446138560771942,0.5491998195648193,-0.874707043170929,0.7551398873329163,0.5354720950126648,-1.0473949909210205,0.2711484730243683,0.5198268890380859,-0.9045270681381226,0.7270907163619995,0.5376578569412231,-0.9354683756828308,0.2785452902317047,0.5153076648712158,-0.7903933525085449,0.5698925256729126,0.7617248892784119,0.012660322710871696,0.4113127291202545,0.7373168468475342,-0.013012799434363842,0.6372511982917786,1.0170130729675293,0.089650958776474,0.3131982684135437,0.8901271224021912,-0.45951637625694275,0.5065597295761108,1.19249427318573,0.40619856119155884,0.3363645672798157,1.1535229682922363,-0.09216977655887604,0.4834631085395813,1.2163151502609253,0.4323601722717285,0.34886282682418823,1.185526728630066,-0.05277104303240776,0.4548202455043793,1.3009949922561646,0.2679087519645691,0.3423920273780823,1.3010200262069702,-0.1944621056318283
frame_00272.jpg,0.5347405672073364,0.12014395743608475,-0.7888246178627014,0.5620068311691284,0.06941843032836914,-0.7436230778694153,0.5798608660697937,0.07086358964443207,-0.7442863583564758,0.5949183702468872,0.07278832048177719,-0.7442166805267334,0.5191168785095215,0.06522064656019211,-0.7404302358627319,0.5059266686439514,0.06393507868051529,-0.7410350441932678,0.495333731174469,0.06345203518867493,-0.7413800954818726,0.6174306273460388,0.08648758381605148,-0.46477752923965454,0.4920157492160797,0.08206503093242645,-0.45141592621803284,0.563433051109314,0.1624251902103424,-0.6790543794631958,0.5129825472831726,0.15844079852104187,-0.6791655421257019,0.6830112338066101,0.30123597383499146,-0.311659038066864,0.40230751037597656,0.2843804359436035,-0.26472190022468567,0.7933567762374878,0.5236679315567017,-0.5355238914489746,0.23391099274158478,0.49529722332954407,-0.4225649833679199,0.7481971383094788,0.5663720369338989,-1.053828477859497,0.25771376490592957,0.5327485799789429,-0.9290329217910767,0.74834144115448,0.5758610367774963,-1.1701775789260864,0.2505559027194977,0.5572329163551331,-1.0531327724456787,0.7081505060195923,0.5371838808059692,-1.1847776174545288,0.29085713624954224,0.5371561646461487,-1.077927827835083,0.6961622834205627,0.5393110513687134,-1.0676943063735962,0.3024563491344452,0.5341393947601318,-0.9529653787612915,0.569551944732666,0.7625837922096252,0.013813125900924206,0.40971940755844116,0.7373683452606201,-0.014173652045428753,0.6477269530296326,1.0103447437286377,-0.004503125790506601,0.3102054297924042,0.8845731019973755,-0.49290674924850464,0.5136540532112122,1.1545153856277466,0.4394054412841797,0.3433859944343567,1.1454827785491943,-0.08302728831768036,0.4867973327636719,1.1692765951156616,0.4868744909763336,0.3564399778842926,1.1761858463287354,-0.0394059382379055,0.4718201756477356,1.2736018896102905,0.40488409996032715,0.3489939868450165,1.291416883468628,-0.1632138043642044
frame_00273.jpg,0.5372782349586487,0.12029944360256195,-0.7855126857757568,0.5646832585334778,0.07003188878297806,-0.7422546148300171,0.582145094871521,0.0715036541223526,-0.7429209351539612,0.597367525100708,0.07331015169620514,-0.742981493473053,0.5213561058044434,0.0648595318198204,-0.7340408563613892,0.5080410242080688,0.06339898705482483,-0.7348740696907043,0.49716734886169434,0.06287829577922821,-0.7352045178413391,0.6197958588600159,0.08664795011281967,-0.4496018886566162,0.493037611246109,0.0817265659570694,-0.44319844245910645,0.5650376677513123,0.16256313025951385,-0.669561505317688,0.5144539475440979,0.1574030965566635,-0.6773017644882202,0.6829816102981567,0.30137354135513306,-0.3078709840774536,0.4021860659122467,0.2847103774547577,-0.2273857146501541,0.8001781702041626,0.5152159333229065,-0.4946054518222809,0.23191788792610168,0.49632006883621216,-0.3604978024959564,0.7198171019554138,0.5652482509613037,-0.9600443840026855,0.256897509098053,0.5348138809204102,-0.8386082649230957,0.6995376944541931,0.5792993903160095,-1.0666415691375732,0.2463035136461258,0.5618547201156616,-0.9519607424736023,0.6662544012069702,0.5392282605171204,-1.0701096057891846,0.28546345233917236,0.5399782061576843,-0.9779898524284363,0.6671260595321655,0.5404791235923767,-0.9664193987846375,0.3002640902996063,0.5374062061309814,-0.8621536493301392,0.5757032632827759,0.7629126310348511,0.013367405161261559,0.4130013883113861,0.7424314618110657,-0.01370356697589159,0.6842749714851379,0.9937000870704651,-0.043713342398405075,0.30530741810798645,0.8804311156272888,-0.5445066690444946,0.5319935083389282,1.1509212255477905,0.35416314005851746,0.40906786918640137,1.1203500032424927,-0.11603482067584991,0.5058301091194153,1.1708077192306519,0.3911692500114441,0.434068500995636,1.143329381942749,-0.06748639792203903,0.49501705169677734,1.2718923091888428,0.2811541259288788,0.4339589476585388,1.2685877084732056,-0.16894997656345367
frame_00274.jpg,0.539870023727417,0.12051967531442642,-0.7471945285797119,0.5684579610824585,0.07009759545326233,-0.7043489217758179,0.584792971611023,0.0717804953455925,-0.7049473524093628,0.5995784401893616,0.07373905926942825,-0.704926073551178,0.5245878100395203,0.06502335518598557,-0.7025666832923889,0.5111626386642456,0.06337365508079529,-0.7031664848327637,0.49987173080444336,0.06275127828121185,-0.7033926248550415,0.6222506761550903,0.08686967939138412,-0.42867398262023926,0.495030015707016,0.08124427497386932,-0.4350527226924896,0.5669037699699402,0.1628476232290268,-0.6375975012779236,0.5161828398704529,0.1566929817199707,-0.6476168632507324,0.6829572916030884,0.30146104097366333,-0.3009563982486725,0.40238672494888306,0.2849307358264923,-0.22654655575752258,0.8003811836242676,0.5111944079399109,-0.4908348023891449,0.225772425532341,0.497927188873291,-0.3680030405521393,0.7077251672744751,0.556174635887146,-0.9561834335327148,0.25826042890548706,0.5348209142684937,-0.8452433347702026,0.6815622448921204,0.5713016390800476,-1.0632812976837158,0.24641387164592743,0.5619983077049255,-0.9610992670059204,0.6496862173080444,0.530761182308197,-1.0673738718032837,0.290279746055603,0.540242075920105,-0.9881833791732788,0.650424063205719,0.533713698387146,-0.9632695913314819,0.3068520426750183,0.5374763607978821,-0.8709408044815063,0.5796148180961609,0.7609930634498596,0.015046385116875172,0.41592487692832947,0.7423245906829834,-0.015424782410264015,0.7210555672645569,0.9390115141868591,-0.13201436400413513,0.26995742321014404,0.8457340598106384,-0.562164306640625,0.5528115034103394,1.1506346464157104,0.2185794860124588,0.4092528820037842,1.1213496923446655,-0.1854504942893982,0.5076730251312256,1.1748467683792114,0.24930866062641144,0.4370824694633484,1.1455800533294678,-0.14388535916805267,0.5358685851097107,1.2748810052871704,0.13906627893447876,0.42352956533432007,1.2691823244094849,-0.24647924304008484
frame_00275.jpg,0.5427019000053406,0.12069115787744522,-0.8513810038566589,0.5714514255523682,0.0719214677810669,-0.8106867671012878,0.5869373083114624,0.0740991160273552,-0.8113336563110352,0.6012192368507385,0.07626944035291672,-0.8112515211105347,0.5277181267738342,0.0652911365032196,-0.8068698644638062,0.5143070816993713,0.06357039511203766,-0.8074564933776855,0.5026280879974365,0.06283415853977203,-0.8078181147575378,0.6237407326698303,0.08943195641040802,-0.5424720048904419,0.4970409870147705,0.08117995411157608,-0.5293194055557251,0.5686103105545044,0.16307201981544495,-0.7442501187324524,0.5179626941680908,0.15603677928447723,-0.7451041340827942,0.6815382242202759,0.300861656665802,-0.3900957703590393,0.40239015221595764,0.2849479019641876,-0.3244192898273468,0.7988674640655518,0.5086785554885864,-0.6004658937454224,0.21926049888134003,0.4997948706150055,-0.48165860772132874,0.7018715143203735,0.5591309070587158,-1.0811359882354736,0.26418858766555786,0.5397036075592041,-0.9716137647628784,0.6729055643081665,0.5725478529930115,-1.195314645767212,0.2542155385017395,0.5685167908668518,-1.0976804494857788,0.6465731859207153,0.5275779962539673,-1.2031865119934082,0.2986491322517395,0.548047661781311,-1.1177958250045776,0.6457450985908508,0.5331169366836548,-1.0900651216506958,0.31148093938827515,0.5422492623329163,-0.9932855367660522,0.5826342105865479,0.7543309330940247,0.014657167717814445,0.42014771699905396,0.7372009754180908,-0.015041684731841087,0.729796290397644,0.9434451460838318,-0.08465847373008728,0.26602908968925476,0.8396972417831421,-0.5302246809005737,0.6293376088142395,1.1699784994125366,0.3195205330848694,0.3974337577819824,1.1216882467269897,-0.1315174102783203,0.6028021574020386,1.2038365602493286,0.35350969433784485,0.41861239075660706,1.1477128267288208,-0.09019635617733002,0.6207557916641235,1.301144003868103,0.23100142180919647,0.4134300649166107,1.2699095010757446,-0.20658746361732483
frame_00276.jpg,0.5440030694007874,0.12087032198905945,-0.9624619483947754,0.5740920305252075,0.07253272831439972,-0.9199813008308411,0.5893035531044006,0.07495013624429703,-0.9206711053848267,0.6031724214553833,0.07728776335716248,-0.9205425977706909,0.5286574959754944,0.06538984179496765,-0.9143984913825989,0.5147879719734192,0.06344293802976608,-0.9149495363235474,0.5029491186141968,0.06254228204488754,-0.9153372645378113,0.6267188787460327,0.0911274328827858,-0.6303480863571167,0.49707522988319397,0.08082932978868484,-0.6086686849594116,0.570002555847168,0.16416339576244354,-0.8464012145996094,0.5182431936264038,0.1562291979789734,-0.844559371471405,0.680992603302002,0.3009307086467743,-0.4653518795967102,0.40106743574142456,0.2868604063987732,-0.37937280535697937,0.7983174920082092,0.5091153979301453,-0.706619143486023,0.21511432528495789,0.5016301274299622,-0.5640174150466919,0.6990436315536499,0.5736168026924133,-1.2166773080825806,0.2644272446632385,0.5413839817047119,-1.0852028131484985,0.6711710691452026,0.5749130845069885,-1.3376312255859375,0.2563132643699646,0.5719927549362183,-1.2184453010559082,0.6443961262702942,0.5289701819419861,-1.3461934328079224,0.2987174689769745,0.5501472353935242,-1.2361782789230347,0.6430619955062866,0.533265233039856,-1.2265336513519287,0.31072595715522766,0.543628454208374,-1.107037901878357,0.5862358808517456,0.7548664808273315,0.012685689143836498,0.4214741587638855,0.7384998202323914,-0.013048405759036541,0.7090834379196167,0.9461957216262817,-0.07427443563938141,0.2995668947696686,0.8823921084403992,-0.5330801010131836,0.6157695651054382,1.2006421089172363,0.5107839107513428,0.38423922657966614,1.1685526371002197,-0.11865635961294174,0.5973048806190491,1.2303335666656494,0.5599453449249268,0.3995044529438019,1.203920841217041,-0.07741080224514008,0.5928868055343628,1.3355826139450073,0.43076080083847046,0.3902713358402252,1.3178658485412598,-0.22859303653240204
frame_00277.jpg,0.5455024242401123,0.12206673622131348,-1.0497831106185913,0.5769726037979126,0.07551727443933487,-1.007374882698059,0.5921012163162231,0.07787630707025528,-1.0080807209014893,0.6055018901824951,0.08027242124080658,-1.0079708099365234,0.5307851433753967,0.06633578985929489,-1.0032390356063843,0.5165005922317505,0.06369999051094055,-1.0038013458251953,0.504309356212616,0.06262190639972687,-1.0041754245758057,0.6300711631774902,0.09516814351081848,-0.7073038816452026,0.49823084473609924,0.08090516924858093,-0.6925082802772522,0.5716760158538818,0.16699515283107758,-0.9291104078292847,0.5189734697341919,0.15698154270648956,-0.9292415380477905,0.6805557012557983,0.3025749623775482,-0.5201950073242188,0.4007333219051361,0.28795987367630005,-0.4469382166862488,0.7994197607040405,0.5111140012741089,-0.763298749923706,0.21471014618873596,0.5072160959243774,-0.6340433955192566,0.7007349133491516,0.5742061138153076,-1.2995258569717407,0.2645275294780731,0.5439519882202148,-1.1771442890167236,0.6854225397109985,0.5640786290168762,-1.427174687385559,0.2564384341239929,0.5725415349006653,-1.315787434577942,0.6533554792404175,0.5207735896110535,-1.4383310079574585,0.2986729145050049,0.5515617728233337,-1.3382136821746826,0.6465072631835938,0.5326197743415833,-1.311413049697876,0.310600221157074,0.5456082820892334,-1.2011377811431885,0.5864946246147156,0.7549299597740173,0.012804033234715462,0.4210665822029114,0.7385332584381104,-0.013159574940800667,0.7021150588989258,0.9430896043777466,-0.0587267205119133,0.30487796664237976,0.8861373066902161,-0.5669523477554321,0.6077731847763062,1.2127017974853516,0.5165616273880005,0.3583342432975769,1.1723123788833618,-0.11968761682510376,0.5879782438278198,1.2435802221298218,0.5634450912475586,0.3706013262271881,1.210218071937561,-0.07712814956903458,0.5864282846450806,1.3432642221450806,0.41729211807250977,0.35782089829444885,1.3169629573822021,-0.2486659586429596
frame_00278.jpg,0.5465127825737,0.12308373302221298,-0.9299100041389465,0.5789499878883362,0.07792212069034576,-0.886509120464325,0.5941817164421082,0.08023282140493393,-0.8871834874153137,0.607262909412384,0.0827019065618515,-0.8871065378189087,0.532027006149292,0.06720917671918869,-0.883189857006073,0.5173550248146057,0.06385557353496552,-0.8837741613388062,0.5049046277999878,0.06272900849580765,-0.8841192126274109,0.6322457790374756,0.09849553555250168,-0.6006654500961304,0.4987162947654724,0.08093727380037308,-0.5881088376045227,0.5728880167007446,0.16953112185001373,-0.815906822681427,0.5193207859992981,0.1581331342458725,-0.8166397213935852,0.6802003383636475,0.3038548529148102,-0.4364631772041321,0.40014714002609253,0.2908426821231842,-0.37529879808425903,0.7993952035903931,0.5157486796379089,-0.665820837020874,0.2152208536863327,0.512073278427124,-0.5435911417007446,0.7015259861946106,0.5649200081825256,-1.1766066551208496,0.2617087960243225,0.5504812598228455,-1.118782639503479,0.6906400322914124,0.5601015686988831,-1.294830083847046,0.25458163022994995,0.5784985423088074,-1.1951639652252197,0.6606096029281616,0.5146390199661255,-1.3060005903244019,0.28912049531936646,0.5537706613540649,-1.228691577911377,0.653156042098999,0.5245378613471985,-1.1885302066802979,0.3021656274795532,0.547768771648407,-1.1415431499481201,0.5855754613876343,0.7551224231719971,0.014015832915902138,0.4167194366455078,0.7391137480735779,-0.014399987645447254,0.7070151567459106,0.9442282915115356,-0.09032075107097626,0.30487558245658875,0.8916048407554626,-0.47425299882888794,0.5789384841918945,1.1712380647659302,0.35341677069664,0.363750159740448,1.1367262601852417,0.014796474948525429,0.5471570491790771,1.194008469581604,0.3925795555114746,0.3782373070716858,1.162124752998352,0.0665569081902504,0.553320050239563,1.3080410957336426,0.2777065634727478,0.3683861196041107,1.2791733741760254,-0.03379274532198906
frame_00279.jpg,0.546991229057312,0.12470173090696335,-0.9240657091140747,0.5799257755279541,0.07983358949422836,-0.8799125552177429,0.5951478481292725,0.08210235089063644,-0.8806072473526001,0.6080641746520996,0.0846930667757988,-0.8805519342422485,0.5323317646980286,0.06854399293661118,-0.8781059384346008,0.5173479914665222,0.06464000046253204,-0.878738284111023,0.5048321485519409,0.06306589394807816,-0.8790877461433411,0.6330305337905884,0.1005195900797844,-0.595285952091217,0.4986669421195984,0.08097731322050095,-0.5881920456886292,0.5735470056533813,0.173277348279953,-0.8111998438835144,0.5194188356399536,0.160527765750885,-0.8133560419082642,0.6794432997703552,0.3083643913269043,-0.4195488393306732,0.3981271982192993,0.2954578101634979,-0.3935093581676483,0.7989636063575745,0.5204355716705322,-0.6407526731491089,0.21544590592384338,0.51809161901474,-0.5341979265213013,0.7308453917503357,0.558663010597229,-1.1431870460510254,0.2627294957637787,0.559914767742157,-1.0728815793991089,0.7273156046867371,0.5624488592147827,-1.250521183013916,0.2621963620185852,0.5869407653808594,-1.1853830814361572,0.6885758638381958,0.5170882940292358,-1.2809221744537354,0.29604387283325195,0.5589302778244019,-1.2194292545318604,0.6805417537689209,0.5248017311096191,-1.1664258241653442,0.30507996678352356,0.5502614974975586,-1.1030552387237549,0.5791881680488586,0.7556118369102478,0.018422771245241165,0.4112683832645416,0.7391661405563354,-0.018845923244953156,0.7111861705780029,0.9513194561004639,-0.06174233555793762,0.3078005909919739,0.8928577899932861,-0.3492102026939392,0.5799134969711304,1.153480052947998,0.3704848289489746,0.3391740322113037,1.114829421043396,0.10598571598529816,0.5484395027160645,1.1732617616653442,0.4117162227630615,0.35014480352401733,1.1403695344924927,0.1535642445087433,0.5597261190414429,1.2882376909255981,0.33582907915115356,0.33839982748031616,1.251752257347107,0.055367179214954376
frame_00280.jpg,0.5496832132339478,0.1256384700536728,-0.8165959119796753,0.5816232562065125,0.0816902220249176,-0.769069492816925,0.5967562794685364,0.08366305381059647,-0.7697372436523438,0.6095767617225647,0.08616967499256134,-0.7697070837020874,0.5351622700691223,0.07114651054143906,-0.7712260484695435,0.5201297402381897,0.0667644739151001,-0.7718561887741089,0.5070364475250244,0.06437559425830841,-0.7721937894821167,0.6337975263595581,0.10239056497812271,-0.48663249611854553,0.5000904202461243,0.0816524475812912,-0.4964512288570404,0.5752704739570618,0.17428803443908691,-0.7058502435684204,0.5216041803359985,0.16132351756095886,-0.7128689289093018,0.6791619062423706,0.3121701776981354,-0.31751710176467896,0.3981613516807556,0.2962554097175598,-0.3372834622859955,0.7960560917854309,0.5200483798980713,-0.513123631477356,0.21636176109313965,0.5213013887405396,-0.4188973307609558,0.7403585910797119,0.55523681640625,-1.0251939296722412,0.26671648025512695,0.5663415789604187,-0.8244841694831848,0.74447101354599,0.5644046664237976,-1.1388136148452759,0.2714662551879883,0.5956310629844666,-0.9308608770370483,0.709610104560852,0.5174689292907715,-1.1608970165252686,0.30411067605018616,0.562949001789093,-0.9614819288253784,0.6985074281692505,0.5213913321495056,-1.0440179109573364,0.3108450770378113,0.5523975491523743,-0.8477538824081421,0.5717231631278992,0.7572371363639832,0.02823682688176632,0.4055911898612976,0.7403510212898254,-0.02870284579694271,0.7197737097740173,0.9506514668464661,-0.05254014581441879,0.3086257576942444,0.8918506503105164,-0.39173954725265503,0.5707387328147888,1.1154135465621948,0.3796822726726532,0.32944244146347046,1.1134628057479858,0.051858555525541306,0.5343105792999268,1.1330198049545288,0.4180527329444885,0.33924931287765503,1.139918565750122,0.09925299882888794,0.5506407022476196,1.235512375831604,0.3265817165374756,0.32956209778785706,1.2517483234405518,-0.0017051997128874063
frame_00281.jpg,0.5507899522781372,0.12631499767303467,-0.7156242728233337,0.5828652381896973,0.08251406252384186,-0.6643553376197815,0.5979414582252502,0.084561787545681,-0.6649354100227356,0.6109439134597778,0.08727428317070007,-0.6648356914520264,0.537098228931427,0.07171762734651566,-0.6667629480361938,0.5221203565597534,0.0670650526881218,-0.6673343777656555,0.5089336633682251,0.06442534178495407,-0.6676429510116577,0.6346977949142456,0.10443047434091568,-0.3635331690311432,0.5018116235733032,0.081751249730587,-0.3758678436279297,0.5758762955665588,0.17551782727241516,-0.5978212356567383,0.5223802328109741,0.162263423204422,-0.6053962111473083,0.6792148947715759,0.31399041414260864,-0.19206944108009338,0.39849036931991577,0.29756292700767517,-0.22406497597694397,0.7943939566612244,0.5358178019523621,-0.41191211342811584,0.216822549700737,0.5238314867019653,-0.3559882640838623,0.7408081889152527,0.5580967664718628,-0.9625105857849121,0.2678300142288208,0.5697316527366638,-0.8114018440246582,0.744019627571106,0.5683586001396179,-1.0808110237121582,0.27323049306869507,0.5970056056976318,-0.9267271757125854,0.7139817476272583,0.518315851688385,-1.1006534099578857,0.3070913851261139,0.56260085105896,-0.9519221186637878,0.6998276114463806,0.5217936038970947,-0.9808754920959473,0.31430089473724365,0.552118718624115,-0.8329213261604309,0.5722987651824951,0.7631927728652954,0.03563849255442619,0.40567144751548767,0.7451031804084778,-0.03609027713537216,0.7463783621788025,0.9477981925010681,-0.20699341595172882,0.267395555973053,0.8741899728775024,-0.5177109837532043,0.5656213164329529,1.1272215843200684,0.13286572694778442,0.36113566160202026,1.1724392175674438,-0.09513591229915619,0.5239814519882202,1.148901104927063,0.16201314330101013,0.37918347120285034,1.2098846435546875,-0.0489494688808918,0.5388795137405396,1.2472612857818604,0.021863769739866257,0.37829962372779846,1.318392038345337,-0.17970755696296692
frame_00282.jpg,0.5520540475845337,0.12411059439182281,-0.7644613981246948,0.5830623507499695,0.07998566329479218,-0.7190661430358887,0.5982490181922913,0.08235437422990799,-0.7197030186653137,0.6114748120307922,0.08493144810199738,-0.719626784324646,0.5378623008728027,0.06833480298519135,-0.7184978127479553,0.5234783887863159,0.06402027606964111,-0.7190965414047241,0.510397732257843,0.061429452151060104,-0.7194300889968872,0.6351376175880432,0.10167459398508072,-0.42041000723838806,0.5023294687271118,0.07920143753290176,-0.4176730215549469,0.5769553780555725,0.17116452753543854,-0.653110146522522,0.5244944095611572,0.15901128947734833,-0.6568642854690552,0.6794177889823914,0.31312793493270874,-0.24363796412944794,0.3988574743270874,0.29633378982543945,-0.2512085437774658,0.7914217114448547,0.5189483761787415,-0.4828858971595764,0.21742193400859833,0.5232816338539124,-0.3861910402774811,0.7420121431350708,0.5580559372901917,-0.9996862411499023,0.2675554156303406,0.5682908892631531,-0.7752646803855896,0.7515849471092224,0.5685235857963562,-1.1135839223861694,0.27186086773872375,0.595376193523407,-0.8777257204055786,0.721472978591919,0.5188872218132019,-1.133032202720642,0.30592241883277893,0.5619052648544312,-0.9077444076538086,0.7044654488563538,0.5198509097099304,-1.0166445970535278,0.31376931071281433,0.5518999695777893,-0.7981058955192566,0.570689857006073,0.7631691694259644,0.03381599858403206,0.4038945734500885,0.744130551815033,-0.034259241074323654,0.733322024345398,0.9579788446426392,-0.0694057047367096,0.2996731400489807,0.8979247212409973,-0.3383035659790039,0.5670123100280762,1.1513997316360474,0.25991347432136536,0.3448210656642914,1.1652101278305054,0.05993974953889847,0.5287537574768066,1.1755497455596924,0.30104321241378784,0.3553696274757385,1.20038640499115,0.10102765262126923,0.5434614419937134,1.279876947402954,0.17132651805877686,0.35520482063293457,1.3106318712234497,-0.0133557990193367
frame_00283.jpg,0.5533620119094849,0.12217557430267334,-0.8668509721755981,0.5835607051849365,0.07765325903892517,-0.8221084475517273,0.5988861918449402,0.0803513154387474,-0.8227982521057129,0.6122417449951172,0.08292827010154724,-0.8227850198745728,0.5387372970581055,0.06533278524875641,-0.8197282552719116,0.5248368382453918,0.061342716217041016,-0.8203645944595337,0.5118532776832581,0.058915261179208755,-0.820721447467804,0.6361372470855713,0.09970751404762268,-0.5414443612098694,0.5031566023826599,0.0774695873260498,-0.5298147797584534,0.5781151652336121,0.16798193752765656,-0.7583191394805908,0.5260483026504517,0.15679550170898438,-0.7592178583145142,0.6802892684936523,0.31307870149612427,-0.36960482597351074,0.40082764625549316,0.29481804370880127,-0.36410796642303467,0.7881188988685608,0.5015422701835632,-0.5896660089492798,0.2225418984889984,0.5177751183509827,-0.5383176207542419,0.7450316548347473,0.5588182210922241,-1.0866756439208984,0.26755616068840027,0.5654288530349731,-1.005852460861206,0.756023645401001,0.5698535442352295,-1.2025394439697266,0.2711876630783081,0.5950832962989807,-1.1317976713180542,0.7312410473823547,0.5207374095916748,-1.231013536453247,0.3051379323005676,0.5617145299911499,-1.1594184637069702,0.7099350690841675,0.5202983617782593,-1.1078975200653076,0.3138936460018158,0.5515860915184021,-1.0316416025161743,0.5701802968978882,0.762082040309906,0.03299679607152939,0.4040500223636627,0.7415715456008911,-0.03343232721090317,0.7005171775817871,0.982409656047821,0.05878305435180664,0.32957783341407776,0.9118534922599792,-0.29411420226097107,0.5968785285949707,1.1960508823394775,0.4731777608394623,0.34258919954299927,1.1750930547714233,0.13351541757583618,0.5741854906082153,1.2267297506332397,0.5055731534957886,0.3500959873199463,1.2103015184402466,0.17367315292358398,0.5866432785987854,1.3290632963180542,0.35383352637290955,0.35148295760154724,1.3232357501983643,0.024774493649601936
frame_00284.jpg,0.5538088083267212,0.11977975815534592,-0.863644003868103,0.5843065977096558,0.07484792172908783,-0.8208471536636353,0.5998028516769409,0.0780145600438118,-0.8215214014053345,0.613423228263855,0.08089252561330795,-0.8214842081069946,0.5397776365280151,0.06156253069639206,-0.8163993954658508,0.5261658430099487,0.05764526501297951,-0.8170267939567566,0.5134374499320984,0.055428631603717804,-0.8173893094062805,0.638375461101532,0.09879487007856369,-0.5477265119552612,0.5052875280380249,0.07491372525691986,-0.5277557969093323,0.5789468884468079,0.1656111776828766,-0.7565373778343201,0.5267211198806763,0.15413732826709747,-0.7551081776618958,0.6826590299606323,0.3129514455795288,-0.37541693449020386,0.4035942554473877,0.2934539020061493,-0.3559189438819885,0.785335898399353,0.4981783628463745,-0.5844112038612366,0.2261173278093338,0.5168455243110657,-0.5067995190620422,0.7468694448471069,0.5590140223503113,-1.0798989534378052,0.27058741450309753,0.5653070211410522,-0.9666163325309753,0.7627445459365845,0.5733786225318909,-1.196353793144226,0.27128365635871887,0.5946205258369446,-1.088026523590088,0.7443580627441406,0.5211087465286255,-1.2194679975509644,0.3092075288295746,0.5614414215087891,-1.1150867938995361,0.7233008742332458,0.5195432901382446,-1.0989279747009277,0.3208266496658325,0.5514037013053894,-0.9911869168281555,0.568379819393158,0.7619895339012146,0.03335525095462799,0.4028189182281494,0.7394598722457886,-0.033774036914110184,0.6784826517105103,1.0116859674453735,0.08823354542255402,0.3322027325630188,0.9305110573768616,-0.31946060061454773,0.5946294069290161,1.2322639226913452,0.522588312625885,0.3437192738056183,1.229543685913086,0.05579165369272232,0.5699361562728882,1.264626145362854,0.5557507276535034,0.35181179642677307,1.268045425415039,0.08624182641506195,0.5831998586654663,1.3622629642486572,0.4039746820926666,0.35816365480422974,1.3875523805618286,-0.10396667569875717
frame_00285.jpg,0.5544126629829407,0.11850745230913162,-0.8686815500259399,0.5848164558410645,0.07304836809635162,-0.8262332677841187,0.6006426215171814,0.07642296701669693,-0.826945424079895,0.6145867109298706,0.07953821122646332,-0.8269301652908325,0.5402179956436157,0.05928901955485344,-0.8232086300849915,0.5265344977378845,0.05524442717432976,-0.8238541483879089,0.5139504671096802,0.05309726670384407,-0.8242348432540894,0.6397402286529541,0.09787105023860931,-0.5587013959884644,0.5058826208114624,0.07313723117113113,-0.5447877645492554,0.5799688100814819,0.16435199975967407,-0.7636783123016357,0.5274797677993774,0.15329532325267792,-0.7637883424758911,0.6830408573150635,0.3124256730079651,-0.3897266983985901,0.404207319021225,0.29333144426345825,-0.3837176561355591,0.7796887159347534,0.49349498748779297,-0.5841206312179565,0.22848376631736755,0.5166950821876526,-0.5301715135574341,0.7468134164810181,0.5629490613937378,-1.0787122249603271,0.2703796923160553,0.5679989457130432,-0.9714590311050415,0.768855094909668,0.5793341994285583,-1.1936161518096924,0.27074000239372253,0.5962094068527222,-1.0915706157684326,0.7456129193305969,0.5326615571975708,-1.213916540145874,0.3083902895450592,0.5613012313842773,-1.1174533367156982,0.7224996089935303,0.5255341529846191,-1.094750165939331,0.31990817189216614,0.5512010455131531,-0.9953387975692749,0.5633813142776489,0.761562705039978,0.03437498211860657,0.4004460275173187,0.738121747970581,-0.034800488501787186,0.6728543043136597,1.0079419612884521,0.10605473816394806,0.3311089873313904,0.9226101040840149,-0.24252407252788544,0.5940272808074951,1.2170366048812866,0.5520753264427185,0.32629072666168213,1.1900544166564941,0.18383802473545074,0.567369282245636,1.247867465019226,0.5883722901344299,0.3303091824054718,1.220365285873413,0.22542409598827362,0.5807515382766724,1.346454381942749,0.4640740752220154,0.33434540033340454,1.3402267694473267,0.09783173352479935
frame_00286.jpg,0.5545899868011475,0.11909547448158264,-0.7649605870246887,0.5854204893112183,0.07435885071754456,-0.7212183475494385,0.6012796759605408,0.07750841230154037,-0.7218999862670898,0.6152418851852417,0.08057291805744171,-0.7218566536903381,0.5404292345046997,0.06078518554568291,-0.7185546159744263,0.5266245603561401,0.0565839484333992,-0.71918123960495,0.5140857100486755,0.05427723377943039,-0.7195408940315247,0.6397727131843567,0.09830925613641739,-0.4592434763908386,0.505963146686554,0.07386104017496109,-0.44779348373413086,0.5803220868110657,0.16545087099075317,-0.6626998782157898,0.5274351835250854,0.15410804748535156,-0.663351833820343,0.6830266118049622,0.3123701810836792,-0.3212941288948059,0.40342068672180176,0.29512080550193787,-0.30889394879341125,0.77931147813797,0.49409881234169006,-0.5328594446182251,0.22884133458137512,0.5219486951828003,-0.4757315218448639,0.7461656332015991,0.5742567777633667,-1.014464020729065,0.27133655548095703,0.5691854953765869,-0.9270725250244141,0.7663568258285522,0.5863674879074097,-1.1236478090286255,0.2724913954734802,0.5958020687103271,-1.043684720993042,0.7396348714828491,0.5444374084472656,-1.1461836099624634,0.30925023555755615,0.5609894394874573,-1.0660759210586548,0.7185276746749878,0.5379751920700073,-1.0325037240982056,0.32088297605514526,0.5506686568260193,-0.9495521783828735,0.5636968016624451,0.7619457244873047,0.03362210839986801,0.4002555012702942,0.7394205927848816,-0.0340576246380806,0.6770392060279846,1.0022674798965454,0.06272825598716736,0.32872098684310913,0.9188576340675354,-0.26418337225914,0.5649986267089844,1.2006356716156006,0.4226112365722656,0.3339317739009857,1.1888582706451416,0.007097980938851833,0.5340675711631775,1.222625732421875,0.45608776807785034,0.34402716159820557,1.219197154045105,0.04358217865228653,0.5410943031311035,1.336936354637146,0.4121630787849426,0.3416421711444855,1.335526943206787,-0.04048653692007065
frame_00287.jpg,0.5545340776443481,0.12197945266962051,-0.6982389688491821,0.5856552720069885,0.07803836464881897,-0.6505931615829468,0.6013936996459961,0.08088723570108414,-0.6512225270271301,0.6152724623680115,0.08363893628120422,-0.6511368751525879,0.5403561592102051,0.06517002731561661,-0.6488504409790039,0.5264805555343628,0.06087328866124153,-0.6494450569152832,0.5139589309692383,0.05832469090819359,-0.649754524230957,0.6397336721420288,0.10078702867031097,-0.37860551476478577,0.5058948993682861,0.0775473490357399,-0.3719235360622406,0.5804223418235779,0.17099878191947937,-0.5928006172180176,0.5273906588554382,0.16010485589504242,-0.5949879884719849,0.6829602122306824,0.3152707815170288,-0.24650616943836212,0.40244826674461365,0.3027421236038208,-0.23357634246349335,0.7795284986495972,0.49454620480537415,-0.44189268350601196,0.23421499133110046,0.5268622636795044,-0.3901500403881073,0.7473094463348389,0.5862493515014648,-0.9024395942687988,0.26710718870162964,0.5815690755844116,-0.8103471994400024,0.7637981176376343,0.6329950094223022,-1.0042121410369873,0.2719227969646454,0.6077790856361389,-0.9148688316345215,0.7363560199737549,0.5603618025779724,-1.0263811349868774,0.30544739961624146,0.56987464427948,-0.9409545063972473,0.7165188789367676,0.5622512698173523,-0.9196541905403137,0.3134227693080902,0.5597079396247864,-0.833114504814148,0.5624550580978394,0.7615159749984741,0.03323591127991676,0.3983469009399414,0.7398732900619507,-0.033682651817798615,0.6793383359909058,0.9990114569664001,-0.03939254954457283,0.30443066358566284,0.9179770350456238,-0.42968177795410156,0.5444079637527466,1.1993566751480103,0.2917609214782715,0.3449307382106781,1.1756224632263184,-0.07506424188613892,0.5121722221374512,1.2222840785980225,0.320933997631073,0.36183151602745056,1.2043476104736328,-0.03363969177007675,0.514424741268158,1.3339365720748901,0.2276773899793625,0.35743406414985657,1.321510672569275,-0.11661134660243988
frame_00288.jpg,0.5544849634170532,0.12547098100185394,-0.8615268468856812,0.5858075618743896,0.08139364421367645,-0.8138477206230164,0.6013644933700562,0.08403252065181732,-0.8145405054092407,0.6151779890060425,0.08660002797842026,-0.8144711256027222,0.5402766466140747,0.07007874548435211,-0.8098806142807007,0.5257852673530579,0.0664137527346611,-0.8105039596557617,0.513118326663971,0.06405340880155563,-0.8108487129211426,0.6396099925041199,0.1043490320444107,-0.5228680968284607,0.5054291486740112,0.08273816108703613,-0.5050082206726074,0.5803620219230652,0.1762426793575287,-0.7483071684837341,0.5267447233200073,0.1650811731815338,-0.7474098205566406,0.6824773550033569,0.3189821243286133,-0.3621518909931183,0.4020496904850006,0.3097917437553406,-0.32940438389778137,0.7691630721092224,0.48686373233795166,-0.5756843686103821,0.23799102008342743,0.534605085849762,-0.5100850462913513,0.750800609588623,0.5928303003311157,-1.0623236894607544,0.26377660036087036,0.5889183282852173,-0.9892982244491577,0.7641414403915405,0.6371130347251892,-1.1742115020751953,0.2711470127105713,0.6137827038764954,-1.1099241971969604,0.7447794079780579,0.5605385899543762,-1.2045834064483643,0.30295950174331665,0.5757659673690796,-1.1389615535736084,0.7240599989891052,0.5674656629562378,-1.0842036008834839,0.3090932369232178,0.5657145977020264,-1.0154712200164795,0.5597103834152222,0.7614784836769104,0.03069763258099556,0.3861430287361145,0.7292811870574951,-0.031106481328606606,0.6671540141105652,1.0023424625396729,0.025891989469528198,0.3049265742301941,0.915119469165802,-0.42277058959007263,0.5477733016014099,1.1829941272735596,0.5015320181846619,0.3328414559364319,1.1651533842086792,-0.04256788641214371,0.5193672180175781,1.2002136707305908,0.5425760746002197,0.34508222341537476,1.194715976715088,-3.0531344236806035e-05,0.5190020799636841,1.3120321035385132,0.43444839119911194,0.33858388662338257,1.3070281744003296,-0.10498373210430145
frame_00289.jpg,0.5544058084487915,0.1286788135766983,-0.9340537190437317,0.5858651399612427,0.08480457961559296,-0.8866699934005737,0.6013385653495789,0.0873868390917778,-0.8873613476753235,0.6151109933853149,0.08994216471910477,-0.8872758746147156,0.5401832461357117,0.07484204322099686,-0.8824758529663086,0.5256215333938599,0.07157202810049057,-0.8830825090408325,0.5126550197601318,0.06933292746543884,-0.8834396600723267,0.6395301818847656,0.10731376707553864,-0.5885830521583557,0.5042088627815247,0.08732911944389343,-0.5702810883522034,0.5803207755088806,0.1795669049024582,-0.8174468874931335,0.5261954069137573,0.16881190240383148,-0.8162873387336731,0.6819812059402466,0.3209596872329712,-0.4186115264892578,0.40203943848609924,0.31223294138908386,-0.38025492429733276,0.7668098211288452,0.4868563711643219,-0.6518250107765198,0.24373765289783478,0.5361847281455994,-0.5778231024742126,0.7535232305526733,0.5924728512763977,-1.1706593036651611,0.2577154338359833,0.5925449728965759,-1.0963964462280273,0.7728790044784546,0.6320102214813232,-1.2914388179779053,0.2667578458786011,0.617183268070221,-1.2274227142333984,0.7490480542182922,0.5602484941482544,-1.3227603435516357,0.2965092062950134,0.580361545085907,-1.2601735591888428,0.7289019823074341,0.5660113096237183,-1.1937711238861084,0.30383747816085815,0.5723432302474976,-1.1254603862762451,0.5613458752632141,0.7628551125526428,0.028406474739313126,0.39105337858200073,0.7312794327735901,-0.028754841536283493,0.6757487058639526,1.015704870223999,0.025039399042725563,0.3050881028175354,0.9137443900108337,-0.4779506325721741,0.561006486415863,1.1957228183746338,0.495042622089386,0.3339049220085144,1.1737747192382812,-0.04597257450222969,0.5341078042984009,1.2153031826019287,0.5360667705535889,0.34753626585006714,1.2065619230270386,-0.002081129467114806,0.5322374105453491,1.3249478340148926,0.40913671255111694,0.339199036359787,1.319566011428833,-0.13900955021381378
frame_00290.jpg,0.5543514490127563,0.1294967383146286,-0.8894125819206238,0.5858831405639648,0.08649875968694687,-0.843366265296936,0.6013193130493164,0.08926860988140106,-0.844046413898468,0.6150641441345215,0.0921810045838356,-0.843974769115448,0.5402916669845581,0.07702068239450455,-0.839922308921814,0.525592029094696,0.07389198243618011,-0.8405331373214722,0.512586236000061,0.07165326178073883,-0.8408859372138977,0.6394494771957397,0.11041528731584549,-0.557632565498352,0.504096269607544,0.08951950073242188,-0.5417643785476685,0.5800399780273438,0.18079891800880432,-0.7771801352500916,0.525892972946167,0.16958318650722504,-0.7769876718521118,0.6812323927879333,0.3226465880870819,-0.39322566986083984,0.40206965804100037,0.3126300573348999,-0.36263567209243774,0.7647424936294556,0.48664262890815735,-0.616310715675354,0.2514321208000183,0.5354167819023132,-0.5539180040359497,0.7529739737510681,0.5912145972251892,-1.1519123315811157,0.25433892011642456,0.5910490155220032,-1.0572760105133057,0.7714976668357849,0.6257860660552979,-1.2875601053237915,0.25237715244293213,0.6162261962890625,-1.1821292638778687,0.7486972212791443,0.5589592456817627,-1.2834126949310303,0.29028287529945374,0.582223653793335,-1.2151806354522705,0.7286033034324646,0.5632895827293396,-1.1603100299835205,0.29840606451034546,0.5755617618560791,-1.0860713720321655,0.5624138712882996,0.7628387808799744,0.027753759175539017,0.3928036689758301,0.7336263060569763,-0.028080185875296593,0.7093210816383362,1.0140269994735718,-0.04339904710650444,0.2921399176120758,0.893763542175293,-0.4943760335445404,0.577609121799469,1.1874338388442993,0.39328134059906006,0.36215847730636597,1.1522279977798462,-0.04856177791953087,0.5453509092330933,1.207352876663208,0.43141061067581177,0.3857644200325012,1.1826679706573486,-0.0017017399659380317,0.5575062036514282,1.3172117471694946,0.3150520622730255,0.37352532148361206,1.3018193244934082,-0.1224730834364891
frame_00291.jpg,0.554295539855957,0.13041289150714874,-0.8598684072494507,0.585847020149231,0.08805835247039795,-0.8071651458740234,0.6013028621673584,0.09098632633686066,-0.807827353477478,0.6149987578392029,0.09406541287899017,-0.8077372312545776,0.540247917175293,0.07899387180805206,-0.8048351407051086,0.525475263595581,0.07617060840129852,-0.8054170608520508,0.5122566223144531,0.07415566593408585,-0.805761992931366,0.639119029045105,0.11251963675022125,-0.4999393820762634,0.5032531023025513,0.09174080938100815,-0.48999056220054626,0.5797568559646606,0.18193310499191284,-0.7385686635971069,0.5254713892936707,0.170517235994339,-0.7399429082870483,0.6806334257125854,0.32405826449394226,-0.3375946879386902,0.4020604193210602,0.31259971857070923,-0.3146742880344391,0.7658509016036987,0.489007830619812,-0.5334173440933228,0.2591579556465149,0.5347420573234558,-0.5524056553840637,0.750812828540802,0.5909779667854309,-1.0110934972763062,0.2511264681816101,0.5868213772773743,-1.02652907371521,0.7685502767562866,0.623661994934082,-1.1203416585922241,0.23890817165374756,0.6018635630607605,-1.149994969367981,0.7465558052062988,0.5588656067848206,-1.1486235857009888,0.2782996594905853,0.5686563849449158,-1.1834933757781982,0.7278547286987305,0.5616276860237122,-1.0315979719161987,0.29575061798095703,0.5694440007209778,-1.0554490089416504,0.5687792897224426,0.7628616094589233,0.026642361655831337,0.3979833722114563,0.7364645004272461,-0.026965651661157608,0.7297138571739197,1.0011066198349,-0.08807353675365448,0.288114070892334,0.8804920315742493,-0.5116978287696838,0.5957716107368469,1.184593915939331,0.31206321716308594,0.36604979634284973,1.1422134637832642,-0.0831037163734436,0.562088668346405,1.207073450088501,0.3453626334667206,0.3898620307445526,1.1760210990905762,-0.03772501274943352,0.5772956609725952,1.3091868162155151,0.217324897646904,0.3755097985267639,1.283538579940796,-0.15510037541389465
frame_00292.jpg,0.5531031489372253,0.13366132974624634,-0.5631434321403503,0.5848678946495056,0.09058935195207596,-0.5139960050582886,0.6002103090286255,0.09400073438882828,-0.5145764350891113,0.6138448119163513,0.09737860411405563,-0.5144822597503662,0.5381309986114502,0.08174695074558258,-0.5120212435722351,0.523327648639679,0.07948126643896103,-0.5125913023948669,0.5108068585395813,0.07780865579843521,-0.5129287242889404,0.6367439031600952,0.11371854692697525,-0.24002978205680847,0.5015420913696289,0.09359374642372131,-0.23169085383415222,0.5787781476974487,0.18585093319416046,-0.4565204083919525,0.5238732099533081,0.17375609278678894,-0.45817437767982483,0.6797672510147095,0.32404762506484985,-0.1226026639342308,0.4012661874294281,0.3130069971084595,-0.10267160087823868,0.7663655877113342,0.5015227198600769,-0.29459211230278015,0.25674065947532654,0.5439310669898987,-0.29150301218032837,0.7447302341461182,0.6067752838134766,-0.7219582796096802,0.252972811460495,0.5487237572669983,-0.7650851607322693,0.7538583278656006,0.6302749514579773,-0.811000645160675,0.24049954116344452,0.5638243556022644,-0.8722324371337891,0.7345839142799377,0.5881398320198059,-0.8373343348503113,0.27994275093078613,0.5274762511253357,-0.8985759019851685,0.7179070711135864,0.5885788202285767,-0.7399067282676697,0.2964628338813782,0.5261995196342468,-0.7896637320518494,0.5776593089103699,0.7635680437088013,0.023341462016105652,0.4020155072212219,0.7534923553466797,-0.023704063147306442,0.7316219806671143,0.9779755473136902,-0.13670548796653748,0.28019875288009644,0.8801065683364868,-0.4877963662147522,0.5828866958618164,1.1791386604309082,0.14852523803710938,0.3842856287956238,1.1367982625961304,-0.10331066697835922,0.5445612668991089,1.2036151885986328,0.17344525456428528,0.41244593262672424,1.1679413318634033,-0.059258729219436646,0.5460225343704224,1.3033854961395264,0.0641765147447586,0.3998909592628479,1.2800843715667725,-0.14503113925457
frame_00293.jpg,0.5523564219474792,0.13579505681991577,-0.6499826908111572,0.5842774510383606,0.09185492992401123,-0.6000735759735107,0.5995068550109863,0.09538725763559341,-0.6007108688354492,0.6130082011222839,0.09876542538404465,-0.600649893283844,0.5369378924369812,0.08311892300844193,-0.5980966687202454,0.5219506621360779,0.08100341260433197,-0.5986682772636414,0.5098676681518555,0.07940363138914108,-0.5990225672721863,0.634968101978302,0.11404121667146683,-0.3187642991542816,0.5000214576721191,0.09453172981739044,-0.3101578652858734,0.5782970190048218,0.18851351737976074,-0.540884256362915,0.5228391289710999,0.17617884278297424,-0.5424882769584656,0.6791743636131287,0.32396548986434937,-0.18617898225784302,0.40029773116111755,0.31302541494369507,-0.16654720902442932,0.7665010094642639,0.5015405416488647,-0.35267361998558044,0.25368577241897583,0.5506296157836914,-0.36034342646598816,0.744742751121521,0.6042206287384033,-0.7757790684700012,0.2545667290687561,0.5252100825309753,-0.8351686596870422,0.7539762258529663,0.6282768249511719,-0.8674153089523315,0.24264800548553467,0.5344601273536682,-0.9454434514045715,0.7379836440086365,0.5837774276733398,-0.8948032259941101,0.280276894569397,0.4929981827735901,-0.9697821736335754,0.7191931009292603,0.5834119319915771,-0.7941563129425049,0.30136004090309143,0.49230316281318665,-0.859249472618103,0.5807939767837524,0.7627794742584229,0.023284437134861946,0.4043141007423401,0.7540886402130127,-0.02365630492568016,0.7476514577865601,0.9450069665908813,-0.13185271620750427,0.2831058204174042,0.8684707283973694,-0.4848520755767822,0.6029533743858337,1.1571838855743408,0.18603220582008362,0.38072410225868225,1.1237207651138306,-0.08260675519704819,0.565631628036499,1.1854088306427002,0.2129942625761032,0.4028611183166504,1.157842755317688,-0.03957916423678398,0.5784721374511719,1.2878676652908325,0.10705026239156723,0.38917502760887146,1.2669498920440674,-0.13876140117645264
frame_00294.jpg,0.5510119199752808,0.13753929734230042,-0.6995161771774292,0.5825614333152771,0.09355077147483826,-0.651159405708313,0.5975788831710815,0.09675528109073639,-0.6518263816833496,0.6104692816734314,0.09988128393888474,-0.6517843008041382,0.5342365503311157,0.08631491661071777,-0.649432897567749,0.5193960070610046,0.08452384918928146,-0.6500049829483032,0.5074363946914673,0.08317892253398895,-0.650374710559845,0.63097083568573,0.11534155905246735,-0.3737676441669464,0.49742063879966736,0.098709337413311,-0.3651774525642395,0.5771618485450745,0.1897611916065216,-0.5921775698661804,0.5222831964492798,0.17865519225597382,-0.5938593149185181,0.6760259866714478,0.3238840699195862,-0.23383383452892303,0.3972832262516022,0.31449952721595764,-0.21168453991413116,0.7622551918029785,0.4992430806159973,-0.418477863073349,0.24166151881217957,0.5649517178535461,-0.42490506172180176,0.7518426179885864,0.6029514074325562,-0.8682271838188171,0.25487732887268066,0.5187270045280457,-0.911052405834198,0.7719113230705261,0.6263940930366516,-0.9672189950942993,0.24297046661376953,0.5132456421852112,-1.0216983556747437,0.7437170743942261,0.585833728313446,-0.9949771761894226,0.28239941596984863,0.4690661132335663,-1.0349003076553345,0.7236137390136719,0.5879279971122742,-0.8875824213027954,0.30486059188842773,0.47209984064102173,-0.9319456815719604,0.5768738985061646,0.7615482211112976,0.026397963985800743,0.4025246500968933,0.7533773183822632,-0.02682632766664028,0.7401708364486694,0.9477159976959229,-0.1051645502448082,0.28457263112068176,0.8699656128883362,-0.48222336173057556,0.598704993724823,1.1595206260681152,0.24113500118255615,0.3194843530654907,1.127418875694275,-0.09053097665309906,0.5630000233650208,1.1870652437210083,0.26949238777160645,0.33362188935279846,1.1604961156845093,-0.0512683279812336,0.5779432058334351,1.2921524047851562,0.15563514828681946,0.31234222650527954,1.2714520692825317,-0.15548983216285706
frame_00295.jpg,0.5490478277206421,0.1390382945537567,-0.6806846857070923,0.5808477401733398,0.09490296244621277,-0.6306831240653992,0.5958054661750793,0.0978754460811615,-0.6313642263412476,0.6083863973617554,0.10087718069553375,-0.6313362717628479,0.5316956639289856,0.08859922736883163,-0.6291000843048096,0.5172910094261169,0.08697651326656342,-0.6296702027320862,0.5055147409439087,0.08580239117145538,-0.6300519704818726,0.6289559006690979,0.11655444651842117,-0.35384395718574524,0.4959443509578705,0.10113157331943512,-0.3458198010921478,0.5758774876594543,0.19073913991451263,-0.5742677450180054,0.5213505625724792,0.18041226267814636,-0.5760965347290039,0.6751565933227539,0.32436397671699524,-0.21888642013072968,0.39656510949134827,0.3144146203994751,-0.20527033507823944,0.7623735666275024,0.49969980120658875,-0.4110328257083893,0.24116890132427216,0.5655515789985657,-0.41758066415786743,0.7557772994041443,0.6020408868789673,-0.8733615875244141,0.25528231263160706,0.5190446972846985,-0.8926733732223511,0.7770003080368042,0.6282330751419067,-0.9733489155769348,0.246294304728508,0.5078946948051453,-1.0029191970825195,0.7516494393348694,0.5869057178497314,-0.9998043179512024,0.28404679894447327,0.46273040771484375,-1.0228939056396484,0.7278550267219543,0.583870530128479,-0.8925703167915344,0.3059661090373993,0.4704233407974243,-0.9152317047119141,0.5755652189254761,0.7614954113960266,0.029155995696783066,0.4019135534763336,0.7531020045280457,-0.029619291424751282,0.7462800741195679,0.94209885597229,-0.09546606242656708,0.28207463026046753,0.8619046807289124,-0.4729703366756439,0.6150669455528259,1.158165693283081,0.2416451871395111,0.29718178510665894,1.1155123710632324,-0.09693073481321335,0.5785882472991943,1.1867942810058594,0.26813915371894836,0.3114202916622162,1.1521469354629517,-0.05809802934527397,0.6073898077011108,1.2918980121612549,0.14801296591758728,0.2855226397514343,1.255591869354248,-0.1620321124792099
frame_00296.jpg,0.5488812923431396,0.1389995962381363,-0.7355741858482361,0.5806213021278381,0.09477657824754715,-0.6865454912185669,0.595556378364563,0.09775262326002121,-0.6872955560684204,0.6082814335823059,0.10077127069234848,-0.6873191595077515,0.530924916267395,0.08821354061365128,-0.6885991096496582,0.5161910653114319,0.08645262569189072,-0.689170241355896,0.5046995878219604,0.08518299460411072,-0.6895877122879028,0.6290691494941711,0.1164092943072319,-0.41780105233192444,0.49490833282470703,0.1006690114736557,-0.42311567068099976,0.5757947564125061,0.19064664840698242,-0.6325017809867859,0.5208612680435181,0.18091966211795807,-0.6384776830673218,0.6753567457199097,0.3250862658023834,-0.29316088557243347,0.3957018256187439,0.31446751952171326,-0.28217896819114685,0.7627503275871277,0.4986353814601898,-0.45052534341812134,0.23888881504535675,0.5647679567337036,-0.511751651763916,0.7573310732841492,0.6022599339485168,-0.8851808309555054,0.2571011781692505,0.5247997641563416,-0.9529651403427124,0.7781192660331726,0.6309927105903625,-0.979985237121582,0.25337520241737366,0.5223570466041565,-1.05702805519104,0.754253089427948,0.5937744379043579,-1.0075081586837769,0.2876770496368408,0.4781702160835266,-1.0749435424804688,0.7305639982223511,0.5846689939498901,-0.9041175842285156,0.3064134418964386,0.4821661114692688,-0.9743824005126953,0.5737009644508362,0.7585083246231079,0.02905372902750969,0.40123096108436584,0.7505638003349304,-0.029513493180274963,0.7476330995559692,0.9378275275230408,-0.10689437389373779,0.2631988525390625,0.8055452704429626,-0.46322551369667053,0.6134675741195679,1.1314634084701538,0.23685720562934875,0.30409592390060425,1.096029281616211,-0.09114611893892288,0.5729549527168274,1.1539733409881592,0.2654402256011963,0.32153889536857605,1.1366136074066162,-0.05216919630765915,0.6044154763221741,1.264532446861267,0.15501393377780914,0.2849269211292267,1.2392724752426147,-0.1521388292312622
frame_00297.jpg,0.548022449016571,0.1392766386270523,-0.7704870700836182,0.580348014831543,0.09480317682027817,-0.7244851589202881,0.5954041481018066,0.09782438725233078,-0.725193202495575,0.60821932554245,0.10092789679765701,-0.7251679301261902,0.5300083160400391,0.08814039826393127,-0.7246488332748413,0.5151369571685791,0.08630087971687317,-0.7252713441848755,0.5035943388938904,0.08497702330350876,-0.7256442308425903,0.6291497349739075,0.11686854809522629,-0.45751842856407166,0.49379366636276245,0.1005767360329628,-0.4558957517147064,0.5750232338905334,0.19100134074687958,-0.6668387055397034,0.5197687149047852,0.18137376010417938,-0.6708524227142334,0.6752786636352539,0.32501259446144104,-0.319812536239624,0.39521533250808716,0.3140893280506134,-0.3066524565219879,0.7600492835044861,0.4885168671607971,-0.47313570976257324,0.23509922623634338,0.5424566268920898,-0.4983343183994293,0.7567188739776611,0.6017255187034607,-0.8884018659591675,0.25696104764938354,0.5705931186676025,-0.9154540300369263,0.7766947150230408,0.6311272382736206,-0.9834455251693726,0.2578078508377075,0.5962077975273132,-1.0157558917999268,0.7509478330612183,0.5956985950469971,-1.012756586074829,0.28804251551628113,0.5629968643188477,-1.0363719463348389,0.7286052107810974,0.5897468328475952,-0.9078021049499512,0.3029877245426178,0.5540297627449036,-0.935945987701416,0.5698026418685913,0.7470927834510803,0.02896924875676632,0.39874881505966187,0.7389697432518005,-0.02942664921283722,0.7439882159233093,0.9308487772941589,-0.06500909477472305,0.27768436074256897,0.8245264887809753,-0.3191480338573456,0.6120316982269287,1.1282799243927002,0.30392542481422424,0.2774305045604706,1.086327314376831,0.035580627620220184,0.5768993496894836,1.1523796319961548,0.33373403549194336,0.28742021322250366,1.1258580684661865,0.07055272907018661,0.59893399477005,1.2581822872161865,0.21448831260204315,0.25668972730636597,1.2162939310073853,-0.04740367457270622
frame_00298.jpg,0.547528862953186,0.1399146467447281,-0.7949683666229248,0.5800377130508423,0.09544787555932999,-0.7459720969200134,0.5951902270317078,0.0984102338552475,-0.7466448545455933,0.6079784631729126,0.10137833654880524,-0.7465869188308716,0.5293906927108765,0.08876145631074905,-0.7460366487503052,0.5144522190093994,0.08687177300453186,-0.746640682220459,0.5029357671737671,0.08553103357553482,-0.7469784021377563,0.6289366483688354,0.11711648851633072,-0.46338534355163574,0.4933164715766907,0.100883848965168,-0.46227484941482544,0.5745275616645813,0.19127799570560455,-0.6851495504379272,0.5193520784378052,0.1818685680627823,-0.6892811059951782,0.6752844452857971,0.3249432444572449,-0.3209921419620514,0.39524373412132263,0.3135855495929718,-0.3038162589073181,0.7595986723899841,0.48678284883499146,-0.49811267852783203,0.2349718064069748,0.5289286375045776,-0.5038816332817078,0.7547978162765503,0.6063345670700073,-0.93053138256073,0.2453349530696869,0.579238772392273,-0.9342281222343445,0.776140570640564,0.6347495913505554,-1.0313851833343506,0.24516591429710388,0.605497419834137,-1.0377293825149536,0.7474810481071472,0.6011172533035278,-1.0629926919937134,0.26771530508995056,0.5732183456420898,-1.0654208660125732,0.7276479005813599,0.5956448316574097,-0.9518511891365051,0.28039059042930603,0.5678366422653198,-0.9584754109382629,0.5695165991783142,0.7469233274459839,0.0282784141600132,0.3994498550891876,0.7391735315322876,-0.02874489687383175,0.7484463453292847,0.9273046851158142,-0.06851215660572052,0.26422053575515747,0.8204147815704346,-0.36068692803382874,0.6258100867271423,1.133623480796814,0.3003103733062744,0.29182013869285583,1.0815448760986328,0.04404016584157944,0.5930805802345276,1.15841805934906,0.3293681740760803,0.30506470799446106,1.1189124584197998,0.08566831052303314,0.6101800203323364,1.264297366142273,0.1980278342962265,0.27530646324157715,1.2143129110336304,-0.023702047765254974
frame_00299.jpg,0.5470151305198669,0.14042693376541138,-0.7824650406837463,0.5797966718673706,0.09609059989452362,-0.7338367700576782,0.5949784517288208,0.09906138479709625,-0.7344970107078552,0.6077538728713989,0.10199513286352158,-0.734427809715271,0.5292129516601562,0.08925532549619675,-0.7332178950309753,0.514322817325592,0.08729200810194016,-0.7338538765907288,0.5028467774391174,0.08585594594478607,-0.7341963052749634,0.6286084651947021,0.11753667145967484,-0.4574926495552063,0.49333423376083374,0.10112117230892181,-0.4540750980377197,0.5740147829055786,0.19164395332336426,-0.6758395433425903,0.5187402963638306,0.1819751262664795,-0.6791318655014038,0.6750673055648804,0.3248823881149292,-0.3062102794647217,0.3938201069831848,0.31388550996780396,-0.29944586753845215,0.7588584423065186,0.48571786284446716,-0.44347327947616577,0.23140370845794678,0.5291404128074646,-0.47714900970458984,0.7509816884994507,0.6087839603424072,-0.8335720300674438,0.24610428512096405,0.5807297825813293,-0.8965283632278442,0.7742125391960144,0.6349001526832581,-0.9256099462509155,0.25059521198272705,0.6160171627998352,-1.0035195350646973,0.7459613680839539,0.6015258431434631,-0.9577438235282898,0.27142712473869324,0.57442706823349,-1.02757728099823,0.7266126871109009,0.5968694686889648,-0.8535553216934204,0.2821761965751648,0.5643677115440369,-0.9190422296524048,0.5677549242973328,0.7470710873603821,0.02891351655125618,0.3988937735557556,0.7381826043128967,-0.029383480548858643,0.7478991746902466,0.9312964081764221,-0.06105877086520195,0.2991063594818115,0.8400548100471497,-0.34479519724845886,0.621228039264679,1.1442466974258423,0.3186569809913635,0.29816555976867676,1.0868217945098877,0.07058792561292648,0.5891107320785522,1.1712136268615723,0.34937793016433716,0.3132457435131073,1.125106930732727,0.11293238401412964,0.6076968908309937,1.2816888093948364,0.22118215262889862,0.2824997901916504,1.2223774194717407,-0.0009474395774304867
frame_00300.jpg,0.5465478301048279,0.14080867171287537,-0.8504616022109985,0.5794591307640076,0.09652597457170486,-0.8048601150512695,0.5946495532989502,0.09970886260271072,-0.805564284324646,0.6072691679000854,0.10280279815196991,-0.8055405616760254,0.5283461809158325,0.08938577771186829,-0.8046878576278687,0.5134475827217102,0.08746583014726639,-0.8053180575370789,0.501835286617279,0.08615352213382721,-0.8056949377059937,0.6270641684532166,0.11823994666337967,-0.5288397073745728,0.4920068383216858,0.1015533059835434,-0.5268164277076721,0.5733934640884399,0.1923995167016983,-0.742205798625946,0.5178370475769043,0.18238143622875214,-0.7458432912826538,0.6747283935546875,0.3253259062767029,-0.3715241253376007,0.3928273618221283,0.3142452836036682,-0.3569856584072113,0.758917510509491,0.48985299468040466,-0.5362894535064697,0.228656604886055,0.5301758646965027,-0.5153902769088745,0.7440542578697205,0.6081473231315613,-0.9723405838012695,0.253864049911499,0.5809252858161926,-0.9266069531440735,0.7605075836181641,0.6313055157661438,-1.077022910118103,0.26802200078964233,0.6140268445014954,-1.0363390445709229,0.7399200797080994,0.5922648310661316,-1.1054050922393799,0.281587153673172,0.5697866082191467,-1.0588666200637817,0.7196679711341858,0.5792245864868164,-0.9918753504753113,0.28333738446235657,0.5600652098655701,-0.9478343725204468,0.5678558349609375,0.7493800520896912,0.027735456824302673,0.4003573954105377,0.7387186884880066,-0.028191709890961647,0.7461451292037964,0.944894015789032,-0.05901958420872688,0.3001593053340912,0.8702267408370972,-0.343069463968277,0.6228761076927185,1.1630637645721436,0.34368401765823364,0.2979302704334259,1.1039402484893799,0.07440448552370071,0.592968761920929,1.1904618740081787,0.3773724138736725,0.3111966550350189,1.1398013830184937,0.11683757603168488,0.611163318157196,1.3021825551986694,0.26341357827186584,0.2819979786872864,1.2376002073287964,0.010439655743539333
frame_00301.jpg,0.5461501479148865,0.14116528630256653,-0.822138786315918,0.5791093111038208,0.09702659398317337,-0.7760405540466309,0.5943263173103333,0.10039898753166199,-0.7767284512519836,0.6068549156188965,0.10365594923496246,-0.7766987085342407,0.5280157327651978,0.08961046487092972,-0.7756863832473755,0.5131174921989441,0.0877046138048172,-0.7763094305992126,0.5013707876205444,0.0864466205239296,-0.7766860127449036,0.625958263874054,0.1190350130200386,-0.49971479177474976,0.4913972318172455,0.10206086933612823,-0.4976174235343933,0.5728198289871216,0.19301670789718628,-0.7138206362724304,0.5172267556190491,0.18259042501449585,-0.7172961235046387,0.6741935014724731,0.3253690302371979,-0.34629541635513306,0.3927670121192932,0.31419798731803894,-0.3323814868927002,0.7592508792877197,0.505145788192749,-0.5170992612838745,0.22571074962615967,0.5307939648628235,-0.46670112013816833,0.7438637018203735,0.6079240441322327,-0.9628118276596069,0.25828662514686584,0.5811979174613953,-0.8382314443588257,0.7602156400680542,0.6266571879386902,-1.0680103302001953,0.27417293190956116,0.6132031679153442,-0.939691424369812,0.7400411367416382,0.5759318470954895,-1.0958086252212524,0.2901259660720825,0.5762233138084412,-0.9658914804458618,0.7199588418006897,0.5694202780723572,-0.9826337099075317,0.28945526480674744,0.5658044815063477,-0.8599455952644348,0.5730366706848145,0.7570807337760925,0.027629125863313675,0.40370550751686096,0.746135413646698,-0.028082003816962242,0.7469572424888611,0.9490436315536499,-0.07148053497076035,0.2989078760147095,0.8715832233428955,-0.3607581853866577,0.6239582300186157,1.1720653772354126,0.3103899359703064,0.30249032378196716,1.1056017875671387,0.053726665675640106,0.5929449796676636,1.2009741067886353,0.34227022528648376,0.3169930875301361,1.140508770942688,0.09736616164445877,0.6108848452568054,1.306716799736023,0.22344370186328888,0.287384569644928,1.2391270399093628,-0.003708506701514125
frame_00302.jpg,0.5461525917053223,0.14210981130599976,-0.8160484433174133,0.5791226625442505,0.09833935648202896,-0.768100380897522,0.5943443179130554,0.10207203030586243,-0.7687916159629822,0.6069188714027405,0.10562286525964737,-0.768758237361908,0.5281112790107727,0.09018699824810028,-0.7677528858184814,0.5131460428237915,0.08816790580749512,-0.7683665752410889,0.5013669729232788,0.08683712035417557,-0.7687260508537292,0.62596195936203,0.12075986713171005,-0.4872530996799469,0.491100549697876,0.10270064324140549,-0.4850383400917053,0.5727903842926025,0.19415539503097534,-0.7059486508369446,0.5170572996139526,0.18276454508304596,-0.7097009420394897,0.6725908517837524,0.3254452347755432,-0.3425803780555725,0.3925633430480957,0.3134784400463104,-0.3230265974998474,0.7585549354553223,0.5133194327354431,-0.5483859181404114,0.2293388843536377,0.5226526856422424,-0.48073679208755493,0.7367240190505981,0.5935608148574829,-1.0174466371536255,0.25775566697120667,0.5769464373588562,-0.912195086479187,0.7493125796318054,0.5993858575820923,-1.1267845630645752,0.2639901041984558,0.6067191362380981,-1.0231788158416748,0.7322664260864258,0.5451653003692627,-1.1487514972686768,0.28635138273239136,0.5712404251098633,-1.0486199855804443,0.7151268720626831,0.541614294052124,-1.0356327295303345,0.2901079058647156,0.5624000430107117,-0.9366474151611328,0.5743722915649414,0.7579357028007507,0.023708131164312363,0.4051516652107239,0.7484614849090576,-0.02410833165049553,0.7354811429977417,0.9838754534721375,-0.025436392053961754,0.30795592069625854,0.8734990358352661,-0.36833876371383667,0.6381097435951233,1.2010563611984253,0.3309839963912964,0.3274582624435425,1.1062877178192139,0.0395263209939003,0.6132945418357849,1.2303569316864014,0.35952162742614746,0.3437708020210266,1.139853596687317,0.08207111805677414,0.6280807852745056,1.3329825401306152,0.240815207362175,0.3179217278957367,1.2411562204360962,-0.01739644631743431
frame_00303.jpg,0.5459535717964172,0.14220604300498962,-0.7934327125549316,0.5789912343025208,0.09846803545951843,-0.7458304166793823,0.5941476225852966,0.1022852435708046,-0.7465360164642334,0.6067355275154114,0.10598745942115784,-0.7464970350265503,0.5283368825912476,0.09019166976213455,-0.7435464859008789,0.5132595300674438,0.0881350114941597,-0.7441355586051941,0.5013842582702637,0.08678208291530609,-0.7444690465927124,0.6253469586372375,0.12128698825836182,-0.46487417817115784,0.4910641312599182,0.10264775902032852,-0.4566279351711273,0.5722289681434631,0.19414213299751282,-0.6834511756896973,0.516819179058075,0.18267205357551575,-0.6855025887489319,0.6706395149230957,0.32507339119911194,-0.33689385652542114,0.3924916088581085,0.3107830882072449,-0.28084948658943176,0.7583627700805664,0.5180031657218933,-0.544197678565979,0.2427568882703781,0.5166653990745544,-0.47590702772140503,0.7203460931777954,0.5908371806144714,-1.0293488502502441,0.25775519013404846,0.5517767071723938,-0.9478904604911804,0.7405652403831482,0.5812934637069702,-1.140402913093567,0.24674205482006073,0.5780853033065796,-1.0664072036743164,0.7215969562530518,0.5326194167137146,-1.1596028804779053,0.28417128324508667,0.5524853467941284,-1.091270923614502,0.7018206119537354,0.535161554813385,-1.0459970235824585,0.2907670736312866,0.5502516031265259,-0.9735711216926575,0.574454665184021,0.7614263892173767,0.02307676337659359,0.4051148295402527,0.7552230358123779,-0.023460593074560165,0.7198881506919861,0.9981391429901123,0.020744401961565018,0.3058624565601349,0.8797213435173035,-0.409341424703598,0.6426631808280945,1.2048163414001465,0.4172973036766052,0.32856523990631104,1.1234763860702515,-0.005662843119353056,0.6209834218025208,1.2345116138458252,0.4491930902004242,0.34505727887153625,1.1554492712020874,0.03526133671402931,0.6348751783370972,1.3311688899993896,0.33242911100387573,0.3215636610984802,1.2656275033950806,-0.07169236987829208
frame_00304.jpg,0.5453125834465027,0.14284935593605042,-0.7846109867095947,0.5780585408210754,0.09872942417860031,-0.7369813919067383,0.5933727025985718,0.10247896611690521,-0.737715482711792,0.6059015989303589,0.10612916946411133,-0.7376893162727356,0.5278244018554688,0.090529665350914,-0.7359205484390259,0.5127734541893005,0.08847810328006744,-0.7364931702613831,0.5007208585739136,0.08717383444309235,-0.7368080615997314,0.6239510774612427,0.12134011089801788,-0.4554692208766937,0.48925676941871643,0.10292744636535645,-0.4519285261631012,0.5717670321464539,0.19457529485225677,-0.6741355657577515,0.5163476467132568,0.18271620571613312,-0.6777292490005493,0.6688728928565979,0.3244704306125641,-0.32671159505844116,0.39147552847862244,0.3100481927394867,-0.2674526572227478,0.760238528251648,0.5213377475738525,-0.5330498218536377,0.241444393992424,0.5192803740501404,-0.461459219455719,0.7204941511154175,0.5908318758010864,-1.0057098865509033,0.2581920623779297,0.5460634827613831,-0.9469329714775085,0.7403281331062317,0.5701895356178284,-1.115635633468628,0.25023362040519714,0.573151171207428,-1.0624473094940186,0.7189298868179321,0.5272226929664612,-1.1345348358154297,0.2842961251735687,0.5417855381965637,-1.0898470878601074,0.6983460783958435,0.5372344255447388,-1.0220556259155273,0.2933773398399353,0.5393072366714478,-0.9725565910339355,0.5713633298873901,0.7617893815040588,0.02306142821907997,0.4046397805213928,0.7547776699066162,-0.02344418503344059,0.7111181020736694,1.0029927492141724,0.051477670669555664,0.3062446415424347,0.8801745176315308,-0.406613290309906,0.638725221157074,1.201835036277771,0.45054465532302856,0.3230781853199005,1.130841851234436,-0.006266987882554531,0.6158774495124817,1.2306581735610962,0.4823480248451233,0.3370409607887268,1.1648279428482056,0.03336866945028305,0.6307929754257202,1.32683265209198,0.3625171482563019,0.31452423334121704,1.2714656591415405,-0.07824721187353134
frame_00305.jpg,0.5439711809158325,0.14283479750156403,-0.8018635511398315,0.5764079689979553,0.09872366487979889,-0.7512757778167725,0.5918075442314148,0.10244880616664886,-0.7520099878311157,0.6043367385864258,0.10608483105897903,-0.7519111633300781,0.5269830226898193,0.09051830321550369,-0.7492313385009766,0.5119651556015015,0.08844618499279022,-0.7497419118881226,0.499647855758667,0.08713341504335403,-0.7501260042190552,0.6230983734130859,0.12133307754993439,-0.45583096146583557,0.4877874255180359,0.10291446000337601,-0.45134395360946655,0.5704806447029114,0.1946103870868683,-0.6848284602165222,0.5154326558113098,0.1826961785554886,-0.6872075796127319,0.6683100461959839,0.3244306147098541,-0.312110036611557,0.3896287977695465,0.31003811955451965,-0.25500935316085815,0.7602840662002563,0.5671237707138062,-0.5270565748214722,0.23352494835853577,0.532865583896637,-0.45686545968055725,0.7199477553367615,0.5900087356567383,-1.0337251424789429,0.25249484181404114,0.547430157661438,-0.9689412117004395,0.7313460111618042,0.575031042098999,-1.1502232551574707,0.25125816464424133,0.5729458928108215,-1.094248652458191,0.7133987545967102,0.5217761397361755,-1.1675108671188354,0.28380244970321655,0.5237069129943848,-1.1164095401763916,0.6953321695327759,0.5311269164085388,-1.049424171447754,0.2891092300415039,0.5166579484939575,-0.9937400817871094,0.5681985020637512,0.7625787854194641,0.021782996132969856,0.4013323187828064,0.7542760372161865,-0.02211729809641838,0.6952683329582214,1.0072910785675049,0.025823378935456276,0.30531200766563416,0.8811309337615967,-0.4173510670661926,0.6241881847381592,1.2127598524093628,0.46112099289894104,0.3099890351295471,1.1392768621444702,-0.005784316919744015,0.6064960956573486,1.2421659231185913,0.49622613191604614,0.32295072078704834,1.1761915683746338,0.03441738337278366,0.6099071502685547,1.3379557132720947,0.35735124349594116,0.2962903082370758,1.2778472900390625,-0.09274126589298248
frame_00306.jpg,0.5436705350875854,0.14304378628730774,-0.7273086905479431,0.576203465461731,0.09874451160430908,-0.6772114634513855,0.5916556715965271,0.10242582857608795,-0.6778801679611206,0.6042172908782959,0.1060517281293869,-0.6778032183647156,0.5262644290924072,0.09079671651124954,-0.6776622533798218,0.5108017921447754,0.08880632370710373,-0.6781859993934631,0.4978759288787842,0.08753160387277603,-0.6784870028495789,0.6227928400039673,0.12131621688604355,-0.3972228169441223,0.4848141670227051,0.10316520184278488,-0.39915502071380615,0.5703639388084412,0.19484852254390717,-0.6178147196769714,0.5146019458770752,0.18283838033676147,-0.622890293598175,0.6670902967453003,0.326402872800827,-0.28031569719314575,0.38837796449661255,0.310324490070343,-0.21449141204357147,0.7677542567253113,0.5544851422309875,-0.4914456009864807,0.23295453190803528,0.5330268740653992,-0.3753088414669037,0.6999959945678711,0.5973320603370667,-0.9479073286056519,0.24356737732887268,0.5518581867218018,-0.789298415184021,0.6935276389122009,0.5832504034042358,-1.0497398376464844,0.23492808640003204,0.5728253126144409,-0.8873740434646606,0.6634262204170227,0.5269805788993835,-1.0547833442687988,0.2640799582004547,0.5249826312065125,-0.9171465635299683,0.657394289970398,0.5419461131095886,-0.9564474821090698,0.2683001160621643,0.5223562717437744,-0.8144758939743042,0.5679391026496887,0.7627308964729309,0.017208922654390335,0.40045446157455444,0.7541016340255737,-0.01758250966668129,0.7006546258926392,0.9614749550819397,-0.020192477852106094,0.26716792583465576,0.838080644607544,-0.44002047181129456,0.586264967918396,1.1763710975646973,0.2702494263648987,0.3102952837944031,1.1333656311035156,-0.08573070168495178,0.5573940873146057,1.2071788311004639,0.2924830913543701,0.32508140802383423,1.1710846424102783,-0.048438988626003265,0.5568305253982544,1.296288251876831,0.16221919655799866,0.2978266775608063,1.2697150707244873,-0.15214255452156067
frame_00307.jpg,0.5435656309127808,0.14444904029369354,-0.8993778228759766,0.5758976936340332,0.10046736896038055,-0.8575170636177063,0.5914097428321838,0.10398364067077637,-0.8582113981246948,0.6038901805877686,0.10728530585765839,-0.8581621050834656,0.5259179472923279,0.09188488870859146,-0.8614155054092407,0.510310709476471,0.08956179022789001,-0.8619842529296875,0.49712124466896057,0.088009312748909,-0.8622764348983765,0.6218745708465576,0.12233106046915054,-0.5755794644355774,0.4836631417274475,0.10384870320558548,-0.5958965420722961,0.5699389576911926,0.19596867263317108,-0.7850181460380554,0.5140143036842346,0.18300041556358337,-0.7952340841293335,0.6662455797195435,0.325527548789978,-0.40360045433044434,0.3877081573009491,0.31019699573516846,-0.395907461643219,0.7684993743896484,0.5448447465896606,-0.57167649269104,0.21714016795158386,0.5363501906394958,-0.5198272466659546,0.6901663541793823,0.5897821187973022,-1.0329220294952393,0.25673964619636536,0.5916529893875122,-0.8523667454719543,0.6816973686218262,0.5979773998260498,-1.145433783531189,0.262203574180603,0.6403006315231323,-0.9248906970024109,0.6454776525497437,0.5539165139198303,-1.1524593830108643,0.2997969388961792,0.59343421459198,-0.9291821718215942,0.6429497003555298,0.5513562560081482,-1.0425978899002075,0.2827898859977722,0.5783541202545166,-0.8596839904785156,0.5667223334312439,0.7525526285171509,0.03267771750688553,0.39869949221611023,0.7446621656417847,-0.03307396546006203,0.7114346623420715,0.9535718560218811,-0.028997069224715233,0.2865713834762573,0.8400545120239258,-0.4559985101222992,0.5651248693466187,1.142128825187683,0.2901785969734192,0.36450767517089844,1.132944941520691,-0.06530480086803436,0.5279219746589661,1.1633739471435547,0.3027253746986389,0.3808935284614563,1.169806957244873,-0.023573661223053932,0.5356235504150391,1.2697901725769043,0.17503173649311066,0.38002723455429077,1.27409029006958,-0.13561686873435974
frame_00308.jpg,0.5434191823005676,0.14559459686279297,-0.8851653933525085,0.5755147933959961,0.10203840583562851,-0.8465609550476074,0.5910481810569763,0.10542533546686172,-0.8472830057144165,0.6033479571342468,0.10843588411808014,-0.8472526669502258,0.5258432626724243,0.09293433278799057,-0.8489606976509094,0.510271430015564,0.09032507240772247,-0.8495351076126099,0.497022807598114,0.08846373111009598,-0.8498436808586121,0.6209694147109985,0.12312153726816177,-0.5873887538909912,0.4838396906852722,0.10428263247013092,-0.6007014513015747,0.5696315169334412,0.1965639591217041,-0.7797657251358032,0.5138687491416931,0.18312861025333405,-0.7879441976547241,0.6641266345977783,0.32473671436309814,-0.44169822335243225,0.3870571255683899,0.3102002441883087,-0.4151603579521179,0.7684555053710938,0.5333282351493835,-0.6259766817092896,0.20834419131278992,0.5379724502563477,-0.5685715079307556,0.677798867225647,0.6003907918930054,-1.064546823501587,0.25641122460365295,0.5885351896286011,-0.9445482492446899,0.6586430668830872,0.6078912615776062,-1.1711390018463135,0.26187199354171753,0.6272556781768799,-1.0421545505523682,0.6282330751419067,0.5689964890480042,-1.1775702238082886,0.2985970079898834,0.5855534672737122,-1.0523831844329834,0.6304858326911926,0.5612898468971252,-1.0732645988464355,0.2829238176345825,0.5734243988990784,-0.9592045545578003,0.5635303854942322,0.7479982972145081,0.03200831264257431,0.3971009850502014,0.7390206456184387,-0.03240354731678963,0.7085024118423462,0.955647885799408,-0.012180673889815807,0.29932981729507446,0.8547112345695496,-0.4541846215724945,0.5671283602714539,1.1455554962158203,0.3442290723323822,0.3670923113822937,1.132775902748108,-0.05145491287112236,0.5335866808891296,1.167229175567627,0.3719664216041565,0.3839911222457886,1.1677706241607666,-0.010053237900137901,0.5446884036064148,1.2751295566558838,0.2839396595954895,0.3736669421195984,1.2737027406692505,-0.1282661408185959
frame_00309.jpg,0.543147623538971,0.14603526890277863,-0.8675233125686646,0.5747412443161011,0.10254355520009995,-0.8265217542648315,0.590247392654419,0.10580342262983322,-0.8271967172622681,0.6023975014686584,0.10868754982948303,-0.8271268606185913,0.5255886316299438,0.09341699630022049,-0.8267189860343933,0.5100401043891907,0.09070762991905212,-0.8272832036018372,0.49662724137306213,0.0886915847659111,-0.8275842666625977,0.6197449564933777,0.12322195619344711,-0.5579098463058472,0.48369207978248596,0.10459376871585846,-0.5599714517593384,0.5693094730377197,0.19675925374031067,-0.7597427368164062,0.513644278049469,0.18317334353923798,-0.7647849321365356,0.6627128720283508,0.32419347763061523,-0.41177859902381897,0.3850524127483368,0.31118640303611755,-0.3696530759334564,0.7669764161109924,0.5240409970283508,-0.616611123085022,0.20200364291667938,0.5379518866539001,-0.5334624648094177,0.6743783950805664,0.6129568219184875,-1.0923879146575928,0.2561608552932739,0.5869528651237488,-0.9794000387191772,0.6493688225746155,0.6228716969490051,-1.207947015762329,0.2641822099685669,0.6224329471588135,-1.0990281105041504,0.6219314336776733,0.5793134570121765,-1.222095012664795,0.2984048128128052,0.5796493887901306,-1.1206144094467163,0.625278651714325,0.5776776671409607,-1.1052101850509644,0.2835538983345032,0.5710756778717041,-1.000610113143921,0.5667385458946228,0.7486095428466797,0.02645079419016838,0.3991349935531616,0.7400665283203125,-0.026867136359214783,0.7140001654624939,0.9541439414024353,-0.070791095495224,0.2858704924583435,0.854197084903717,-0.47745710611343384,0.5992766618728638,1.180560827255249,0.33576908707618713,0.33794867992401123,1.1716910600662231,-0.10807238519191742,0.573282778263092,1.2132320404052734,0.36706680059432983,0.35169368982315063,1.2134851217269897,-0.07226351648569107,0.5769325494766235,1.3157134056091309,0.2422042191028595,0.3336580991744995,1.3115371465682983,-0.2231716811656952
frame_00310.jpg,0.5422888994216919,0.14652633666992188,-0.8285411596298218,0.5734039545059204,0.10302688926458359,-0.7865847945213318,0.5888671278953552,0.1061684638261795,-0.7871866226196289,0.601019024848938,0.10890067368745804,-0.7870275378227234,0.5250186324119568,0.09378837794065475,-0.7826687097549438,0.5094355344772339,0.09097238630056381,-0.7831743955612183,0.4957948625087738,0.08885364979505539,-0.7834349274635315,0.6192623972892761,0.12336167693138123,-0.5137301087379456,0.4833377003669739,0.10481304675340652,-0.4989892840385437,0.5686984658241272,0.19697538018226624,-0.7193032503128052,0.5129081606864929,0.18323558568954468,-0.7197262048721313,0.6620919704437256,0.3239491879940033,-0.39187151193618774,0.38437163829803467,0.31114956736564636,-0.296303927898407,0.7670987844467163,0.5228946208953857,-0.5915564298629761,0.20405080914497375,0.5342900156974792,-0.48367294669151306,0.6691958904266357,0.6125974059104919,-1.0797146558761597,0.2454950511455536,0.5778228044509888,-0.9697602987289429,0.6478524804115295,0.6362536549568176,-1.1954883337020874,0.25549107789993286,0.6101047992706299,-1.0929062366485596,0.6137161254882812,0.5773597359657288,-1.209184169769287,0.28105220198631287,0.5625084638595581,-1.1179438829421997,0.6194250583648682,0.5764759182929993,-1.0925263166427612,0.2791697382926941,0.5538650751113892,-0.9937331080436707,0.5699611902236938,0.7521148324012756,0.01688247360289097,0.4009505808353424,0.7443434596061707,-0.01729242317378521,0.7142163515090942,0.95489102602005,-0.09440839290618896,0.2651166617870331,0.8510364890098572,-0.5227842926979065,0.6153992414474487,1.1994882822036743,0.3130614161491394,0.35247138142585754,1.1646853685379028,-0.11457140743732452,0.5948498845100403,1.236026406288147,0.34567147493362427,0.373656302690506,1.2038652896881104,-0.07326743751764297,0.5870370268821716,1.330895185470581,0.20071785151958466,0.3565022349357605,1.3064931631088257,-0.2119169682264328
frame_00311.jpg,0.5409331321716309,0.14689002931118011,-1.0303677320480347,0.5718165040016174,0.10334181785583496,-0.991390585899353,0.5873771905899048,0.10631787776947021,-0.9921127557754517,0.599549412727356,0.10891789942979813,-0.9920490980148315,0.5231644511222839,0.09423491358757019,-0.9884923100471497,0.5071926712989807,0.09133755415678024,-0.9890226125717163,0.4930610656738281,0.08913567662239075,-0.9893504977226257,0.6186090707778931,0.12332658469676971,-0.7065810561180115,0.48111024498939514,0.10501908510923386,-0.6964686512947083,0.5675560235977173,0.19706758856773376,-0.9149936437606812,0.5118016600608826,0.18341989815235138,-0.91632080078125,0.6610375642776489,0.32400545477867126,-0.5439749956130981,0.3836360573768616,0.31113001704216003,-0.4438502788543701,0.7679488062858582,0.522498369216919,-0.7774136662483215,0.20618434250354767,0.5342329740524292,-0.6438466310501099,0.6725764870643616,0.6059380769729614,-1.300004005432129,0.2422681599855423,0.5633133053779602,-1.2075245380401611,0.649882435798645,0.6053122282028198,-1.4262233972549438,0.24195221066474915,0.5842037200927734,-1.3448398113250732,0.6229693293571472,0.5498611927032471,-1.4374721050262451,0.2696594297885895,0.5444350838661194,-1.3715870380401611,0.6227507591247559,0.560092031955719,-1.3117973804473877,0.2759491801261902,0.5394591093063354,-1.234671711921692,0.5699539184570312,0.7490348815917969,0.008919494226574898,0.4030371606349945,0.7423461675643921,-0.009234776720404625,0.6837171316146851,0.9724826812744141,-0.08206602931022644,0.27970415353775024,0.854697048664093,-0.5168590545654297,0.6043077707290649,1.1973880529403687,0.3867620825767517,0.37745195627212524,1.1539978981018066,-0.09318352490663528,0.5926131010055542,1.230676293373108,0.4252009987831116,0.39842689037323,1.1868185997009277,-0.05132297798991203,0.5713659524917603,1.3272682428359985,0.2779039740562439,0.3934059143066406,1.2991372346878052,-0.18649369478225708
frame_00312.jpg,0.5386918783187866,0.14712058007717133,-0.9327709078788757,0.5701701045036316,0.10357406735420227,-0.8903643488883972,0.5858178734779358,0.10656113922595978,-0.8910596966743469,0.5979539155960083,0.10911332070827484,-0.8909934163093567,0.5200265645980835,0.09439324587583542,-0.8888933062553406,0.5042504072189331,0.09154340624809265,-0.8894492387771606,0.4903849959373474,0.08937359601259232,-0.8897749185562134,0.6167618036270142,0.12336433678865433,-0.6172139048576355,0.4774506092071533,0.10509051382541656,-0.6093002557754517,0.5653489828109741,0.19727419316768646,-0.822524905204773,0.5083872079849243,0.183675616979599,-0.8250826597213745,0.6588188409805298,0.3243180215358734,-0.46851181983947754,0.38071542978286743,0.31112539768218994,-0.40793848037719727,0.7682412266731262,0.524608850479126,-0.6751832962036133,0.20860052108764648,0.5351443886756897,-0.5787866115570068,0.6734431385993958,0.6054452061653137,-1.1691657304763794,0.23329810798168182,0.5634634494781494,-1.1001300811767578,0.6536034345626831,0.612233579158783,-1.287435531616211,0.23353035748004913,0.5814701318740845,-1.2284140586853027,0.6279693841934204,0.5421268939971924,-1.3003748655319214,0.25859278440475464,0.5398055911064148,-1.2560372352600098,0.6248802542686462,0.5550984144210815,-1.181867241859436,0.26572492718696594,0.534433126449585,-1.1267874240875244,0.5698840022087097,0.7493692636489868,0.007523862179368734,0.4031181335449219,0.7424143552780151,-0.007876050658524036,0.686672568321228,0.9537366032600403,-0.10336576402187347,0.24363656342029572,0.8208310008049011,-0.5230952501296997,0.5903525352478027,1.1766451597213745,0.2951827943325043,0.3854915201663971,1.151806354522705,-0.1248205155134201,0.568818211555481,1.2093524932861328,0.32761913537979126,0.4116175174713135,1.1855225563049316,-0.08408268541097641,0.5577591061592102,1.3028817176818848,0.17487461864948273,0.3977678716182709,1.2977808713912964,-0.22520503401756287
frame_00313.jpg,0.5356825590133667,0.14728400111198425,-0.9075692296028137,0.5663184523582458,0.10371484607458115,-0.8635939359664917,0.5821778178215027,0.10671114921569824,-0.8643072843551636,0.59424889087677,0.10924001038074493,-0.8642646074295044,0.5168470740318298,0.0944661796092987,-0.8630980253219604,0.5012103319168091,0.09163957089185715,-0.863641083240509,0.4875393807888031,0.08950728923082352,-0.863967776298523,0.6134032607078552,0.12339562922716141,-0.5837582349777222,0.47386154532432556,0.10515809804201126,-0.5813044309616089,0.5621260404586792,0.1974572241306305,-0.7957262396812439,0.505346417427063,0.18402722477912903,-0.799613356590271,0.6560981869697571,0.32713666558265686,-0.4366040825843811,0.37802615761756897,0.3115595281124115,-0.37787097692489624,0.7682101726531982,0.5248509645462036,-0.6602147221565247,0.20925065875053406,0.5362202525138855,-0.5625846982002258,0.6764005422592163,0.5986132025718689,-1.1776397228240967,0.22757630050182343,0.5649195909500122,-1.0860693454742432,0.6583408713340759,0.6000900268554688,-1.2997519969940186,0.23138007521629333,0.5823138356208801,-1.2107689380645752,0.6321104168891907,0.5348677039146423,-1.311856985092163,0.25197017192840576,0.5406302213668823,-1.2400702238082886,0.6288219094276428,0.5447302460670471,-1.190760850906372,0.25747978687286377,0.5349757671356201,-1.113103985786438,0.5697318315505981,0.7507193088531494,0.004824281670153141,0.40362605452537537,0.7448016405105591,-0.005238438956439495,0.6897244453430176,0.9414716362953186,-0.131410151720047,0.253854364156723,0.8519636392593384,-0.4238988757133484,0.583074688911438,1.1511414051055908,0.15766164660453796,0.38042354583740234,1.1202011108398438,-0.01565399579703808,0.558448076248169,1.1851061582565308,0.17794303596019745,0.4095194935798645,1.1507190465927124,0.025260349735617638,0.5585012435913086,1.2647243738174438,0.01187843643128872,0.38538968563079834,1.2509725093841553,-0.10127158463001251
frame_00314.jpg,0.5339929461479187,0.14728505909442902,-0.9374603033065796,0.5648702383041382,0.10369756072759628,-0.8884360194206238,0.5808019638061523,0.10669935494661331,-0.8891447186470032,0.5928674936294556,0.10920868813991547,-0.8891021013259888,0.5147494077682495,0.0944259911775589,-0.890392005443573,0.4986265301704407,0.09160525351762772,-0.8909288644790649,0.4847323000431061,0.08948664367198944,-0.8912464380264282,0.6118804216384888,0.12337645888328552,-0.5877612829208374,0.4709957540035248,0.10513826459646225,-0.5973684191703796,0.5606545209884644,0.19746293127536774,-0.8185313940048218,0.5029035806655884,0.18407092988491058,-0.8260058164596558,0.6536285877227783,0.3276531994342804,-0.4254104495048523,0.3750183880329132,0.3123154640197754,-0.388515830039978,0.7678002119064331,0.5257630348205566,-0.6588184833526611,0.20561547577381134,0.5481482744216919,-0.5931175351142883,0.6762612462043762,0.5958930850028992,-1.2028123140335083,0.2321910560131073,0.5757643580436707,-1.107309341430664,0.6604324579238892,0.5957708954811096,-1.33058762550354,0.2393476665019989,0.5975332856178284,-1.2371158599853516,0.6333672404289246,0.5331384539604187,-1.3416391611099243,0.2646864056587219,0.5617112517356873,-1.2600905895233154,0.6300641298294067,0.5427854657173157,-1.2161228656768799,0.270358145236969,0.5547842383384705,-1.1312156915664673,0.5656411647796631,0.7518003582954407,0.019237255677580833,0.399492084980011,0.7435920834541321,-0.01964467391371727,0.694666862487793,0.9394292831420898,-0.1104818731546402,0.2766680121421814,0.8674682974815369,-0.5077276229858398,0.5935686826705933,1.154521107673645,0.23626399040222168,0.3497692048549652,1.1414215564727783,-0.09195977449417114,0.5670231580734253,1.1858829259872437,0.26399609446525574,0.3653952479362488,1.1790823936462402,-0.05213039368391037,0.5813422799110413,1.2726560831069946,0.1066906601190567,0.3547455966472626,1.2699936628341675,-0.22343268990516663
frame_00315.jpg,0.5325028300285339,0.1472688764333725,-0.9164902567863464,0.5637094974517822,0.10353733599185944,-0.8569253087043762,0.5797253847122192,0.10649614781141281,-0.8575540781021118,0.5919606685638428,0.10893746465444565,-0.8574801683425903,0.5131798982620239,0.09437711536884308,-0.863396942615509,0.4968903958797455,0.09157301485538483,-0.8639112710952759,0.4828732907772064,0.08947224915027618,-0.8642128705978394,0.6109216809272766,0.1231844499707222,-0.539823591709137,0.4691159129142761,0.10532718151807785,-0.5613889694213867,0.5596207976341248,0.19744755327701569,-0.7878013253211975,0.501238226890564,0.18416735529899597,-0.8012611269950867,0.6533423066139221,0.3282412886619568,-0.3746809661388397,0.3745000958442688,0.3124138116836548,-0.3769887685775757,0.7674890756607056,0.5274632573127747,-0.6282615065574646,0.20413151383399963,0.5486412644386292,-0.5719178915023804,0.6764654517173767,0.5962643027305603,-1.1678717136383057,0.23518571257591248,0.5800773501396179,-1.0756542682647705,0.6585079431533813,0.6131557822227478,-1.2926738262176514,0.2502320408821106,0.6064726114273071,-1.2025680541992188,0.6318752765655518,0.5339176654815674,-1.3055384159088135,0.2776680588722229,0.5745070576667786,-1.2253830432891846,0.6301445960998535,0.5425187349319458,-1.1817357540130615,0.28018683195114136,0.5608835220336914,-1.0994398593902588,0.5666272044181824,0.7519635558128357,0.023297730833292007,0.4010159373283386,0.7517968416213989,-0.023700347170233727,0.7320601344108582,0.9277957081794739,-0.1835973560810089,0.27685585618019104,0.8633607029914856,-0.532244086265564,0.6354073882102966,1.1568039655685425,0.1608111709356308,0.34971266984939575,1.1266556978225708,-0.09828595817089081,0.6070192456245422,1.1899811029434204,0.18670834600925446,0.36664801836013794,1.1647869348526,-0.055704064667224884,0.6302655339241028,1.2762805223464966,0.011544790118932724,0.35441264510154724,1.2510303258895874,-0.20827265083789825
frame_00316.jpg,0.5305949449539185,0.14743313193321228,-0.9103294610977173,0.5613483786582947,0.10360496491193771,-0.8552370071411133,0.5773478150367737,0.10654710978269577,-0.8558064699172974,0.589518666267395,0.10899331420660019,-0.8557213544845581,0.5115938186645508,0.09451500326395035,-0.8627117276191711,0.49549657106399536,0.0917503610253334,-0.863179087638855,0.4813305735588074,0.0897454172372818,-0.8634567260742188,0.6084484457969666,0.12324554473161697,-0.5401411652565002,0.46737441420555115,0.10588666051626205,-0.5593899488449097,0.5574780702590942,0.19751577079296112,-0.783492922782898,0.4999309480190277,0.18429501354694366,-0.7985889911651611,0.6517983675003052,0.32767152786254883,-0.37662890553474426,0.3736804127693176,0.31231996417045593,-0.3683484196662903,0.7662927508354187,0.5277961492538452,-0.5917953848838806,0.20463700592517853,0.5483478307723999,-0.5626819729804993,0.6753905415534973,0.5971742272377014,-1.1049211025238037,0.2460000067949295,0.57993483543396,-1.0635031461715698,0.6583258509635925,0.6089134216308594,-1.223385214805603,0.2612158954143524,0.6056154370307922,-1.1889816522598267,0.6317489147186279,0.5347774028778076,-1.2402799129486084,0.28599411249160767,0.5720823407173157,-1.2118428945541382,0.629672646522522,0.5428587794303894,-1.119443655014038,0.2891039252281189,0.5599786639213562,-1.0870364904403687,0.5660129189491272,0.7492842078208923,0.02329043298959732,0.3986213207244873,0.7464831471443176,-0.023694612085819244,0.7519468069076538,0.880406379699707,-0.24003875255584717,0.22972849011421204,0.7684934735298157,-0.5714205503463745,0.62791907787323,1.1108076572418213,0.1751474291086197,0.34685978293418884,1.0922287702560425,-0.15123812854290009,0.6049991846084595,1.144066572189331,0.20963379740715027,0.36665770411491394,1.1346665620803833,-0.1083473190665245,0.6170110702514648,1.2283685207366943,0.058944739401340485,0.34662818908691406,1.22325599193573,-0.254233717918396
frame_00317.jpg,0.5266631841659546,0.14750656485557556,-0.8143354654312134,0.5570711493492126,0.10372118651866913,-0.7662886381149292,0.5732744932174683,0.10660343617200851,-0.7669150829315186,0.5852599740028381,0.10905776172876358,-0.7668313980102539,0.5089431405067444,0.09505113214254379,-0.7668101787567139,0.4934496283531189,0.09251407533884048,-0.7672968506813049,0.47933945059776306,0.09065188467502594,-0.7675814032554626,0.6044755578041077,0.12327302247285843,-0.46797823905944824,0.4656440317630768,0.1064339354634285,-0.4692581295967102,0.5531518459320068,0.19757241010665894,-0.6953384876251221,0.49719271063804626,0.1843416690826416,-0.7004737257957458,0.6509712338447571,0.3276502192020416,-0.316719651222229,0.37252122163772583,0.31229913234710693,-0.2816481590270996,0.766284167766571,0.5277619361877441,-0.5690762400627136,0.20446400344371796,0.5483821630477905,-0.5190373659133911,0.6761612296104431,0.5977553725242615,-1.1050995588302612,0.2442169487476349,0.5651924014091492,-1.0613431930541992,0.6593033671379089,0.6008073091506958,-1.2303776741027832,0.24357712268829346,0.5969390273094177,-1.1910979747772217,0.6319240927696228,0.5302850008010864,-1.2465192079544067,0.2840404510498047,0.5573474764823914,-1.2123842239379883,0.6306425333023071,0.5414355993270874,-1.1209168434143066,0.2887219786643982,0.5484291315078735,-1.0850199460983276,0.5709587335586548,0.7600898146629333,0.021731922402977943,0.3993036448955536,0.7582009434700012,-0.022164326161146164,0.7243527770042419,0.9503101706504822,-0.2728393077850342,0.26195383071899414,0.9283732175827026,-0.5660658478736877,0.568697452545166,1.187363862991333,-0.016331445425748825,0.36111754179000854,1.252313494682312,-0.1270444691181183,0.5391508936882019,1.2248096466064453,0.0005457764491438866,0.38086003065109253,1.2969205379486084,-0.08613094687461853,0.5321482419967651,1.3009365797042847,-0.1814689338207245,0.3720986247062683,1.3988960981369019,-0.23461933434009552
frame_00318.jpg,0.5235762000083923,0.14752887189388275,-0.6935621500015259,0.5543158650398254,0.10384797304868698,-0.6447129845619202,0.570740282535553,0.10675503313541412,-0.6453229188919067,0.5828702449798584,0.10929851979017258,-0.6452510356903076,0.5063264966011047,0.09531012177467346,-0.6449359655380249,0.4911523759365082,0.09289730340242386,-0.6454553604125977,0.4770224690437317,0.09119191020727158,-0.6457492113113403,0.6025468111038208,0.12370164692401886,-0.35392189025878906,0.4640553593635559,0.10710713267326355,-0.3542897701263428,0.5502508878707886,0.19803068041801453,-0.5785080194473267,0.4945293962955475,0.18445178866386414,-0.5827012062072754,0.6498226523399353,0.32742705941200256,-0.2239607572555542,0.37112781405448914,0.312420517206192,-0.19168326258659363,0.7643065452575684,0.5213112235069275,-0.470456600189209,0.20488858222961426,0.5536868572235107,-0.4283391535282135,0.6766242980957031,0.6018524765968323,-1.021454095840454,0.236258864402771,0.5513562560081482,-0.9837548136711121,0.6602519750595093,0.5985667109489441,-1.1479569673538208,0.2254197597503662,0.5807037353515625,-1.1127122640609741,0.6338468194007874,0.5310696363449097,-1.167982816696167,0.269344687461853,0.5399900078773499,-1.1379411220550537,0.6310199499130249,0.5418035984039307,-1.0401854515075684,0.282858282327652,0.5361955761909485,-1.0092885494232178,0.5765770673751831,0.7724831700325012,0.01767558977007866,0.40120258927345276,0.7681148052215576,-0.018190477043390274,0.7439342737197876,0.9200940728187561,-0.3773640990257263,0.2609539031982422,0.9222072958946228,-0.4963967800140381,0.5575333833694458,1.1614149808883667,-0.15282759070396423,0.3612302541732788,1.2212932109832764,-0.0843472108244896,0.5202345252037048,1.1953072547912598,-0.1359061747789383,0.38414329290390015,1.261583685874939,-0.04088129103183746,0.5100640058517456,1.2719871997833252,-0.3111439645290375,0.3703364133834839,1.3456121683120728,-0.16167131066322327
frame_00319.jpg,0.5216876864433289,0.14702896773815155,-0.7692634463310242,0.552441418170929,0.10277629643678665,-0.7293168306350708,0.5684912204742432,0.1054752990603447,-0.7300378680229187,0.5808503031730652,0.10790061205625534,-0.7299628257751465,0.504287600517273,0.09499958157539368,-0.7248114347457886,0.48850926756858826,0.09253870695829391,-0.7254665493965149,0.4740214943885803,0.09064194560050964,-0.7259036898612976,0.601671576499939,0.122490294277668,-0.45678314566612244,0.46071189641952515,0.10657109320163727,-0.43797141313552856,0.5483921766281128,0.1979188472032547,-0.6602088212966919,0.49228915572166443,0.184181347489357,-0.657381534576416,0.6490247249603271,0.32774102687835693,-0.3220103085041046,0.36777985095977783,0.312656432390213,-0.25702351331710815,0.762829601764679,0.5214087963104248,-0.5531076192855835,0.2060891091823578,0.5543291568756104,-0.49995121359825134,0.676441490650177,0.6115897297859192,-1.0813539028167725,0.2343345582485199,0.5516644716262817,-1.0711108446121216,0.6604465246200562,0.5976802706718445,-1.2063871622085571,0.22564435005187988,0.5738909244537354,-1.2027102708816528,0.6343101859092712,0.5316138863563538,-1.2307226657867432,0.2613055109977722,0.5306763648986816,-1.2277663946151733,0.6305627226829529,0.5427274107933044,-1.1018871068954468,0.2774037718772888,0.5278547406196594,-1.0972459316253662,0.576685905456543,0.7726805210113525,0.012868372723460197,0.4008122980594635,0.7672871351242065,-0.01336157601326704,0.7195602655410767,0.9322911500930786,-0.2705158293247223,0.2673411965370178,0.90256267786026,-0.4241183400154114,0.5567764639854431,1.1613032817840576,0.035742565989494324,0.3609992265701294,1.1722139120101929,0.03318420797586441,0.5251398682594299,1.194462537765503,0.059132467955350876,0.3833959996700287,1.2024364471435547,0.08109229803085327,0.5167503356933594,1.2729264497756958,-0.10342384874820709,0.3702095150947571,1.2948747873306274,-0.03936513885855675
frame_00320.jpg,0.5218139886856079,0.14586833119392395,-0.8505467176437378,0.5525017976760864,0.1005573570728302,-0.8089157938957214,0.5683448314666748,0.1031121090054512,-0.809657871723175,0.5807722806930542,0.1052972823381424,-0.8095753788948059,0.5043460130691528,0.0930870920419693,-0.8055232167243958,0.48828715085983276,0.09031551331281662,-0.8061661720275879,0.47353243827819824,0.08798002451658249,-0.8065671920776367,0.6014500856399536,0.11989772319793701,-0.5268793106079102,0.4592592716217041,0.10514595359563828,-0.5124387145042419,0.5481905341148376,0.19710031151771545,-0.7374038696289062,0.4921683669090271,0.18270446360111237,-0.7368193864822388,0.6478620767593384,0.32708171010017395,-0.38331884145736694,0.3664201498031616,0.31251177191734314,-0.30685868859291077,0.7621509432792664,0.5173100233078003,-0.6118922829627991,0.2073032408952713,0.5538082718849182,-0.5379608273506165,0.676659107208252,0.6131308078765869,-1.140455961227417,0.23463420569896698,0.5482649207115173,-1.1025185585021973,0.6609110832214355,0.596714198589325,-1.2668565511703491,0.22453086078166962,0.5677179098129272,-1.2374026775360107,0.6344007253646851,0.5314971804618835,-1.2912660837173462,0.2596117854118347,0.5272465348243713,-1.262052297592163,0.6310921311378479,0.553641140460968,-1.160448431968689,0.2766982316970825,0.5251048803329468,-1.1289204359054565,0.5766557455062866,0.7736262679100037,0.006056784652173519,0.400653600692749,0.7664721012115479,-0.006529266480356455,0.6876280903816223,0.9577566981315613,-0.1949043571949005,0.267861932516098,0.8979781866073608,-0.3663162887096405,0.557652473449707,1.172576665878296,0.21490009129047394,0.3544212877750397,1.1686615943908691,0.09100265800952911,0.5308704972267151,1.204254150390625,0.24890808761119843,0.3768327236175537,1.1971228122711182,0.13736888766288757,0.5211317539215088,1.2844421863555908,0.10224537551403046,0.3600277006626129,1.2870975732803345,0.012953112833201885
frame_00321.jpg,0.521769642829895,0.14417533576488495,-0.8437618017196655,0.5522167682647705,0.09969934076070786,-0.7978487014770508,0.5677498579025269,0.10244634002447128,-0.7985659837722778,0.5802730321884155,0.10475002229213715,-0.7985014319419861,0.5047240853309631,0.09167204797267914,-0.7969390749931335,0.48870792984962463,0.08855411410331726,-0.7975295782089233,0.474038302898407,0.0858522430062294,-0.7978976964950562,0.6006912589073181,0.11989222466945648,-0.5000346899032593,0.45961299538612366,0.10442160069942474,-0.49798208475112915,0.5470979809761047,0.19571352005004883,-0.7259945273399353,0.49236154556274414,0.17964032292366028,-0.7284737229347229,0.6461794972419739,0.3258746862411499,-0.36048567295074463,0.3667530417442322,0.30904266238212585,-0.30290013551712036,0.7597872614860535,0.5044930577278137,-0.6114776730537415,0.2134232521057129,0.5427526831626892,-0.5654412508010864,0.6796686053276062,0.611061692237854,-1.1553990840911865,0.23485787212848663,0.5400224924087524,-1.1688907146453857,0.6678082346916199,0.6204895377159119,-1.2891149520874023,0.22222594916820526,0.5626146197319031,-1.3079214096069336,0.6353428959846497,0.5317411422729492,-1.314689040184021,0.25725361704826355,0.516009509563446,-1.3346785306930542,0.6313105821609497,0.549712061882019,-1.1767793893814087,0.2755012512207031,0.5178395509719849,-1.196426272392273,0.5764909982681274,0.7729682922363281,0.004205208737403154,0.40087270736694336,0.7651919722557068,-0.0047117555513978004,0.69362872838974,0.9105450510978699,-0.32586610317230225,0.24715633690357208,0.8582097887992859,-0.3683837056159973,0.5079630613327026,1.0900002717971802,-0.0737418383359909,0.3543608784675598,1.0871301889419556,0.053978223353624344,0.47011643648147583,1.1165636777877808,-0.05514783412218094,0.3787023425102234,1.1172949075698853,0.10604747384786606,0.4520910680294037,1.1822293996810913,-0.24198217689990997,0.35943150520324707,1.2025104761123657,-0.013520349748432636
frame_00322.jpg,0.5206187963485718,0.14344453811645508,-0.9297577142715454,0.5511478185653687,0.09953030943870544,-0.8823037147521973,0.5662748217582703,0.10233715176582336,-0.8830013275146484,0.5787674784660339,0.10468871146440506,-0.8829452395439148,0.5045983195304871,0.09133035689592361,-0.8799732327461243,0.4885166585445404,0.08815702050924301,-0.880528450012207,0.4737021028995514,0.08533961325883865,-0.8808292150497437,0.5991544723510742,0.11993297189474106,-0.5697997808456421,0.45893844962120056,0.10345412790775299,-0.5621854066848755,0.5446056127548218,0.1948910802602768,-0.8057435154914856,0.49111899733543396,0.17817145586013794,-0.8074365854263306,0.645622193813324,0.3220804035663605,-0.4015498757362366,0.36629700660705566,0.3061371445655823,-0.34563660621643066,0.7583533525466919,0.5041207075119019,-0.6437104940414429,0.20922045409679413,0.525988757610321,-0.6025704145431519,0.681948184967041,0.5756410956382751,-1.214123010635376,0.2321614772081375,0.541749894618988,-1.2003912925720215,0.6755486726760864,0.6068576574325562,-1.3518025875091553,0.22380396723747253,0.5794642567634583,-1.3431185483932495,0.6344614028930664,0.5441179871559143,-1.3720200061798096,0.25811347365379333,0.5370038151741028,-1.3678805828094482,0.6297559142112732,0.5499593019485474,-1.232183575630188,0.2748323678970337,0.528739333152771,-1.2266111373901367,0.5677324533462524,0.7725699543952942,0.008110960945487022,0.3927968740463257,0.7592479586601257,-0.008645971305668354,0.6797168254852295,0.9713663458824158,-0.27512127161026,0.27306684851646423,0.8820747137069702,-0.5539683103561401,0.49570101499557495,1.0993045568466187,0.12572981417179108,0.3634817600250244,1.1858394145965576,-0.1597050130367279,0.4626886248588562,1.133960485458374,0.16091445088386536,0.3841835558414459,1.22696852684021,-0.11964331567287445,0.44446617364883423,1.1984587907791138,-0.0037548947148025036,0.3747401833534241,1.3330024480819702,-0.27949339151382446
frame_00323.jpg,0.5198261141777039,0.14198517799377441,-0.9026638865470886,0.5508384108543396,0.09892221540212631,-0.856645405292511,0.565827488899231,0.10196893662214279,-0.857330322265625,0.5782957077026367,0.10449743270874023,-0.8572624325752258,0.5046755075454712,0.09043340384960175,-0.8545513153076172,0.48868030309677124,0.08705572783946991,-0.8551000356674194,0.4738829731941223,0.08386432379484177,-0.8554058074951172,0.5989477634429932,0.11999024450778961,-0.5564651489257812,0.4593014717102051,0.10162587463855743,-0.5489369630813599,0.5433090329170227,0.19363421201705933,-0.7831861972808838,0.49050360918045044,0.17651613056659698,-0.7852762937545776,0.6448571085929871,0.3220197558403015,-0.3981010317802429,0.3660695552825928,0.305882066488266,-0.34018999338150024,0.7549206614494324,0.5020898580551147,-0.6322430372238159,0.20764097571372986,0.5168324112892151,-0.5815848112106323,0.678202748298645,0.5767799615859985,-1.1850148439407349,0.22507710754871368,0.5497549176216125,-1.1507070064544678,0.6671990156173706,0.602412760257721,-1.3168268203735352,0.21549014747142792,0.588154137134552,-1.2869346141815186,0.6243510842323303,0.546796441078186,-1.3373799324035645,0.2506844103336334,0.5443723797798157,-1.3134102821350098,0.6213134527206421,0.5500560402870178,-1.2027853727340698,0.2635387182235718,0.5357968807220459,-1.176978349685669,0.5667699575424194,0.772182285785675,0.008898282423615456,0.39219212532043457,0.7587626576423645,-0.00941347237676382,0.686041533946991,0.9751306176185608,-0.2545616626739502,0.27916550636291504,0.9074809551239014,-0.5310742855072021,0.5134772062301636,1.13546884059906,0.1257185935974121,0.3919045627117157,1.19937264919281,-0.12107755988836288,0.48195189237594604,1.1668919324874878,0.15982797741889954,0.41445493698120117,1.2361655235290527,-0.06458939611911774,0.4658704698085785,1.226624846458435,-0.02073991298675537,0.4158947467803955,1.3408867120742798,-0.25234562158584595
frame_00324.jpg,0.5196951031684875,0.1408681869506836,-0.973129153251648,0.5509647130966187,0.09881056100130081,-0.9308375120162964,0.5658819079399109,0.10197579115629196,-0.931573748588562,0.5783920884132385,0.1047353595495224,-0.9315125346183777,0.5053734183311462,0.08994703739881516,-0.9245247840881348,0.49053215980529785,0.08655516803264618,-0.9250885248184204,0.47642868757247925,0.083278588950634,-0.9254471063613892,0.5990628004074097,0.12236514687538147,-0.6421858072280884,0.46207404136657715,0.10147630423307419,-0.6159707307815552,0.5428933501243591,0.19304491579532623,-0.8579414486885071,0.49053746461868286,0.17496155202388763,-0.8547821044921875,0.6434652805328369,0.3237125277519226,-0.49403244256973267,0.36476975679397583,0.30611270666122437,-0.3917290270328522,0.7517922520637512,0.5025145411491394,-0.7653212547302246,0.20214900374412537,0.5172685980796814,-0.6421917676925659,0.6718234419822693,0.5718058347702026,-1.3394362926483154,0.22458556294441223,0.5499535799026489,-1.251787781715393,0.6592578887939453,0.6064901351928711,-1.4810705184936523,0.21700716018676758,0.590165376663208,-1.4041439294815063,0.6202545166015625,0.5449572205543518,-1.5029910802841187,0.25040194392204285,0.5450637340545654,-1.4289896488189697,0.6202201247215271,0.5483990907669067,-1.3585824966430664,0.2619372010231018,0.535869836807251,-1.2801671028137207,0.5642532110214233,0.7719058394432068,0.0006421812577173114,0.39118462800979614,0.7588931322097778,-0.0011058107484132051,0.6486073732376099,0.9951922297477722,-0.08728393912315369,0.2860064208507538,0.9236208200454712,-0.39028945565223694,0.5413421392440796,1.1886217594146729,0.46494007110595703,0.36628270149230957,1.1878020763397217,0.12369538843631744,0.5358579754829407,1.2165977954864502,0.5110533833503723,0.38185739517211914,1.223800539970398,0.1738806515932083,0.4863065779209137,1.3036264181137085,0.336433470249176,0.38141804933547974,1.3260722160339355,0.0014989939518272877
frame_00325.jpg,0.5195450186729431,0.14023001492023468,-0.9423406720161438,0.5509449243545532,0.09871053695678711,-0.896957516670227,0.5657812356948853,0.10198184847831726,-0.8976733088493347,0.5783737301826477,0.10483840852975845,-0.8976341485977173,0.5058368444442749,0.08944526314735413,-0.9044609069824219,0.49183353781700134,0.08595670014619827,-0.9050575494766235,0.4782702922821045,0.08250395208597183,-0.9053529500961304,0.5991578698158264,0.12336620688438416,-0.6031285524368286,0.4643169939517975,0.10115860402584076,-0.5776429176330566,0.5423805117607117,0.19268560409545898,-0.8247233629226685,0.4905698895454407,0.17414672672748566,-0.8388973474502563,0.6434235572814941,0.3240914046764374,-0.44948139786720276,0.364113986492157,0.30669745802879333,-0.3493238389492035,0.7517808675765991,0.5033391118049622,-0.7022234797477722,0.19880355894565582,0.5185994505882263,-0.6309647560119629,0.6714138388633728,0.5739562511444092,-1.2771214246749878,0.2200026512145996,0.5515589118003845,-1.2038654088974,0.648812472820282,0.597453773021698,-1.4167683124542236,0.21626348793506622,0.5930460691452026,-1.3560603857040405,0.6160688400268555,0.5425584316253662,-1.4372870922088623,0.24711844325065613,0.5450398325920105,-1.3819068670272827,0.6144852638244629,0.5486345291137695,-1.295323371887207,0.2579575479030609,0.5354538559913635,-1.2322324514389038,0.5643310546875,0.7748854756355286,0.0003538128512445837,0.39152225852012634,0.7652497887611389,-0.000807399395853281,0.6485202312469482,1.0037606954574585,-0.14023849368095398,0.2907268702983856,0.9315001964569092,-0.4924214780330658,0.5445341467857361,1.2328249216079712,0.3543093800544739,0.37390148639678955,1.2013784646987915,0.033833157271146774,0.5387195348739624,1.2660366296768188,0.3958630859851837,0.3910926878452301,1.237591028213501,0.08648261427879333,0.49062156677246094,1.3579143285751343,0.21897724270820618,0.39289408922195435,1.3347538709640503,-0.1285981684923172
frame_00326.jpg,0.5194398760795593,0.13904136419296265,-0.9530724287033081,0.5510105490684509,0.09780322015285492,-0.9110435247421265,0.5658510327339172,0.10128815472126007,-0.9117835164070129,0.5784481167793274,0.10435904562473297,-0.9116977453231812,0.5060617923736572,0.08797691762447357,-0.9063159823417664,0.4923045039176941,0.08405162394046783,-0.9068729281425476,0.47883424162864685,0.08010894805192947,-0.9072019457817078,0.5992041826248169,0.12335410714149475,-0.6161981821060181,0.46517282724380493,0.09930041432380676,-0.5875469446182251,0.5423192381858826,0.19182386994361877,-0.834732174873352,0.4905124604701996,0.1727190464735031,-0.8340686559677124,0.6434181928634644,0.3240688741207123,-0.45162433385849,0.3642639219760895,0.30676305294036865,-0.3523399233818054,0.7520456910133362,0.503829836845398,-0.7078465819358826,0.20372936129570007,0.5149059891700745,-0.6091873645782471,0.6716315746307373,0.579705536365509,-1.2936880588531494,0.21299254894256592,0.549959123134613,-1.234464406967163,0.645556628704071,0.5955531597137451,-1.4348490238189697,0.21385714411735535,0.5882207751274109,-1.390228271484375,0.6159671545028687,0.5425047278404236,-1.4580752849578857,0.2399989813566208,0.5394564867019653,-1.4203236103057861,0.6154830455780029,0.5487134456634521,-1.312734603881836,0.25057798624038696,0.529108464717865,-1.2653111219406128,0.56449294090271,0.7761937975883484,0.0010514493333175778,0.39166682958602905,0.7648626565933228,-0.0015049469657242298,0.6385268568992615,1.0340954065322876,-0.08798222243785858,0.2925586998462677,0.9464677572250366,-0.5134078860282898,0.5442826747894287,1.272300362586975,0.4166988730430603,0.3733575940132141,1.2600924968719482,-0.06992218643426895,0.5371600389480591,1.3074184656143188,0.4561762809753418,0.38808774948120117,1.3037387132644653,-0.030103299766778946,0.4950793385505676,1.3953174352645874,0.26955074071884155,0.3893222212791443,1.3965097665786743,-0.2389688789844513
frame_00327.jpg,0.5195167064666748,0.1389758288860321,-0.9120392799377441,0.55106520652771,0.09778376668691635,-0.8673582077026367,0.5659428834915161,0.10129205882549286,-0.8680713772773743,0.5784872770309448,0.1044163703918457,-0.8679705858230591,0.507295548915863,0.08796942979097366,-0.8610981702804565,0.49387893080711365,0.08406434208154678,-0.861677348613739,0.48055070638656616,0.08012533187866211,-0.8619894981384277,0.5992449522018433,0.1243566945195198,-0.5705527663230896,0.4667806625366211,0.09932156652212143,-0.5407983660697937,0.5423881411552429,0.19177469611167908,-0.7934498190879822,0.49058833718299866,0.17279548943042755,-0.7903589606285095,0.6431261301040649,0.3242146372795105,-0.410239040851593,0.3643145263195038,0.30709895491600037,-0.320647269487381,0.7503233551979065,0.5008542537689209,-0.6319289803504944,0.22419381141662598,0.5161976218223572,-0.5429807305335999,0.6709469556808472,0.5884135961532593,-1.1904551982879639,0.21393051743507385,0.5499864220619202,-1.124786138534546,0.64512699842453,0.5970221757888794,-1.3252514600753784,0.21469445526599884,0.5793932676315308,-1.268618106842041,0.6164295673370361,0.555070161819458,-1.356615424156189,0.23729625344276428,0.5289595723152161,-1.304787278175354,0.6165086030960083,0.5598117113113403,-1.2132070064544678,0.24682123959064484,0.5188334584236145,-1.15718674659729,0.5639909505844116,0.7743511199951172,0.001545375562272966,0.3916497826576233,0.7639874219894409,-0.0019999064970761538,0.664456844329834,1.00879967212677,-0.14580979943275452,0.2872820794582367,0.9371137022972107,-0.3883233666419983,0.5476962327957153,1.2395424842834473,0.32431021332740784,0.3486565947532654,1.233866810798645,0.11157865822315216,0.5360259413719177,1.268310785293579,0.36060866713523865,0.36587637662887573,1.2738704681396484,0.159755676984787,0.49703532457351685,1.3593796491622925,0.1828685998916626,0.35230395197868347,1.369815707206726,-0.012246052734553814
