image_name,x_0,y_0,z_0,x_1,y_1,z_1,x_2,y_2,z_2,x_3,y_3,z_3,x_4,y_4,z_4,x_5,y_5,z_5,x_6,y_6,z_6,x_7,y_7,z_7,x_8,y_8,z_8,x_9,y_9,z_9,x_10,y_10,z_10,x_11,y_11,z_11,x_12,y_12,z_12,x_13,y_13,z_13,x_14,y_14,z_14,x_15,y_15,z_15,x_16,y_16,z_16,x_17,y_17,z_17,x_18,y_18,z_18,x_19,y_19,z_19,x_20,y_20,z_20,x_21,y_21,z_21,x_22,y_22,z_22,x_23,y_23,z_23,x_24,y_24,z_24,x_25,y_25,z_25,x_26,y_26,z_26,x_27,y_27,z_27,x_28,y_28,z_28,x_29,y_29,z_29,x_30,y_30,z_30,x_31,y_31,z_31,x_32,y_32,z_32
frame_00000.jpg,0.4587079882621765,0.4251212775707245,-0.15743467211723328,0.45901888608932495,0.4022451341152191,-0.17566551268100739,0.4631923735141754,0.39915964007377625,-0.176083043217659,0.4680013656616211,0.39595189690589905,-0.17599403858184814,0.4525356888771057,0.4046773910522461,-0.14273767173290253,0.4508697986602783,0.4041748642921448,-0.1431468427181244,0.44899314641952515,0.4040186107158661,-0.14338740706443787,0.4810585379600525,0.3885864317417145,-0.20808856189250946,0.45827212929725647,0.39805868268013,-0.054140232503414154,0.4722312092781067,0.43486103415489197,-0.160376638174057,0.46544480323791504,0.4379371404647827,-0.11911804974079132,0.5424846410751343,0.43067044019699097,-0.2534479796886444,0.4950452744960785,0.4422813653945923,0.05955324321985245,0.5712219476699829,0.5349127650260925,-0.31576278805732727,0.47741419076919556,0.5399216413497925,0.11492780596017838,0.504428505897522,0.6495113968849182,-0.3453845679759979,0.40594974160194397,0.5532265901565552,0.04957892745733261,0.4808015823364258,0.68434077501297,-0.37527111172676086,0.39095261693000793,0.5657731294631958,0.041361741721630096,0.4682195782661438,0.6763973832130432,-0.37588298320770264,0.3854001462459564,0.5582408905029297,0.005686103366315365,0.4723876416683197,0.6728075742721558,-0.3425457179546356,0.39507514238357544,0.5250542163848877,0.031049694865942,0.5979834794998169,0.6580291986465454,-0.09309064596891403,0.5614036321640015,0.6407201886177063,0.09260773658752441,0.5377644300460815,0.7569726705551147,-0.06511007249355316,0.4684920907020569,0.6807571649551392,0.1515614092350006,0.5933514833450317,0.8404974341392517,0.15330280363559723,0.5450327396392822,0.8402141332626343,-0.11543210595846176,0.6144708395004272,0.8632371425628662,0.1809784173965454,0.5772409439086914,0.8670570254325867,-0.12972882390022278,0.5698544383049011,0.8963142037391663,0.22922475636005402,0.5039128065109253,0.8815126419067383,-0.16747693717479706
frame_00001.jpg,0.4577851891517639,0.4436076581478119,-0.18223634362220764,0.4563525319099426,0.4161619246006012,-0.20947608351707458,0.45982155203819275,0.41376250982284546,-0.20989017188549042,0.46353086829185486,0.4121192991733551,-0.20979364216327667,0.4516931474208832,0.41635990142822266,-0.16992047429084778,0.4517498016357422,0.41466224193573,-0.1703353226184845,0.4515734612941742,0.4135016202926636,-0.17060190439224243,0.4747544229030609,0.4080444872379303,-0.2764345109462738,0.4646148681640625,0.40894100069999695,-0.09371577948331833,0.4681989252567291,0.4515092074871063,-0.1975545734167099,0.4633640646934509,0.4526056945323944,-0.14758768677711487,0.5411918759346008,0.44543424248695374,-0.3329457640647888,0.509193480014801,0.4321771264076233,0.03766193985939026,0.5629886388778687,0.5714963674545288,-0.4070989191532135,0.4792158603668213,0.5540618896484375,0.06441895663738251,0.44524580240249634,0.6314570307731628,-0.4050977826118469,0.41195550560951233,0.5726515054702759,-0.0564582422375679,0.42713767290115356,0.6575426459312439,-0.43729105591773987,0.3914332091808319,0.5773218274116516,-0.07009132951498032,0.42067766189575195,0.6446588635444641,-0.4318055510520935,0.3878200054168701,0.5663009285926819,-0.10465234518051147,0.42053985595703125,0.6309118866920471,-0.3993048071861267,0.3980252146720886,0.5591091513633728,-0.07613443583250046,0.6116527318954468,0.6470774412155151,-0.10784222185611725,0.5752891898155212,0.637154221534729,0.10741875320672989,0.57763671875,0.7439595460891724,-0.0756663903594017,0.4728281497955322,0.7055362462997437,0.18030184507369995,0.6131461262702942,0.8385518193244934,0.1417703777551651,0.5231209397315979,0.8389834761619568,0.06997857987880707,0.6281688213348389,0.8608750104904175,0.1718994528055191,0.5536877512931824,0.8632341027259827,0.05731003358960152,0.5886414647102356,0.8921712636947632,0.147237166762352,0.47165435552597046,0.8828852772712708,0.012834588997066021
frame_00002.jpg,0.48976999521255493,0.41686758399009705,0.1343875378370285,0.49069279432296753,0.3997964859008789,0.09556775540113449,0.491477906703949,0.39832058548927307,0.09530287235975266,0.49207791686058044,0.3970174193382263,0.09541710466146469,0.4932689666748047,0.3985752463340759,0.12960843741893768,0.4959941506385803,0.3961082696914673,0.12924085557460785,0.49874502420425415,0.39343002438545227,0.12911783158779144,0.5049786567687988,0.3928786516189575,-0.11881212145090103,0.516334593296051,0.38668587803840637,0.11300235986709595,0.4979386329650879,0.42411577701568604,0.094548299908638,0.500524640083313,0.423319011926651,0.13660775125026703,0.5337537527084351,0.4377611577510834,-0.12127164751291275,0.5941982865333557,0.4163350760936737,0.14745211601257324,0.5618090033531189,0.5542564392089844,-0.19453492760658264,0.6575129628181458,0.48373714089393616,0.28551405668258667,0.4488934576511383,0.5828667879104614,-0.16105784475803375,0.6157170534133911,0.5282601714134216,0.43899965286254883,0.42939868569374084,0.5996456742286682,-0.17524200677871704,0.6088489294052124,0.531443178653717,0.47104746103286743,0.4260532855987549,0.5872575640678406,-0.2038247138261795,0.5969380140304565,0.5292845368385315,0.45327287912368774,0.43338853120803833,0.5801384449005127,-0.15560784935951233,0.597596287727356,0.5288097858428955,0.43427157402038574,0.6034590005874634,0.6670835614204407,-0.0804978460073471,0.6592035889625549,0.6389850974082947,0.07997316122055054,0.5824617743492126,0.7792050242424011,0.15445242822170258,0.6366002559661865,0.7571369409561157,0.23929846286773682,0.6357769966125488,0.9086179733276367,0.08288966864347458,0.6447840929031372,0.87405925989151,0.001887597143650055,0.6510842442512512,0.928880512714386,0.07375337183475494,0.6646917462348938,0.8988152742385864,-0.016230398789048195,0.6201645731925964,0.9483785033226013,0.0640656054019928,0.5141129493713379,0.9044693112373352,-0.06211410090327263
frame_00003.jpg,0.506731390953064,0.38132593035697937,-0.081022247672081,0.5037970542907715,0.3629859983921051,-0.12006167322397232,0.5051433444023132,0.36102378368377686,-0.12037138640880585,0.50627601146698,0.3593483865261078,-0.12027889490127563,0.5036041140556335,0.3631313145160675,-0.07369890064001083,0.5048274397850037,0.36167678236961365,-0.07408116012811661,0.506655752658844,0.3603633642196655,-0.07426381856203079,0.520664632320404,0.3701440393924713,-0.22652395069599152,0.5220407247543335,0.38334494829177856,-0.027778247371315956,0.5184321403503418,0.38964420557022095,-0.11394496262073517,0.5182099938392639,0.39086347818374634,-0.05565571039915085,0.5624852776527405,0.3782551884651184,-0.3001265227794647,0.5918271541595459,0.3562462031841278,0.08972950279712677,0.5592809319496155,0.5157557725906372,-0.34741654992103577,0.5847305059432983,0.47024449706077576,0.1105419397354126,0.44906020164489746,0.5293463468551636,-0.2633909285068512,0.5465757846832275,0.521439790725708,0.0539693608880043,0.4293118417263031,0.5350198149681091,-0.2859727740287781,0.5366544127464294,0.5290901064872742,0.03465723246335983,0.42236343026161194,0.5204664468765259,-0.2697111964225769,0.5314399003982544,0.5261751413345337,0.01748128980398178,0.4305074214935303,0.5193346738815308,-0.2512797713279724,0.5355692505836487,0.5246782302856445,0.04752669110894203,0.6393629908561707,0.5794803500175476,-0.11460980027914047,0.648624837398529,0.5512443780899048,0.11419381201267242,0.5754026770591736,0.633269727230072,-0.09482692182064056,0.5808905363082886,0.5983225703239441,0.2003771960735321,0.6053000092506409,0.7662874460220337,0.06724527478218079,0.5999542474746704,0.718853235244751,0.198274627327919,0.6208681464195251,0.7756838202476501,0.08196200430393219,0.6198052167892456,0.7363377809524536,0.19883863627910614,0.5772715210914612,0.8383514285087585,0.0708673745393753,0.559416651725769,0.7744748592376709,0.17859944701194763
frame_00004.jpg,0.5376067161560059,0.373564213514328,-0.30277568101882935,0.5396949052810669,0.35649004578590393,-0.3300251066684723,0.5425232648849487,0.3544609248638153,-0.33031827211380005,0.5451897382736206,0.3525099754333496,-0.3302217125892639,0.5367217659950256,0.3557508885860443,-0.29460299015045166,0.5373930931091309,0.35374173521995544,-0.2950529158115387,0.5379399657249451,0.3518211245536804,-0.2953673303127289,0.5623535513877869,0.35081416368484497,-0.3714737892150879,0.5532101392745972,0.3647725284099579,-0.2101087123155594,0.549839437007904,0.379375159740448,-0.30819183588027954,0.5479577779769897,0.3804091513156891,-0.2633306682109833,0.6209270358085632,0.36512821912765503,-0.3414495885372162,0.5913711786270142,0.36342307925224304,-0.08488022536039352,0.6758516430854797,0.45597925782203674,-0.34415075182914734,0.5770785808563232,0.46484047174453735,-0.026832405477762222,0.6454491019248962,0.5040431022644043,-0.31025126576423645,0.5427912473678589,0.5071256160736084,-0.1357736736536026,0.6389331817626953,0.5158393979072571,-0.3278278112411499,0.5271351337432861,0.5111298561096191,-0.15510621666908264,0.6310598254203796,0.5010279417037964,-0.3343920409679413,0.5220023393630981,0.509937584400177,-0.18428568542003632,0.6344441771507263,0.4956088066101074,-0.3095996379852295,0.5304500460624695,0.5077720880508423,-0.1524890661239624,0.6863934397697449,0.522924542427063,-0.0827406719326973,0.6583179831504822,0.5153723955154419,0.08250822126865387,0.5973091721534729,0.6272079348564148,-0.12101956456899643,0.6042472124099731,0.626925528049469,0.054262030869722366,0.6242716908454895,0.7835991978645325,0.007138271816074848,0.6077656745910645,0.7575922012329102,0.15419410169124603,0.6358324289321899,0.800520122051239,0.015818020328879356,0.6312136650085449,0.77265465259552,0.1655598133802414,0.6136519312858582,0.843265950679779,-0.07336871325969696,0.5945466756820679,0.8143523335456848,0.10109361261129379
frame_00005.jpg,0.548237144947052,0.37026506662368774,-0.2521238327026367,0.5487179756164551,0.35452261567115784,-0.279318243265152,0.5494946241378784,0.3531872034072876,-0.2795732021331787,0.5504732728004456,0.35219329595565796,-0.27944737672805786,0.549781322479248,0.35372763872146606,-0.2562795877456665,0.5514980554580688,0.3523194491863251,-0.2566697895526886,0.5530966520309448,0.3508315086364746,-0.25691384077072144,0.56595778465271,0.34656116366386414,-0.33066028356552124,0.5702658295631409,0.35091978311538696,-0.22501614689826965,0.5587131977081299,0.37528982758522034,-0.25983738899230957,0.5602118372917175,0.3762401342391968,-0.23101714253425598,0.5983574986457825,0.3874645233154297,-0.31426557898521423,0.6345356702804565,0.35068070888519287,-0.11907272040843964,0.6470044851303101,0.4605300724506378,-0.2836517095565796,0.6438586711883545,0.4315255582332611,-0.009203611873090267,0.5366904735565186,0.5090082883834839,-0.2199665755033493,0.5864953994750977,0.4780288338661194,0.06845928728580475,0.5116716027259827,0.5213156342506409,-0.23887011408805847,0.5719751715660095,0.48254528641700745,0.07587961852550507,0.5095523595809937,0.5058150887489319,-0.23962168395519257,0.5644552707672119,0.49041125178337097,0.04529445990920067,0.5247445702552795,0.500142514705658,-0.21737158298492432,0.5706557035446167,0.4890463948249817,0.05675717070698738,0.6736224889755249,0.533962070941925,-0.0675460547208786,0.6845418810844421,0.4975069761276245,0.06724264472723007,0.5982226133346558,0.6396453380584717,0.10366086661815643,0.6253136396408081,0.6285982728004456,0.2194838970899582,0.6296887993812561,0.776564359664917,0.2726908326148987,0.6236032247543335,0.7551369071006775,0.40535181760787964,0.6441504955291748,0.8088372945785522,0.28676483035087585,0.6415749192237854,0.7724249362945557,0.42401379346847534,0.6128612756729126,0.8308717012405396,0.24223896861076355,0.6048380732536316,0.7980172634124756,0.3969103991985321
frame_00006.jpg,0.544384241104126,0.3666439950466156,-0.2179383784532547,0.5438159108161926,0.3505176603794098,-0.23870930075645447,0.5456233620643616,0.34969770908355713,-0.23898020386695862,0.5476666688919067,0.34961768984794617,-0.23889675736427307,0.5421262383460999,0.35005253553390503,-0.20838186144828796,0.5427923202514648,0.34878116846084595,-0.20875224471092224,0.543210506439209,0.34747064113616943,-0.20895680785179138,0.5641188025474548,0.3386377990245819,-0.26843637228012085,0.5587030649185181,0.3466072082519531,-0.1357157826423645,0.5547229051589966,0.37259167432785034,-0.22011983394622803,0.5520621538162231,0.37466296553611755,-0.18208232522010803,0.6147589087486267,0.36650028824806213,-0.27650555968284607,0.6082202792167664,0.34994691610336304,-0.029110854491591454,0.6126111149787903,0.4631239175796509,-0.32359445095062256,0.6186093688011169,0.4412967264652252,0.057571906596422195,0.5420713424682617,0.5033347010612488,-0.32177239656448364,0.5723552703857422,0.4818893373012543,0.00579342944547534,0.5237218141555786,0.5155222415924072,-0.3502879738807678,0.5595799684524536,0.4883253872394562,-0.0016543737147003412,0.5187053680419922,0.49811410903930664,-0.3434889316558838,0.5522354245185852,0.49081775546073914,-0.029282305389642715,0.527775764465332,0.4935837686061859,-0.31682515144348145,0.5588277578353882,0.48818957805633545,-0.008197156712412834,0.6895712018013,0.5255076289176941,-0.08069901168346405,0.6747275590896606,0.510658860206604,0.08048100769519806,0.6155353784561157,0.6351425051689148,-0.07118992507457733,0.619967520236969,0.6229740977287292,0.08923335373401642,0.6353833675384521,0.7668957114219666,0.054211147129535675,0.6237698197364807,0.7624375224113464,0.1931682974100113,0.6460078954696655,0.7952826619148254,0.06355581432580948,0.6397737264633179,0.7791862487792969,0.20019419491291046,0.6144484877586365,0.8066178560256958,4.902710861642845e-05,0.5996284484863281,0.8131893873214722,0.1538877636194229
frame_00007.jpg,0.5484534502029419,0.2453823834657669,-0.11435117572546005,0.5493913888931274,0.22535285353660583,-0.13466228544712067,0.5509454011917114,0.22332239151000977,-0.13486556708812714,0.5527569651603699,0.22173234820365906,-0.13482323288917542,0.5484718084335327,0.22772006690502167,-0.10576530545949936,0.549247682094574,0.2279655933380127,-0.10609797388315201,0.5498478412628174,0.22812224924564362,-0.1062425822019577,0.5676217675209045,0.21892495453357697,-0.17979440093040466,0.5644502639770508,0.22573451697826385,-0.04809907078742981,0.5591235160827637,0.25424787402153015,-0.12318696826696396,0.557495653629303,0.2580290734767914,-0.08680799603462219,0.6039192080497742,0.29169321060180664,-0.2229948788881302,0.6074442267417908,0.2809094190597534,0.06635196506977081,0.5880561470985413,0.41712287068367004,-0.25296181440353394,0.611214280128479,0.39329564571380615,0.10604740679264069,0.5313273668289185,0.46934616565704346,-0.26134777069091797,0.573666512966156,0.4454473853111267,0.03415008634328842,0.5050951242446899,0.4809949994087219,-0.28998422622680664,0.564211368560791,0.45748937129974365,0.02878696285188198,0.49382147192955017,0.46339237689971924,-0.24435658752918243,0.5597681403160095,0.45607271790504456,0.002210714388638735,0.5172277688980103,0.4621822237968445,-0.2352134883403778,0.5648738145828247,0.4520200788974762,0.0198365431278944,0.679336667060852,0.4770832061767578,-0.08772807568311691,0.6732791662216187,0.4624400734901428,0.08751163631677628,0.6292146444320679,0.5843670964241028,-0.08084305375814438,0.6275948286056519,0.5840209126472473,0.1402711421251297,0.6466518640518188,0.7082168459892273,-0.003542926162481308,0.6481084823608398,0.6968939304351807,0.1992194801568985,0.6621614694595337,0.7246434688568115,0.002412238158285618,0.6645028591156006,0.7116391658782959,0.20477783679962158,0.618794322013855,0.7536877989768982,-0.038245972245931625,0.618144154548645,0.742749035358429,0.1767972856760025
frame_00008.jpg,0.5544232130050659,0.28427955508232117,-0.19165492057800293,0.556663453578949,0.26464205980300903,-0.21905210614204407,0.5585595965385437,0.26280418038368225,-0.21924683451652527,0.5606943368911743,0.2613500654697418,-0.21914663910865784,0.5555324554443359,0.2652367353439331,-0.1889628916978836,0.556331217288971,0.2645118832588196,-0.18928512930870056,0.5569830536842346,0.2636834383010864,-0.1894150674343109,0.5786001682281494,0.25406399369239807,-0.2786000072956085,0.5743831992149353,0.25508198142051697,-0.14269231259822845,0.5669985413551331,0.2909780740737915,-0.20403456687927246,0.5654449462890625,0.29273882508277893,-0.16625335812568665,0.612392246723175,0.31649601459503174,-0.31335359811782837,0.624712347984314,0.277193546295166,-0.013264710083603859,0.582443356513977,0.4273332953453064,-0.36736854910850525,0.62911057472229,0.3635304570198059,0.09068267792463303,0.5013141632080078,0.4616655111312866,-0.3348467946052551,0.6090059876441956,0.41658908128738403,0.12352688610553741,0.481583833694458,0.47716769576072693,-0.3647719621658325,0.6061344742774963,0.4287729561328888,0.13403859734535217,0.47317495942115784,0.45980924367904663,-0.34926316142082214,0.60162752866745,0.43052345514297485,0.10596068948507309,0.48408594727516174,0.4555085301399231,-0.32605671882629395,0.6036291122436523,0.4282848536968231,0.11239735782146454,0.6851633787155151,0.47337523102760315,-0.08910853415727615,0.6807765364646912,0.44097015261650085,0.0888977199792862,0.6333593726158142,0.5769372582435608,-0.056533318012952805,0.6241848468780518,0.5502749085426331,0.12915371358394623,0.6493587493896484,0.7095657587051392,0.026363585144281387,0.6466039419174194,0.671784520149231,0.22400645911693573,0.6659948229789734,0.7268535494804382,0.032181888818740845,0.6596735715866089,0.688167929649353,0.23457226157188416,0.6158064603805542,0.757900059223175,-0.008097450248897076,0.6084104776382446,0.7212913036346436,0.2212190181016922
frame_00009.jpg,0.5665521621704102,0.28410249948501587,-0.05733892321586609,0.5659143924713135,0.2659646272659302,-0.08082212507724762,0.5672156810760498,0.2638920545578003,-0.08099569380283356,0.568751871585846,0.26220768690109253,-0.08091329038143158,0.5656282305717468,0.2666087746620178,-0.05076885223388672,0.5666013956069946,0.2657851278781891,-0.05104265734553337,0.5674436092376709,0.2648211717605591,-0.05114736407995224,0.5833126306533813,0.2531425356864929,-0.14422452449798584,0.5823100805282593,0.25435927510261536,-0.0070611583068966866,0.5781513452529907,0.2883099615573883,-0.07361672818660736,0.577612578868866,0.2901538014411926,-0.035653822124004364,0.6146706342697144,0.3070252239704132,-0.2290123999118805,0.6363380551338196,0.2779344320297241,0.10132497549057007,0.5777910947799683,0.42552345991134644,-0.29521694779396057,0.6342468857765198,0.37644925713539124,0.14547887444496155,0.48918962478637695,0.4604279696941376,-0.24112148582935333,0.6060526371002197,0.4248107075691223,0.1007167249917984,0.47207942605018616,0.47415226697921753,-0.2752131521701813,0.6009069085121155,0.4335993528366089,0.10289184749126434,0.46576204895973206,0.4610421061515808,-0.2374149113893509,0.5961300134658813,0.43101897835731506,0.07824830710887909,0.47402405738830566,0.4576543867588043,-0.22319583594799042,0.5984448194503784,0.42926645278930664,0.08846097439527512,0.6914113759994507,0.4563106894493103,-0.09520792216062546,0.694797694683075,0.43438783288002014,0.09493039548397064,0.6261197924613953,0.5280022621154785,-0.11743265390396118,0.6238664984703064,0.5122296810150146,0.13384486734867096,0.6388494372367859,0.6858529448509216,-0.15245534479618073,0.6348199844360352,0.6591619849205017,0.1985415518283844,0.6624754667282104,0.7119482159614563,-0.15805132687091827,0.6522152423858643,0.6793493628501892,0.19145162403583527,0.6027675271034241,0.7444854974746704,-0.2121715247631073,0.5955207347869873,0.7140175700187683,0.17945854365825653
frame_00010.jpg,0.5389386415481567,0.29537978768348694,-0.3084062933921814,0.5445638298988342,0.27800729870796204,-0.33440184593200684,0.5462120771408081,0.27514445781707764,-0.33460313081741333,0.5517290830612183,0.2712421417236328,-0.33456212282180786,0.5430816411972046,0.27862364053726196,-0.30070823431015015,0.5439908504486084,0.27752578258514404,-0.3010094165802002,0.5447885394096375,0.27645206451416016,-0.3011634945869446,0.5827627778053284,0.2584177553653717,-0.3788522779941559,0.5768178701400757,0.26762521266937256,-0.22711774706840515,0.5476451516151428,0.29673922061920166,-0.3147287666797638,0.5448959469795227,0.30311843752861023,-0.2727491855621338,0.5863726735115051,0.33004429936408997,-0.4068956971168518,0.6132038831710815,0.29731929302215576,-0.05813731998205185,0.554641604423523,0.4317227303981781,-0.4636639952659607,0.6289530992507935,0.37399938702583313,0.12530218064785004,0.4644320011138916,0.4716775119304657,-0.4238210618495941,0.6082871556282043,0.42667099833488464,0.24960461258888245,0.44901227951049805,0.48560938239097595,-0.4524790644645691,0.6046362519264221,0.4394741654396057,0.27571436762809753,0.4451923370361328,0.47144830226898193,-0.4316597580909729,0.5983090996742249,0.4397237002849579,0.24921004474163055,0.45137348771095276,0.46766969561576843,-0.4117673337459564,0.6000176072120667,0.43550723791122437,0.2418612539768219,0.6729264259338379,0.4829888343811035,-0.10737625509500504,0.6884791851043701,0.45682474970817566,0.1071351021528244,0.5984335541725159,0.5635035634040833,-0.15874779224395752,0.5924240946769714,0.5559371709823608,0.14149527251720428,0.6196759939193726,0.715168297290802,-0.036891475319862366,0.6207751035690308,0.6847389340400696,0.3575703501701355,0.6367567777633667,0.7279574275016785,0.019323164597153664,0.6366038918495178,0.6975205540657043,0.38023555278778076,0.5877193212509155,0.7653413414955139,-0.0238350760191679,0.5917677283287048,0.7506809830665588,0.3629424273967743
frame_00011.jpg,0.0,0.0,0.0,0.0,0.0,0.0,0.0,0.0,0.0,0.0,0.0,0.0,0.0,0.0,0.0,0.0,0.0,0.0,0.0,0.0,0.0,0.0,0.0,0.0,0.0,0.0,0.0,0.0,0.0,0.0,0.0,0.0,0.0,0.0,0.0,0.0,0.0,0.0,0.0,0.0,0.0,0.0,0.0,0.0,0.0,0.0,0.0,0.0,0.0,0.0,0.0,0.0,0.0,0.0,0.0,0.0,0.0,0.0,0.0,0.0,0.0,0.0,0.0,0.0,0.0,0.0,0.0,0.0,0.0,0.0,0.0,0.0,0.0,0.0,0.0,0.0,0.0,0.0,0.0,0.0,0.0,0.0,0.0,0.0,0.0,0.0,0.0,0.0,0.0,0.0,0.0,0.0,0.0,0.0,0.0,0.0,0.0,0.0,0.0
frame_00012.jpg,0.0,0.0,0.0,0.0,0.0,0.0,0.0,0.0,0.0,0.0,0.0,0.0,0.0,0.0,0.0,0.0,0.0,0.0,0.0,0.0,0.0,0.0,0.0,0.0,0.0,0.0,0.0,0.0,0.0,0.0,0.0,0.0,0.0,0.0,0.0,0.0,0.0,0.0,0.0,0.0,0.0,0.0,0.0,0.0,0.0,0.0,0.0,0.0,0.0,0.0,0.0,0.0,0.0,0.0,0.0,0.0,0.0,0.0,0.0,0.0,0.0,0.0,0.0,0.0,0.0,0.0,0.0,0.0,0.0,0.0,0.0,0.0,0.0,0.0,0.0,0.0,0.0,0.0,0.0,0.0,0.0,0.0,0.0,0.0,0.0,0.0,0.0,0.0,0.0,0.0,0.0,0.0,0.0,0.0,0.0,0.0,0.0,0.0,0.0
frame_00013.jpg,0.5351114869117737,0.3310651481151581,-0.2986081540584564,0.5364787578582764,0.3127784729003906,-0.3153879642486572,0.5388203859329224,0.3094318211078644,-0.3155994117259979,0.5413697957992554,0.306404709815979,-0.3155454993247986,0.5315003395080566,0.3174592852592468,-0.2923302948474884,0.5306433439254761,0.3165256381034851,-0.29262152314186096,0.5298572182655334,0.315520316362381,-0.2928055226802826,0.5547701120376587,0.2887730002403259,-0.3189982771873474,0.5385147333145142,0.3033415377140045,-0.2153186798095703,0.5461962223052979,0.3324875831604004,-0.29087942838668823,0.5415318608283997,0.3352864980697632,-0.26245930790901184,0.6089220643043518,0.302438884973526,-0.29068174958229065,0.5568956136703491,0.3268502354621887,-0.09540162980556488,0.6683110594749451,0.3780640661716461,-0.31383711099624634,0.5568387508392334,0.40818896889686584,-0.06794367730617523,0.6295826435089111,0.42411747574806213,-0.3175264894962311,0.5553756356239319,0.4332360327243805,-0.15055961906909943,0.6183261871337891,0.4372589886188507,-0.33593419194221497,0.5546389818191528,0.4396337866783142,-0.1655048280954361,0.6090807914733887,0.42218583822250366,-0.332751989364624,0.5518659949302673,0.4306081533432007,-0.17579896748065948,0.6130129098892212,0.4177524447441101,-0.3131343722343445,0.5540384650230408,0.4275681674480438,-0.1577453464269638,0.6656540632247925,0.4289742708206177,-0.06001716107130051,0.6323422193527222,0.43093863129615784,0.059848785400390625,0.6607740521430969,0.5639891028404236,-0.04640795290470123,0.5933651328086853,0.5189098715782166,0.04073300212621689,0.6589566469192505,0.6468724012374878,0.13779795169830322,0.6259782910346985,0.5709173679351807,0.18174085021018982,0.6665163040161133,0.6516222357749939,0.15535439550876617,0.6389525532722473,0.5734781622886658,0.19693665206432343,0.6332557797431946,0.7021394968032837,0.1082984060049057,0.615881085395813,0.6128743290901184,0.1672605276107788
frame_00014.jpg,0.5187764763832092,0.33147257566452026,-0.3050963580608368,0.517776370048523,0.31326916813850403,-0.3316676914691925,0.5200827717781067,0.3101899027824402,-0.3319138288497925,0.5222705602645874,0.3075277507305145,-0.33191099762916565,0.5155483484268188,0.3169493079185486,-0.2972312271595001,0.5164324045181274,0.31523802876472473,-0.2975267469882965,0.5170916318893433,0.3134809732437134,-0.2976740896701813,0.536819338798523,0.29510483145713806,-0.38082724809646606,0.5303155183792114,0.30157727003097534,-0.22074274718761444,0.5290256142616272,0.3345091640949249,-0.31378427147865295,0.5274525880813599,0.336352676153183,-0.26935914158821106,0.5855774879455566,0.3276301920413971,-0.4057226777076721,0.5638430118560791,0.3287855088710785,-0.07529706507921219,0.5515463352203369,0.4338499903678894,-0.45201683044433594,0.558708667755127,0.42252442240715027,-0.04310835152864456,0.5208047032356262,0.47595077753067017,-0.42725133895874023,0.5339597463607788,0.4688379168510437,-0.1543612778186798,0.5093297362327576,0.4878477454185486,-0.4626859724521637,0.5263621211051941,0.4763146936893463,-0.16822414100170135,0.5051240921020508,0.47427013516426086,-0.4563938081264496,0.5216580033302307,0.4746864438056946,-0.19765111804008484,0.5109964609146118,0.4696064293384552,-0.42276009917259216,0.5256789326667786,0.4721120297908783,-0.17046575248241425,0.6666394472122192,0.44545847177505493,-0.09456972032785416,0.6303173899650574,0.4336865246295929,0.09434989839792252,0.6284285187721252,0.5740328431129456,-0.18839989602565765,0.568945050239563,0.47975921630859375,0.0681157037615776,0.6373344659805298,0.7032572031021118,-0.03071008250117302,0.5815457105636597,0.5999444127082825,0.21861135959625244,0.638606071472168,0.7190196514129639,-0.018160272389650345,0.5938872694969177,0.6190863251686096,0.2324807196855545,0.608172595500946,0.7541175484657288,-0.0902237668633461,0.5505237579345703,0.6426678895950317,0.19460035860538483
frame_00015.jpg,0.5180158019065857,0.3370360732078552,-0.3731977343559265,0.5167726278305054,0.32053643465042114,-0.40282192826271057,0.5184515118598938,0.31780022382736206,-0.40308862924575806,0.5201284885406494,0.31504008173942566,-0.40308594703674316,0.5150898694992065,0.32159358263015747,-0.3666069209575653,0.5157185196876526,0.3192194700241089,-0.3669123649597168,0.5162674784660339,0.3165716826915741,-0.3670612871646881,0.5339133143424988,0.3033744692802429,-0.4526123106479645,0.5280517339706421,0.3029756247997284,-0.28706589341163635,0.5269252061843872,0.34067779779434204,-0.38227546215057373,0.5258732438087463,0.3418463170528412,-0.3356389105319977,0.5826531052589417,0.3365687429904938,-0.4675080180168152,0.5601649880409241,0.3288534879684448,-0.12197432667016983,0.5466824769973755,0.4436606466770172,-0.52803635597229,0.555263102054596,0.43046385049819946,-0.09518422186374664,0.5069155693054199,0.4969612658023834,-0.5247253179550171,0.5139508247375488,0.48620668053627014,-0.22447893023490906,0.4929017424583435,0.5087757110595703,-0.5669410228729248,0.503135085105896,0.4937184154987335,-0.2401122748851776,0.48878973722457886,0.49349793791770935,-0.5603654384613037,0.4986584186553955,0.4942004084587097,-0.27500641345977783,0.4950856566429138,0.48889729380607605,-0.5210310816764832,0.5036481618881226,0.4918595254421234,-0.24326594173908234,0.6674013733863831,0.44977372884750366,-0.0995204821228981,0.6305729746818542,0.4364887773990631,0.09929649531841278,0.6259464025497437,0.5815848708152771,-0.20861992239952087,0.5621606111526489,0.46012088656425476,0.08752205222845078,0.6348990201950073,0.715766966342926,-0.06583567708730698,0.5563490986824036,0.5924107432365417,0.22117558121681213,0.6369308233261108,0.7325922846794128,-0.05547897145152092,0.5657186508178711,0.611571729183197,0.23264548182487488,0.6030095815658569,0.7684208154678345,-0.14505693316459656,0.5218926668167114,0.6390211582183838,0.1862020045518875
frame_00016.jpg,0.5205809473991394,0.3420758545398712,-0.3585260808467865,0.5195559859275818,0.328288733959198,-0.38752830028533936,0.5209454298019409,0.3258422017097473,-0.38778072595596313,0.52227783203125,0.3231121003627777,-0.38776034116744995,0.5177184343338013,0.32842734456062317,-0.3532102704048157,0.5180379152297974,0.3262355923652649,-0.3535199761390686,0.518295407295227,0.3237261474132538,-0.35367551445961,0.5346468687057495,0.30965656042099,-0.43515077233314514,0.5295732617378235,0.309314101934433,-0.2774897515773773,0.5296385288238525,0.34470686316490173,-0.3662955164909363,0.5282320976257324,0.34556758403778076,-0.3221239447593689,0.583262026309967,0.33672502636909485,-0.4445134997367859,0.5631841421127319,0.3300647437572479,-0.12345043569803238,0.5476375818252563,0.4414515793323517,-0.5025092363357544,0.548982560634613,0.42714861035346985,-0.09754545241594315,0.5039147734642029,0.5028558969497681,-0.49850454926490784,0.4968116283416748,0.4807209074497223,-0.21819405257701874,0.4897666871547699,0.5145158767700195,-0.5393750071525574,0.4830932021141052,0.48632699251174927,-0.23286981880664825,0.4858938157558441,0.49935710430145264,-0.532783031463623,0.47859254479408264,0.48787978291511536,-0.26673266291618347,0.492003858089447,0.4949776828289032,-0.49520331621170044,0.4847065806388855,0.48665186762809753,-0.23634585738182068,0.6681355237960815,0.45160314440727234,-0.09331361204385757,0.6306890249252319,0.436345636844635,0.09309914708137512,0.6264488697052002,0.5872390270233154,-0.17920047044754028,0.549101710319519,0.437508225440979,0.08150122314691544,0.623345673084259,0.7262669801712036,-0.0362439788877964,0.5226245522499084,0.570178210735321,0.2175876796245575,0.6348472833633423,0.7404346466064453,-0.02523072063922882,0.527634859085083,0.6076791286468506,0.21814921498298645,0.6002604961395264,0.7862884998321533,-0.11052814871072769,0.48885732889175415,0.5866815447807312,0.1588938981294632
frame_00017.jpg,0.5220732688903809,0.3459874391555786,-0.38334113359451294,0.5213030576705933,0.3319454491138458,-0.41127198934555054,0.5227469205856323,0.329328328371048,-0.4115273952484131,0.5239538550376892,0.3303832709789276,-0.4115113615989685,0.5191473364830017,0.33262524008750916,-0.37829697132110596,0.5192892551422119,0.3307858407497406,-0.37861114740371704,0.5193924903869629,0.3287399709224701,-0.37877440452575684,0.5368959903717041,0.3107820451259613,-0.45125070214271545,0.5297173261642456,0.3130001723766327,-0.30049556493759155,0.5313017964363098,0.3481637239456177,-0.3882982134819031,0.5294755697250366,0.34909212589263916,-0.34599944949150085,0.583270788192749,0.3375224471092224,-0.4556240439414978,0.5634130239486694,0.3307744562625885,-0.14115050435066223,0.5480579137802124,0.4452056586742401,-0.5156873464584351,0.5466779470443726,0.42561542987823486,-0.11339209973812103,0.49961861968040466,0.5107876062393188,-0.5200043320655823,0.4946359097957611,0.4806364178657532,-0.22829458117485046,0.48488765954971313,0.5231038928031921,-0.5636594295501709,0.4805127680301666,0.4858416020870209,-0.24319908022880554,0.48006734251976013,0.5085398554801941,-0.556623637676239,0.47600239515304565,0.48860734701156616,-0.27750346064567566,0.4862387776374817,0.5038632154464722,-0.5169437527656555,0.4824509024620056,0.4877074062824249,-0.24643421173095703,0.6684813499450684,0.4522615671157837,-0.09105607122182846,0.6312440633773804,0.4360561966896057,0.09082414954900742,0.619641125202179,0.585521936416626,-0.1790013164281845,0.5526906251907349,0.4442236125469208,0.08587484806776047,0.6305018663406372,0.7212963104248047,-0.011231974698603153,0.5354331731796265,0.5698844790458679,0.20972955226898193,0.6396551728248596,0.7315561175346375,0.00261723343282938,0.5419690608978271,0.6009556651115417,0.21721753478050232,0.6056878566741943,0.7813385128974915,-0.07346334308385849,0.5044131875038147,0.5913248658180237,0.16195037961006165
frame_00018.jpg,0.4966561198234558,0.37847205996513367,-0.554443895816803,0.49877458810806274,0.3624802231788635,-0.5764011144638062,0.501709520816803,0.3590244948863983,-0.5767098665237427,0.5045671463012695,0.3560353219509125,-0.5767079591751099,0.49257850646972656,0.3634472191333771,-0.5440582633018494,0.49112123250961304,0.36141884326934814,-0.5444055795669556,0.4894948899745941,0.35889312624931335,-0.5446082949638367,0.5176353454589844,0.3410438001155853,-0.5758163928985596,0.4972057342529297,0.34203776717185974,-0.43041419982910156,0.5069385766983032,0.3805989623069763,-0.5438650250434875,0.5017732977867126,0.3843328356742859,-0.5032869577407837,0.5750759840011597,0.3616942763328552,-0.53892582654953,0.5175579786300659,0.3590618968009949,-0.26018762588500977,0.5268056988716125,0.46841850876808167,-0.6190263628959656,0.4973669946193695,0.4587497115135193,-0.25900179147720337,0.46773242950439453,0.5132302641868591,-0.6659106612205505,0.4477851986885071,0.5073385834693909,-0.41796502470970154,0.44770321249961853,0.5267977118492126,-0.7157788276672363,0.4345262944698334,0.5136783123016357,-0.4493408799171448,0.4403992295265198,0.5062291026115417,-0.7107073068618774,0.4310277998447418,0.5146026611328125,-0.4794449806213379,0.4481119215488434,0.501309871673584,-0.6638475656509399,0.43800005316734314,0.5129584074020386,-0.4358673095703125,0.6449881792068481,0.46544545888900757,-0.07776080816984177,0.5935242176055908,0.451357901096344,0.07754699140787125,0.6190627217292786,0.6128637194633484,-0.10039383172988892,0.5282607078552246,0.45848527550697327,-0.015602280385792255,0.6184574961662292,0.7161162495613098,0.19598278403282166,0.50511634349823,0.580888569355011,0.18143773078918457,0.6244080662727356,0.7236902117729187,0.2213350236415863,0.5118638277053833,0.6048118472099304,0.199370875954628,0.5975505113601685,0.7705259323120117,0.14192607998847961,0.4743801951408386,0.5995117425918579,0.13694579899311066
frame_00019.jpg,0.4922822117805481,0.40463459491729736,-0.6169135570526123,0.4965601861476898,0.3841717839241028,-0.6324743032455444,0.49969640374183655,0.3813823163509369,-0.6327899694442749,0.5037108659744263,0.3767886757850647,-0.6327702403068542,0.488440603017807,0.3884309232234955,-0.609279990196228,0.4866795539855957,0.3876233696937561,-0.609627366065979,0.4850400984287262,0.3868759572505951,-0.6098083257675171,0.5165592432022095,0.36564308404922485,-0.5998700261116028,0.49213534593582153,0.3766736388206482,-0.4952329993247986,0.5035468339920044,0.4093253016471863,-0.5935934782028198,0.49692392349243164,0.4132016897201538,-0.5648330450057983,0.5706335306167603,0.3857618272304535,-0.5105801820755005,0.5088876485824585,0.4042850732803345,-0.30221816897392273,0.6158531904220581,0.4472164809703827,-0.5790561437606812,0.5174064040184021,0.4543974995613098,-0.2308732569217682,0.62042236328125,0.4954907298088074,-0.42191606760025024,0.4740990698337555,0.49564677476882935,-0.3039644956588745,0.6224351525306702,0.5087466239929199,-0.4394480586051941,0.4508284032344818,0.5046339631080627,-0.32237371802330017,0.6111400723457336,0.4958444833755493,-0.4583521783351898,0.4417025148868561,0.5059720873832703,-0.35069772601127625,0.6104649901390076,0.49043047428131104,-0.4259248375892639,0.44878333806991577,0.5018453001976013,-0.31874123215675354,0.6260367631912231,0.4821142852306366,-0.07579733431339264,0.5836849808692932,0.4873887896537781,0.07561464607715607,0.61216139793396,0.6422058343887329,-0.10091773420572281,0.5456806421279907,0.5945204496383667,0.07629389315843582,0.6305018663406372,0.7781866192817688,0.07862178981304169,0.5112112164497375,0.6815927028656006,0.2904297113418579,0.6425567865371704,0.7908464670181274,0.08614741265773773,0.517060399055481,0.6904630661010742,0.30948954820632935,0.6225063800811768,0.8476600646972656,-0.03543217480182648,0.5326799154281616,0.726571261882782,0.2415589541196823
frame_00020.jpg,0.0,0.0,0.0,0.0,0.0,0.0,0.0,0.0,0.0,0.0,0.0,0.0,0.0,0.0,0.0,0.0,0.0,0.0,0.0,0.0,0.0,0.0,0.0,0.0,0.0,0.0,0.0,0.0,0.0,0.0,0.0,0.0,0.0,0.0,0.0,0.0,0.0,0.0,0.0,0.0,0.0,0.0,0.0,0.0,0.0,0.0,0.0,0.0,0.0,0.0,0.0,0.0,0.0,0.0,0.0,0.0,0.0,0.0,0.0,0.0,0.0,0.0,0.0,0.0,0.0,0.0,0.0,0.0,0.0,0.0,0.0,0.0,0.0,0.0,0.0,0.0,0.0,0.0,0.0,0.0,0.0,0.0,0.0,0.0,0.0,0.0,0.0,0.0,0.0,0.0,0.0,0.0,0.0,0.0,0.0,0.0,0.0,0.0,0.0
frame_00021.jpg,0.0,0.0,0.0,0.0,0.0,0.0,0.0,0.0,0.0,0.0,0.0,0.0,0.0,0.0,0.0,0.0,0.0,0.0,0.0,0.0,0.0,0.0,0.0,0.0,0.0,0.0,0.0,0.0,0.0,0.0,0.0,0.0,0.0,0.0,0.0,0.0,0.0,0.0,0.0,0.0,0.0,0.0,0.0,0.0,0.0,0.0,0.0,0.0,0.0,0.0,0.0,0.0,0.0,0.0,0.0,0.0,0.0,0.0,0.0,0.0,0.0,0.0,0.0,0.0,0.0,0.0,0.0,0.0,0.0,0.0,0.0,0.0,0.0,0.0,0.0,0.0,0.0,0.0,0.0,0.0,0.0,0.0,0.0,0.0,0.0,0.0,0.0,0.0,0.0,0.0,0.0,0.0,0.0,0.0,0.0,0.0,0.0,0.0,0.0
frame_00022.jpg,0.4885936677455902,0.44984501600265503,-0.28166213631629944,0.48761940002441406,0.43817564845085144,-0.30538201332092285,0.4892626404762268,0.43608468770980835,-0.30560362339019775,0.4909780025482178,0.4339374005794525,-0.30558377504348755,0.48602619767189026,0.4394185245037079,-0.27190402150154114,0.4866308569908142,0.4382344186306,-0.27217692136764526,0.4874681532382965,0.4363887906074524,-0.2723481357097626,0.5016481280326843,0.4222314953804016,-0.3450547456741333,0.49743518233299255,0.4257698655128479,-0.19238786399364471,0.4983125329017639,0.45150893926620483,-0.28855398297309875,0.4966016709804535,0.4529408812522888,-0.24602380394935608,0.5452610850334167,0.4273553788661957,-0.3850041627883911,0.5360820293426514,0.4424474835395813,-0.040139298886060715,0.519637405872345,0.5349960923194885,-0.46663421392440796,0.5154876708984375,0.5403584837913513,-0.02209983579814434,0.4716036319732666,0.5913988351821899,-0.46409446001052856,0.4821593761444092,0.5754218697547913,-0.14573004841804504,0.45555248856544495,0.6081260442733765,-0.5008605718612671,0.47080525755882263,0.5803929567337036,-0.1606076955795288,0.4378482699394226,0.6028804779052734,-0.48707953095436096,0.4659833014011383,0.5767949223518372,-0.18486091494560242,0.4576663374900818,0.587815523147583,-0.45668190717697144,0.4713696837425232,0.5747648477554321,-0.16083496809005737,0.6438664197921753,0.5406067967414856,-0.10529933124780655,0.6252642869949341,0.5406326651573181,0.1050979346036911,0.5994252562522888,0.6728343367576599,-0.17624273896217346,0.575204610824585,0.6521393060684204,0.07318984717130661,0.6741458177566528,0.7559269666671753,0.008972843177616596,0.6557067036628723,0.7462441921234131,0.23072893917560577,0.6871378421783447,0.7629849314689636,0.025525864213705063,0.6740372180938721,0.7475364804267883,0.24559946358203888,0.6715138554573059,0.8266173601150513,-0.023906495422124863,0.6569974422454834,0.8154435753822327,0.20726385712623596
frame_00023.jpg,0.4874587059020996,0.44992175698280334,-0.3265437185764313,0.4865033030509949,0.4381445348262787,-0.34871751070022583,0.4882177710533142,0.436017781496048,-0.3489367365837097,0.4903048872947693,0.4335145354270935,-0.34891682863235474,0.48427700996398926,0.43941977620124817,-0.3159278929233551,0.48444756865501404,0.4382598102092743,-0.3162311613559723,0.4845430254936218,0.43662604689598083,-0.31644243001937866,0.5006391406059265,0.42164891958236694,-0.373742938041687,0.49356183409690857,0.42596086859703064,-0.22471335530281067,0.4978964328765869,0.4515891671180725,-0.3273690342903137,0.49586647748947144,0.4531248211860657,-0.285926878452301,0.5516119003295898,0.4270302355289459,-0.38470953702926636,0.5315424799919128,0.44245168566703796,-0.07503266632556915,0.5659772157669067,0.5159175992012024,-0.45678505301475525,0.516770601272583,0.5306704640388489,-0.04148774594068527,0.5176530480384827,0.547870934009552,-0.4651118814945221,0.47556930780410767,0.572924792766571,-0.15257219970226288,0.5037444233894348,0.5583210587501526,-0.49972185492515564,0.44732537865638733,0.5876649022102356,-0.1685434877872467,0.4987162947654724,0.5410510301589966,-0.49170079827308655,0.4568271040916443,0.576798141002655,-0.19246767461299896,0.5048788785934448,0.5370795726776123,-0.4611334800720215,0.4637247920036316,0.574621319770813,-0.1675858199596405,0.6456831693649292,0.5352849960327148,-0.09916109591722488,0.6248822808265686,0.5372267365455627,0.09898613393306732,0.5993557572364807,0.6598688960075378,-0.15811970829963684,0.5745605826377869,0.63802570104599,0.0572587326169014,0.67636638879776,0.712874174118042,0.03455740958452225,0.6518261432647705,0.7139597535133362,0.21641485393047333,0.6956395506858826,0.7088529467582703,0.05124965310096741,0.6702812910079956,0.7145492434501648,0.2316291779279709,0.6694764494895935,0.7692387104034424,-0.00031277016387321055,0.6468291878700256,0.7709307074546814,0.19599272310733795
frame_00024.jpg,0.48119455575942993,0.4472295641899109,-0.28683826327323914,0.4808184504508972,0.43402382731437683,-0.3121109902858734,0.4827910363674164,0.4319086968898773,-0.3123115003108978,0.4850841462612152,0.429278165102005,-0.3123076558113098,0.4790683388710022,0.4349072277545929,-0.2733422815799713,0.47970715165138245,0.43365660309791565,-0.2736389935016632,0.4802014231681824,0.43226730823516846,-0.27379509806632996,0.4985349774360657,0.41899463534355164,-0.3565903306007385,0.4926169812679291,0.42211776971817017,-0.18193186819553375,0.4921191334724426,0.45021775364875793,-0.29606205224990845,0.490698903799057,0.451631635427475,-0.24674102663993835,0.5508758425712585,0.42841923236846924,-0.38492804765701294,0.5315931439399719,0.4414537250995636,-0.025657689198851585,0.5508012175559998,0.517071008682251,-0.4698217511177063,0.5127791166305542,0.5311147570610046,0.008805367164313793,0.49980729818344116,0.5615307092666626,-0.48117703199386597,0.45206552743911743,0.5910543203353882,-0.1189149022102356,0.4848715364933014,0.5760584473609924,-0.5194872617721558,0.43678873777389526,0.6008316874504089,-0.13287803530693054,0.4754679203033447,0.5628585815429688,-0.5086057186126709,0.43335041403770447,0.5975999236106873,-0.16317009925842285,0.4864201545715332,0.5552932024002075,-0.4759269654750824,0.44182053208351135,0.5959858298301697,-0.13713271915912628,0.6497198343276978,0.5354335904121399,-0.10841608047485352,0.6257873177528381,0.5354025363922119,0.10820319503545761,0.5948585867881775,0.6605691313743591,-0.18241390585899353,0.5684731006622314,0.6350983381271362,0.05901668593287468,0.672214686870575,0.7402505874633789,0.0032556350342929363,0.6486822366714478,0.7217543125152588,0.21745017170906067,0.6936616897583008,0.7332083582878113,0.01988871581852436,0.6658058166503906,0.7190698981285095,0.23192079365253448,0.6622099280357361,0.8037418723106384,-0.02976510487496853,0.6457895040512085,0.7856946587562561,0.20182602107524872
frame_00025.jpg,0.49051421880722046,0.5064997673034668,-0.19607827067375183,0.4890483021736145,0.49753114581108093,-0.22275181114673615,0.4899503290653229,0.49665406346321106,-0.2229493111371994,0.4885195195674896,0.49140867590904236,-0.22292587161064148,0.48817354440689087,0.49412915110588074,-0.1893579661846161,0.4896603524684906,0.4929928481578827,-0.18960367143154144,0.49090537428855896,0.49180474877357483,-0.18968656659126282,0.5009304881095886,0.47941461205482483,-0.28218209743499756,0.5030046105384827,0.4795595109462738,-0.12858042120933533,0.4985259473323822,0.5061196088790894,-0.20982763171195984,0.5024768114089966,0.5076963305473328,-0.1668669730424881,0.5493746399879456,0.5086895823478699,-0.3403474688529968,0.5438917875289917,0.48238855600357056,0.018007248640060425,0.5133686661720276,0.5990046262741089,-0.3946043848991394,0.5092490911483765,0.5696170330047607,0.03943885490298271,0.45935115218162537,0.6538718938827515,-0.35408884286880493,0.4602433145046234,0.62715083360672,-0.0763993039727211,0.4572833180427551,0.6659074425697327,-0.3867519497871399,0.44540873169898987,0.6337358355522156,-0.08359482139348984,0.44586023688316345,0.6563584208488464,-0.374130517244339,0.44262632727622986,0.6356260180473328,-0.11395561695098877,0.4466976225376129,0.65034419298172,-0.3472282588481903,0.4498375952243805,0.6351419687271118,-0.09362581372261047,0.6476632952690125,0.5977734923362732,-0.1161903589963913,0.6366413831710815,0.5827547907829285,0.11588086187839508,0.5836611986160278,0.6774649024009705,-0.2220693826675415,0.5672091245651245,0.6361028552055359,0.1653999388217926,0.6209595799446106,0.8104228377342224,-0.18324033915996552,0.6081538200378418,0.7462608814239502,0.3062317669391632,0.6399180293083191,0.820201575756073,-0.18201322853565216,0.6250734925270081,0.759905993938446,0.3200185298919678,0.5671292543411255,0.8596465587615967,-0.24625305831432343,0.5758029222488403,0.7893428802490234,0.3048839271068573
frame_00026.jpg,0.49977102875709534,0.5088977217674255,-0.19039450585842133,0.49633151292800903,0.4962283670902252,-0.21346256136894226,0.4965900480747223,0.49481555819511414,-0.21366505324840546,0.4964161515235901,0.49302685260772705,-0.21363112330436707,0.49710312485694885,0.49611952900886536,-0.18291454017162323,0.4985714852809906,0.4950321614742279,-0.18317005038261414,0.4998149275779724,0.4938684105873108,-0.18327108025550842,0.5071787238121033,0.4809260964393616,-0.2601381242275238,0.5104246139526367,0.48192358016967773,-0.11971090734004974,0.5082696080207825,0.5100581049919128,-0.1999286711215973,0.5109434723854065,0.510409951210022,-0.16078153252601624,0.5491164922714233,0.5071520209312439,-0.3154282867908478,0.5492521524429321,0.4916421175003052,0.020855586975812912,0.5057650208473206,0.5976396799087524,-0.38207846879959106,0.5091332197189331,0.5842872262001038,0.042643483728170395,0.4648115038871765,0.6602115035057068,-0.3678175210952759,0.46365371346473694,0.6393201947212219,-0.05639982223510742,0.455744206905365,0.6716659665107727,-0.40322524309158325,0.46355611085891724,0.6432114243507385,-0.06250067055225372,0.44107669591903687,0.667376697063446,-0.3898097276687622,0.44540414214134216,0.6541356444358826,-0.09383787959814072,0.4460495114326477,0.6635720729827881,-0.3611639738082886,0.4514560103416443,0.64803147315979,-0.07332544773817062,0.6471692323684692,0.6034258008003235,-0.11605991423130035,0.6374041438102722,0.5896625518798828,0.11564256995916367,0.5864183902740479,0.6793259382247925,-0.21297457814216614,0.5672799944877625,0.6694630980491638,0.10335038602352142,0.6058858036994934,0.8157304525375366,-0.1706363558769226,0.6059024333953857,0.7863904237747192,0.16367939114570618,0.6188844442367554,0.8316667675971985,-0.16987769305706024,0.6233819127082825,0.799340009689331,0.17045104503631592,0.563836932182312,0.8647233843803406,-0.24128632247447968,0.5725077986717224,0.8387116193771362,0.13190831243991852
frame_00027.jpg,0.4995547831058502,0.5138066411018372,-0.2251041829586029,0.49625706672668457,0.5006172060966492,-0.24892890453338623,0.4966648519039154,0.49919286370277405,-0.24913308024406433,0.49702709913253784,0.4979289174079895,-0.24909627437591553,0.4966368079185486,0.5004317760467529,-0.21741223335266113,0.4978507161140442,0.49908673763275146,-0.21767845749855042,0.498887836933136,0.49766963720321655,-0.21780578792095184,0.507320761680603,0.48467811942100525,-0.2935701310634613,0.5088187456130981,0.48428115248680115,-0.14064180850982666,0.5082877278327942,0.5146121978759766,-0.2336154729127884,0.5099090337753296,0.5142658352851868,-0.19333693385124207,0.547450840473175,0.5117809772491455,-0.3396798372268677,0.5472691655158997,0.48795875906944275,0.0144223403185606,0.5063028931617737,0.6027840971946716,-0.3995569944381714,0.5054090023040771,0.5810732245445251,0.02376595512032509,0.4653875231742859,0.6828489899635315,-0.37932416796684265,0.4628522992134094,0.6395722031593323,-0.06491819024085999,0.4569234251976013,0.6964657306671143,-0.4145527780056,0.4500035345554352,0.6532921195030212,-0.07010437548160553,0.45102745294570923,0.6881265640258789,-0.4025746285915375,0.4448665976524353,0.6565589308738708,-0.10255320370197296,0.4525483548641205,0.6827072501182556,-0.37323853373527527,0.4511430263519287,0.649485170841217,-0.08178161829710007,0.639041543006897,0.6032702326774597,-0.11418619006872177,0.6359511613845825,0.5893632173538208,0.11376003921031952,0.5758142471313477,0.6795091032981873,-0.2023109495639801,0.5675374269485474,0.6751358509063721,0.10640962421894073,0.6009044647216797,0.8222016096115112,-0.1438174545764923,0.5996938347816467,0.7881234884262085,0.20015087723731995,0.6239675879478455,0.8353399038314819,-0.14247271418571472,0.615968644618988,0.8006990551948547,0.21090590953826904,0.5642126798629761,0.8734195828437805,-0.21074780821800232,0.5670409798622131,0.8405659794807434,0.17686186730861664
frame_00028.jpg,0.47499698400497437,0.5017939805984497,-0.18335078656673431,0.47369107604026794,0.48841413855552673,-0.20739789307117462,0.47460585832595825,0.4871550500392914,-0.20759359002113342,0.47583913803100586,0.48597973585128784,-0.20758774876594543,0.4742754399776459,0.487892210483551,-0.1750255525112152,0.4759271740913391,0.4865265190601349,-0.17531052231788635,0.47695857286453247,0.48515811562538147,-0.17542994022369385,0.4897301197052002,0.4761526882648468,-0.2582513391971588,0.49064627289772034,0.4746141731739044,-0.11008933931589127,0.484792560338974,0.506992757320404,-0.19524528086185455,0.4850042462348938,0.5055922269821167,-0.15396153926849365,0.5308927297592163,0.5154898762702942,-0.31098583340644836,0.5363854765892029,0.4916026294231415,0.026060421019792557,0.4868883192539215,0.6124595999717712,-0.35748594999313354,0.49634256958961487,0.5808087587356567,0.0415973961353302,0.4263957440853119,0.6561521887779236,-0.3178957402706146,0.4391162395477295,0.6463955640792847,-0.07210089266300201,0.4023199677467346,0.6651080250740051,-0.34861382842063904,0.4309696555137634,0.6420902609825134,-0.07899805158376694,0.40102750062942505,0.6565389633178711,-0.33575189113616943,0.4271918833255768,0.6442835330963135,-0.10903167724609375,0.40781936049461365,0.6517454981803894,-0.31122663617134094,0.43351468443870544,0.6437245607376099,-0.08882538229227066,0.6323187351226807,0.6087079644203186,-0.11285825073719025,0.6292900443077087,0.5924259424209595,0.11237233877182007,0.5495602488517761,0.6750014424324036,-0.22440366446971893,0.5420058369636536,0.6687333583831787,0.1266832947731018,0.5757209062576294,0.8180859684944153,-0.1688520312309265,0.5498921871185303,0.7759683728218079,0.21993041038513184,0.6087557673454285,0.8403570652008057,-0.16481764614582062,0.5630268454551697,0.7852344512939453,0.22859564423561096,0.5512617230415344,0.8896875977516174,-0.22831423580646515,0.5183373689651489,0.8174804449081421,0.2111356556415558
frame_00029.jpg,0.4696567952632904,0.5077073574066162,-0.2075892984867096,0.4697338938713074,0.4940544366836548,-0.23195309937000275,0.4711194932460785,0.4924941062927246,-0.23215587437152863,0.47246676683425903,0.4908757507801056,-0.23214268684387207,0.4695352613925934,0.49335160851478577,-0.19858503341674805,0.4709121286869049,0.49151718616485596,-0.19887442886829376,0.47319889068603516,0.4912848472595215,-0.19899338483810425,0.4869547486305237,0.4835714101791382,-0.28058958053588867,0.4869151711463928,0.4806210696697235,-0.128668874502182,0.4800601899623871,0.5119563341140747,-0.21851477026939392,0.48003777861595154,0.5120269060134888,-0.1759839951992035,0.5308167934417725,0.517072319984436,-0.32912248373031616,0.5346678495407104,0.4951131045818329,0.011523948982357979,0.4848722815513611,0.6134192943572998,-0.3884643018245697,0.49432697892189026,0.5794798731803894,0.030049797147512436,0.4162443280220032,0.6484615802764893,-0.364490807056427,0.4389107823371887,0.6412360668182373,-0.08505542576313019,0.3922549784183502,0.6565130352973938,-0.39847975969314575,0.42401260137557983,0.6421995162963867,-0.09424019604921341,0.3910478949546814,0.6465504765510559,-0.3849310576915741,0.4204288423061371,0.6459537148475647,-0.12189026921987534,0.40068715810775757,0.64389967918396,-0.35786280035972595,0.42131367325782776,0.6533146500587463,-0.10075648874044418,0.6323658227920532,0.6074175238609314,-0.11156211793422699,0.6256459951400757,0.5939970016479492,0.11108765751123428,0.5472669005393982,0.6706334352493286,-0.22800984978675842,0.5373871922492981,0.6684299111366272,0.08487345278263092,0.5749373435974121,0.8127516508102417,-0.15982452034950256,0.5516836643218994,0.7740748524665833,0.16969235241413116,0.6061112284660339,0.8350687623023987,-0.1546662449836731,0.5641956925392151,0.7866243124008179,0.1791415512561798,0.5541884303092957,0.8853763937950134,-0.21773318946361542,0.5248702168464661,0.8174935579299927,0.14842836558818817
frame_00030.jpg,0.46041616797447205,0.513111412525177,-0.21796944737434387,0.4623956084251404,0.5012258887290955,-0.2419569194316864,0.46409282088279724,0.4999508857727051,-0.2421564757823944,0.4657312333583832,0.4986143410205841,-0.24214093387126923,0.4613095819950104,0.4999809265136719,-0.2089780569076538,0.46228542923927307,0.49803125858306885,-0.2092665731906891,0.4635125696659088,0.49572882056236267,-0.20939239859580994,0.47914332151412964,0.49066224694252014,-0.2864244282245636,0.47485852241516113,0.4851103127002716,-0.13638845086097717,0.4704461097717285,0.5162123441696167,-0.22718755900859833,0.4696604311466217,0.5162118077278137,-0.1851327270269394,0.5173519253730774,0.5238097310066223,-0.32459181547164917,0.5040493011474609,0.4909096658229828,0.006567841861397028,0.47183758020401,0.618584394454956,-0.3772398829460144,0.487358421087265,0.5765222311019897,0.02490920200943947,0.401128351688385,0.6432901620864868,-0.3535692095756531,0.4364166259765625,0.6367835402488708,-0.09032367169857025,0.3800894618034363,0.6522624492645264,-0.3870681822299957,0.4205140173435211,0.6387970447540283,-0.09470386058092117,0.3791428208351135,0.6420983672142029,-0.37409135699272156,0.4166741967201233,0.6429607272148132,-0.13217051327228546,0.3879956305027008,0.6398683190345764,-0.3472241759300232,0.4224611818790436,0.6458466053009033,-0.10874912887811661,0.614080011844635,0.6076695919036865,-0.11064503341913223,0.6011978983879089,0.5883775949478149,0.11013402044773102,0.5496698617935181,0.6882399916648865,-0.2581663727760315,0.5233991742134094,0.6687691807746887,0.07355992496013641,0.5721235275268555,0.8487680554389954,-0.24334406852722168,0.5581855773925781,0.7865769267082214,0.1810634732246399,0.5887891054153442,0.8668952584266663,-0.24506112933158875,0.5744044780731201,0.8002632260322571,0.19211459159851074,0.5126304030418396,0.8989136219024658,-0.32791388034820557,0.5280672311782837,0.8375622630119324,0.15818817913532257
frame_00031.jpg,0.4307401180267334,0.44058865308761597,-0.2585003972053528,0.42789798974990845,0.4320791959762573,-0.2849636375904083,0.427924782037735,0.4328860938549042,-0.2851150631904602,0.42819300293922424,0.43401381373405457,-0.28505656123161316,0.4294644892215729,0.42691677808761597,-0.2604478597640991,0.4310116767883301,0.4239688515663147,-0.2607114911079407,0.4324680268764496,0.4209030866622925,-0.2608148455619812,0.4393397271633148,0.4305947721004486,-0.33771055936813354,0.44537776708602905,0.4096532166004181,-0.22565527260303497,0.43942636251449585,0.4459478259086609,-0.26872116327285767,0.44158855080604553,0.4403381049633026,-0.23792889714241028,0.4747375547885895,0.4929684102535248,-0.34661126136779785,0.49361562728881836,0.3982234597206116,-0.08701948821544647,0.4524306654930115,0.605522096157074,-0.37055256962776184,0.4822615087032318,0.47297966480255127,0.01802496425807476,0.3855386972427368,0.62758469581604,-0.3300129771232605,0.43212562799453735,0.5594503283500671,-0.016790218651294708,0.3631685674190521,0.6430090069770813,-0.36257651448249817,0.4206044673919678,0.5734255313873291,-0.022359758615493774,0.35878971219062805,0.6271538138389587,-0.35636523365974426,0.41763219237327576,0.5885948538780212,-0.05873337388038635,0.3679755628108978,0.6256275177001953,-0.3259011507034302,0.4221988618373871,0.5862367153167725,-0.03390232101082802,0.5732621550559998,0.5677301287651062,-0.08519283682107925,0.5759852528572083,0.5188882350921631,0.0848768800497055,0.4694507122039795,0.5739153027534485,-0.05761727690696716,0.47025710344314575,0.5460618138313293,0.11497249454259872,0.4592636227607727,0.6210566759109497,0.2145511358976364,0.44641417264938354,0.6300020217895508,0.351124107837677,0.4682360291481018,0.6253134608268738,0.24100187420845032,0.4535082280635834,0.6460599303245544,0.37629324197769165,0.4208659529685974,0.6458527445793152,0.21133795380592346,0.41319942474365234,0.647205650806427,0.35799795389175415
frame_00032.jpg,0.45016422867774963,0.4859241247177124,-0.4966343939304352,0.4479890465736389,0.4747251272201538,-0.5158673524856567,0.44611048698425293,0.4734267592430115,-0.5161285996437073,0.44133129715919495,0.4722919166088104,-0.5161222219467163,0.44925054907798767,0.4709145724773407,-0.4863455295562744,0.45009249448776245,0.4680013060569763,-0.4867200255393982,0.45025521516799927,0.4625057876110077,-0.4869055151939392,0.4425066113471985,0.4693136513233185,-0.5084403157234192,0.46080082654953003,0.4482894837856293,-0.37676990032196045,0.458804190158844,0.4923774302005768,-0.48378926515579224,0.45690470933914185,0.48970067501068115,-0.4472477436065674,0.501467227935791,0.5264189839363098,-0.4680544435977936,0.48971009254455566,0.4404766857624054,-0.17081502079963684,0.46485966444015503,0.6093737483024597,-0.5075734257698059,0.4874434471130371,0.5147374868392944,-0.04056693986058235,0.3937607407569885,0.6315179467201233,-0.5185126066207886,0.4564090371131897,0.5807361602783203,-0.0573783814907074,0.3763127326965332,0.647322416305542,-0.5599560737609863,0.446657657623291,0.5884547829627991,-0.06480270624160767,0.37203744053840637,0.6291744709014893,-0.5556284785270691,0.4430166184902191,0.5988621115684509,-0.09744919091463089,0.3780200779438019,0.6271358132362366,-0.5158555507659912,0.44827598333358765,0.5977398753166199,-0.07436574995517731,0.5951980352401733,0.6026407480239868,-0.09038923680782318,0.5822108387947083,0.5572700500488281,0.09006060659885406,0.5051546692848206,0.7128166556358337,-0.06081691384315491,0.5091997385025024,0.6388129591941833,0.04338955506682396,0.536497950553894,0.8513489961624146,0.029787588864564896,0.5290882587432861,0.7954151034355164,0.20995011925697327,0.5595113039016724,0.8589489459991455,0.05228041484951973,0.5423252582550049,0.8159443140029907,0.22430768609046936,0.512008786201477,0.8935052156448364,-0.10430960357189178,0.5022066831588745,0.8483870029449463,0.14448392391204834
frame_00033.jpg,0.4550844728946686,0.49854812026023865,-0.4297730326652527,0.45620065927505493,0.48832759261131287,-0.4511537551879883,0.4561172425746918,0.4869195222854614,-0.4513983130455017,0.4536857008934021,0.4855237603187561,-0.4513816237449646,0.4545878767967224,0.48407137393951416,-0.42038431763648987,0.4548281133174896,0.4811287522315979,-0.42074188590049744,0.454708993434906,0.4774158298969269,-0.4209233224391937,0.45406585931777954,0.4805648922920227,-0.46031588315963745,0.46551042795181274,0.46364906430244446,-0.3220256567001343,0.46342143416404724,0.5047256946563721,-0.4235355257987976,0.46064749360084534,0.5036138892173767,-0.3850783407688141,0.5080134868621826,0.5275856256484985,-0.4396896958351135,0.49028247594833374,0.4518301784992218,-0.135718435049057,0.4662932753562927,0.611167848110199,-0.4777427315711975,0.500908613204956,0.525020956993103,-0.025288034230470657,0.3957502245903015,0.6354780793190002,-0.4726387858390808,0.47140973806381226,0.5859084725379944,-0.0570676326751709,0.3807637095451355,0.6471912860870361,-0.510647714138031,0.46194854378700256,0.5928105115890503,-0.05912354588508606,0.3760610520839691,0.6317417621612549,-0.5053584575653076,0.4577771723270416,0.6029717326164246,-0.09667311608791351,0.38243088126182556,0.6307780742645264,-0.469398558139801,0.46292558312416077,0.6021318435668945,-0.07386007905006409,0.6003037691116333,0.6113967895507812,-0.09328480809926987,0.5857309103012085,0.5709590315818787,0.09296657145023346,0.5311568379402161,0.7085227966308594,-0.07440810650587082,0.5151041746139526,0.6471523642539978,0.06289596855640411,0.5596957206726074,0.8451926112174988,-0.014784115366637707,0.5442632436752319,0.7983023524284363,0.21470093727111816,0.5787469744682312,0.8555369973182678,0.004758795723319054,0.5580809116363525,0.816056489944458,0.2285793125629425,0.5318208336830139,0.9019203186035156,-0.13682948052883148,0.5196787118911743,0.8540975451469421,0.16689863801002502
frame_00034.jpg,0.455217182636261,0.49633440375328064,-0.4904809892177582,0.4575945734977722,0.48728740215301514,-0.5138118863105774,0.4595774710178375,0.4843585789203644,-0.5140637159347534,0.45892080664634705,0.482892245054245,-0.5140310525894165,0.4552547335624695,0.48283061385154724,-0.4821317195892334,0.4553616940975189,0.4799967408180237,-0.4824952185153961,0.4552162289619446,0.4764450192451477,-0.48266229033470154,0.46729713678359985,0.47913968563079834,-0.5224796533584595,0.46476301550865173,0.46354612708091736,-0.3800675868988037,0.4631327688694,0.5016793012619019,-0.48302727937698364,0.4609859883785248,0.500853419303894,-0.44343405961990356,0.5082499384880066,0.5213175415992737,-0.4987456202507019,0.4984247088432312,0.4543187916278839,-0.16881361603736877,0.4695565104484558,0.6100698709487915,-0.5542207956314087,0.4990169405937195,0.5286329984664917,-0.045439332723617554,0.3935532569885254,0.6358675360679626,-0.5605148673057556,0.46752581000328064,0.5847139358520508,-0.06389473378658295,0.3782820403575897,0.6478708386421204,-0.6032646298408508,0.45686984062194824,0.5902666449546814,-0.07127673923969269,0.3727898895740509,0.632294774055481,-0.595426619052887,0.4526023864746094,0.5999490022659302,-0.10407116264104843,0.37754014134407043,0.6304873824119568,-0.5562610030174255,0.45783883333206177,0.5998348593711853,-0.08055715262889862,0.5979043245315552,0.6088736057281494,-0.09350474178791046,0.5828824043273926,0.5735530257225037,0.09315913170576096,0.5391388535499573,0.7199464440345764,-0.12162025272846222,0.5182043313980103,0.6654665470123291,0.0547727569937706,0.5585135817527771,0.8685250878334045,-0.04034420847892761,0.5399059653282166,0.8173545002937317,0.21444213390350342,0.5730987787246704,0.8823453187942505,-0.025281649082899094,0.5523675084114075,0.8371560573577881,0.2285129725933075,0.5199448466300964,0.9265439510345459,-0.15519334375858307,0.5126978754997253,0.8689773678779602,0.15594491362571716
frame_00035.jpg,0.4551638960838318,0.49593162536621094,-0.5063872933387756,0.459282785654068,0.4852212071418762,-0.5295788645744324,0.46152377128601074,0.48316824436187744,-0.52983558177948,0.4620249271392822,0.48185622692108154,-0.5298115611076355,0.45578092336654663,0.48158055543899536,-0.4957137703895569,0.45589715242385864,0.47903716564178467,-0.49607905745506287,0.45580992102622986,0.4759448766708374,-0.49625077843666077,0.4717639982700348,0.47669273614883423,-0.5360277891159058,0.4665626883506775,0.46317294239997864,-0.38376837968826294,0.4641939699649811,0.5022132992744446,-0.49825096130371094,0.4611543118953705,0.5010826587677002,-0.45582276582717896,0.511050820350647,0.5212063789367676,-0.5105777382850647,0.501939594745636,0.46490389108657837,-0.1648779809474945,0.46997031569480896,0.6085013747215271,-0.5662530660629272,0.4980538487434387,0.5300372242927551,-0.035956863313913345,0.3894585072994232,0.6354820728302002,-0.5729023218154907,0.46604251861572266,0.585688591003418,-0.06857316195964813,0.37308651208877563,0.6478942036628723,-0.6167353391647339,0.45464974641799927,0.5915548801422119,-0.07209746539592743,0.3679361641407013,0.6322765946388245,-0.6090832948684692,0.45035773515701294,0.6025869846343994,-0.10945770889520645,0.3723018765449524,0.6303507089614868,-0.5685421824455261,0.4556356966495514,0.6026983857154846,-0.08587698638439178,0.6033050417900085,0.6049482822418213,-0.09680156409740448,0.5866149663925171,0.5794900059700012,0.09644849598407745,0.5425856113433838,0.7186038494110107,-0.21098336577415466,0.516017735004425,0.6666352152824402,0.028796236962080002,0.5594261884689331,0.8655598759651184,-0.0828280970454216,0.5415676832199097,0.8184478282928467,0.1830516755580902,0.5726584196090698,0.879884660243988,-0.07338710129261017,0.5547690391540527,0.838584840297699,0.19615131616592407,0.5188816785812378,0.9208988547325134,-0.19368654489517212,0.515182375907898,0.86894690990448,0.11221826076507568
frame_00036.jpg,0.4611744284629822,0.4657462239265442,-0.5909726023674011,0.46683937311172485,0.4533478319644928,-0.6189082860946655,0.46870630979537964,0.45131510496139526,-0.6192296147346497,0.47000083327293396,0.44967982172966003,-0.6191701889038086,0.46312612295150757,0.4508974254131317,-0.5844026207923889,0.46307483315467834,0.448811799287796,-0.5847862958908081,0.46275264024734497,0.44658878445625305,-0.5850231051445007,0.48105382919311523,0.44027167558670044,-0.6400695443153381,0.4750950336456299,0.43416884541511536,-0.48234882950782776,0.4676356911659241,0.4661612808704376,-0.5876343846321106,0.464036226272583,0.4667033851146698,-0.5438116192817688,0.5226110219955444,0.4766335189342499,-0.6080355644226074,0.5040362477302551,0.4465547204017639,-0.2942794859409332,0.4772486686706543,0.5810840129852295,-0.6543909907341003,0.48937925696372986,0.5331750512123108,-0.256508469581604,0.39773422479629517,0.6238080859184265,-0.6597485542297363,0.45102357864379883,0.6076313853263855,-0.39022064208984375,0.378153532743454,0.6379358172416687,-0.7087544202804565,0.4389651417732239,0.6205205917358398,-0.4128483831882477,0.3724101483821869,0.6253207921981812,-0.7058607339859009,0.43827277421951294,0.6283589005470276,-0.4575607180595398,0.3762141764163971,0.6218748092651367,-0.6579740047454834,0.4438745379447937,0.62535160779953,-0.41297855973243713,0.611312985420227,0.558005690574646,-0.09286419302225113,0.5876264572143555,0.5441583395004272,0.09270315617322922,0.5872573256492615,0.7087593078613281,-0.17339999973773956,0.5519082546234131,0.6870993375778198,0.03870115056633949,0.5711607336997986,0.8535498380661011,-0.01063660066574812,0.5470216870307922,0.8231508135795593,0.24363228678703308,0.5792191028594971,0.8717842698097229,-0.0011112552601844072,0.5584203004837036,0.8419644832611084,0.25999531149864197,0.5313491821289062,0.9054258465766907,-0.13114520907402039,0.5208229422569275,0.8670153021812439,0.12857632339000702
frame_00037.jpg,0.4688316285610199,0.4556470513343811,-0.404360294342041,0.468034029006958,0.4413955807685852,-0.432991087436676,0.46916747093200684,0.43987342715263367,-0.4332334101200104,0.4702227711677551,0.43871060013771057,-0.4332284927368164,0.4687192440032959,0.44494467973709106,-0.4005044400691986,0.4687337875366211,0.44357743859291077,-0.40081334114074707,0.4686810374259949,0.44243913888931274,-0.40094470977783203,0.48142391443252563,0.4277721345424652,-0.48312321305274963,0.4784967005252838,0.4263460338115692,-0.3331274688243866,0.47710007429122925,0.4584127366542816,-0.4110177457332611,0.47726503014564514,0.45823490619659424,-0.3696717619895935,0.5225179195404053,0.4634562134742737,-0.5159398317337036,0.5081457495689392,0.4454498887062073,-0.14800521731376648,0.47788214683532715,0.5747088193893433,-0.5543736219406128,0.4792105555534363,0.5374839305877686,-0.1411382406949997,0.4030703604221344,0.6240246295928955,-0.5940130949020386,0.43842822313308716,0.6082009673118591,-0.2051055133342743,0.37963634729385376,0.6374762654304504,-0.6458458304405212,0.4256622791290283,0.6213454008102417,-0.21579250693321228,0.3743055462837219,0.6240621209144592,-0.6849679946899414,0.4253919720649719,0.6272569894790649,-0.2540910243988037,0.38121408224105835,0.6206154227256775,-0.6193888783454895,0.43089476227760315,0.6238906979560852,-0.22453908622264862,0.6114887595176697,0.5655509233474731,-0.09912439435720444,0.5899706482887268,0.5507737398147583,0.09890307486057281,0.5698666572570801,0.6764062643051147,-0.17535871267318726,0.5391421318054199,0.6585862040519714,0.10674653202295303,0.5449516773223877,0.7983105778694153,0.014169285073876381,0.4948975443840027,0.7441713809967041,0.2475249320268631,0.5492439866065979,0.8112725019454956,0.03008217178285122,0.4983014166355133,0.7597640752792358,0.2604123651981354,0.5154293775558472,0.8454269766807556,-0.053114067763090134,0.4637937545776367,0.7655445337295532,0.17950668931007385
frame_00038.jpg,0.4701344966888428,0.4439648687839508,-0.5015522241592407,0.47217997908592224,0.43042346835136414,-0.5285580158233643,0.4744033217430115,0.42957839369773865,-0.5288779735565186,0.4767017960548401,0.42904090881347656,-0.5288527011871338,0.47045961022377014,0.42990782856941223,-0.4913704991340637,0.4707929193973541,0.42833027243614197,-0.49172934889793396,0.4710250794887543,0.42676499485969543,-0.49191999435424805,0.49014145135879517,0.421578049659729,-0.5602551102638245,0.4838503897190094,0.4178365468978882,-0.3913206160068512,0.47906818985939026,0.44958606362342834,-0.5040050745010376,0.4776371121406555,0.45045366883277893,-0.4566401541233063,0.5360904932022095,0.4584980607032776,-0.5587112307548523,0.508404552936554,0.4305972754955292,-0.21250613033771515,0.4888485074043274,0.5613625645637512,-0.6324912905693054,0.5052724480628967,0.533970296382904,-0.19729465246200562,0.40380868315696716,0.5870963335037231,-0.6659353375434875,0.45413368940353394,0.597187876701355,-0.37297704815864563,0.38442808389663696,0.5964038968086243,-0.7210556268692017,0.43898478150367737,0.6032761335372925,-0.4007602632045746,0.376670777797699,0.5818132758140564,-0.7148828506469727,0.43413472175598145,0.607671856880188,-0.4429864287376404,0.3852331340312958,0.5800232291221619,-0.6641453504562378,0.44053322076797485,0.6064940094947815,-0.39607056975364685,0.6264315247535706,0.5430670380592346,-0.0972084328532219,0.5889328718185425,0.5257158875465393,0.0969998836517334,0.5936399698257446,0.6780473589897156,-0.17172876000404358,0.529869019985199,0.6155845522880554,0.030184661969542503,0.5907251834869385,0.7945958971977234,0.051452040672302246,0.5145136117935181,0.708777666091919,0.23349031805992126,0.594305694103241,0.8044270873069763,0.07001931965351105,0.5206311345100403,0.7217034697532654,0.2592673897743225,0.5642108917236328,0.8441811203956604,-0.017214681953191757,0.48979735374450684,0.7384348511695862,0.18099689483642578
frame_00039.jpg,0.4698595404624939,0.4448877274990082,-0.38900917768478394,0.47210630774497986,0.4303392767906189,-0.415179580450058,0.47435545921325684,0.4285791218280792,-0.4154585301876068,0.4767104983329773,0.4266367256641388,-0.4154514670372009,0.4701119065284729,0.4299323856830597,-0.3744264245033264,0.47042831778526306,0.4273287355899811,-0.37477806210517883,0.47070083022117615,0.4249734878540039,-0.37495744228363037,0.49055999517440796,0.41753414273262024,-0.4572906494140625,0.48386821150779724,0.4160756468772888,-0.2726571559906006,0.478870153427124,0.4507017731666565,-0.3968169093132019,0.47729411721229553,0.450778067111969,-0.34475377202033997,0.5346525311470032,0.45674929022789,-0.4840570390224457,0.5086034536361694,0.42958351969718933,-0.10172704607248306,0.4898831248283386,0.5607667565345764,-0.526595950126648,0.5038493275642395,0.5383566617965698,-0.09617988020181656,0.4050308167934418,0.5895510315895081,-0.4883190989494324,0.45039787888526917,0.5977383255958557,-0.2474883794784546,0.3869437277317047,0.5966947674751282,-0.5269778966903687,0.43404144048690796,0.6041125655174255,-0.2657420337200165,0.3770659565925598,0.5846337676048279,-0.518197774887085,0.4298114776611328,0.6086181998252869,-0.30383509397506714,0.38619720935821533,0.5804818868637085,-0.4828323721885681,0.43697601556777954,0.6070653200149536,-0.26852336525917053,0.6243436336517334,0.55189448595047,-0.10047658532857895,0.5902513861656189,0.534800112247467,0.1002318412065506,0.5757673978805542,0.6742461919784546,-0.17502576112747192,0.5130572319030762,0.5919716358184814,0.048104360699653625,0.5898175239562988,0.800544023513794,0.0077751739881932735,0.49783855676651,0.7016239762306213,0.2178945094347,0.5903221368789673,0.8115441799163818,0.019875627011060715,0.5028741359710693,0.7175896763801575,0.23450946807861328,0.5565311312675476,0.844861626625061,-0.06985117495059967,0.47462815046310425,0.7323979735374451,0.17448940873146057
frame_00040.jpg,0.4696182310581207,0.44167646765708923,-0.41311115026474,0.4718824326992035,0.4243530035018921,-0.4417564272880554,0.47409138083457947,0.42268916964530945,-0.4420314431190491,0.47665897011756897,0.4210697412490845,-0.44203120470046997,0.46995583176612854,0.42378583550453186,-0.3995501399040222,0.4701763093471527,0.421894371509552,-0.3998689353466034,0.4705501198768616,0.4196796119213104,-0.40000391006469727,0.4901808798313141,0.41313397884368896,-0.4854518473148346,0.4851403832435608,0.41338950395584106,-0.2923119366168976,0.47876596450805664,0.4492916762828827,-0.4215763211250305,0.47707048058509827,0.4498240053653717,-0.3681991696357727,0.5371675491333008,0.4501556158065796,-0.5095275044441223,0.5079237222671509,0.4355659782886505,-0.11425979435443878,0.4921507239341736,0.5594724416732788,-0.5772496461868286,0.4994315207004547,0.5468790531158447,-0.10545734316110611,0.4060341417789459,0.5862289667129517,-0.5724776983261108,0.4437105655670166,0.6082066893577576,-0.2725187838077545,0.3878008723258972,0.5945841670036316,-0.618522584438324,0.42544126510620117,0.6116874814033508,-0.29187124967575073,0.37953653931617737,0.5820377469062805,-0.6067413091659546,0.4192361831665039,0.6150417923927307,-0.33156055212020874,0.38771072030067444,0.5779808759689331,-0.5667653679847717,0.4271066188812256,0.6149219274520874,-0.294830858707428,0.6292538642883301,0.5494868755340576,-0.11189079284667969,0.5903319120407104,0.5395805239677429,0.11168930679559708,0.584868311882019,0.6769510507583618,-0.26127099990844727,0.5159517526626587,0.6320725679397583,0.037051040679216385,0.6400075554847717,0.8122878670692444,-0.09343763440847397,0.5535615682601929,0.783656656742096,0.2180483639240265,0.6549352407455444,0.8205590844154358,-0.08096002042293549,0.5677668452262878,0.7955493330955505,0.23650968074798584,0.6135209798812866,0.8771144151687622,-0.17694301903247833,0.5338212847709656,0.835953950881958,0.17601226270198822
frame_00041.jpg,0.46951818466186523,0.44139572978019714,-0.46105465292930603,0.4717142581939697,0.42453277111053467,-0.4899709224700928,0.47390908002853394,0.4230392873287201,-0.49025946855545044,0.4763767123222351,0.4218091666698456,-0.4902508854866028,0.46977248787879944,0.42363208532333374,-0.4497789740562439,0.47014445066452026,0.42182788252830505,-0.4501039385795593,0.4706677794456482,0.41974586248397827,-0.45026057958602905,0.4906923770904541,0.4138999879360199,-0.529945969581604,0.48571068048477173,0.413366436958313,-0.346903920173645,0.478600412607193,0.449556827545166,-0.4668087363243103,0.4769155979156494,0.4496292471885681,-0.41568946838378906,0.5385470986366272,0.4513789415359497,-0.5466622114181519,0.5074115991592407,0.4378867745399475,-0.15599647164344788,0.49189597368240356,0.5603245496749878,-0.6194747090339661,0.49428120255470276,0.5466130971908569,-0.1370677649974823,0.40674275159835815,0.5841292142868042,-0.6287227869033813,0.4388979971408844,0.6079466938972473,-0.3017750382423401,0.38844212889671326,0.5948955416679382,-0.680312991142273,0.42156124114990234,0.6116472482681274,-0.3240356743335724,0.3799572288990021,0.5818907022476196,-0.670421302318573,0.41607004404067993,0.6150143146514893,-0.3653925359249115,0.38859620690345764,0.5770044326782227,-0.6244103312492371,0.42352595925331116,0.6149898171424866,-0.3249613344669342,0.6320776343345642,0.5485667586326599,-0.11447371542453766,0.5913213491439819,0.5416697263717651,0.11429939419031143,0.5854395031929016,0.6817770600318909,-0.23422710597515106,0.5314098596572876,0.6550843119621277,0.04590539261698723,0.6399281024932861,0.8185898065567017,-0.06676576286554337,0.575015127658844,0.7968015074729919,0.2611237168312073,0.6580771803855896,0.8317657113075256,-0.0555233359336853,0.5886193513870239,0.8106467723846436,0.28098610043525696,0.6151569485664368,0.8872606158256531,-0.1441022753715515,0.5543102622032166,0.8509454131126404,0.22083981335163116
frame_00042.jpg,0.4693448543548584,0.4457075297832489,-0.3042522668838501,0.4716377258300781,0.4290265738964081,-0.33298593759536743,0.4738459587097168,0.4274607300758362,-0.3332306742668152,0.4762839376926422,0.4261755049228668,-0.3332206606864929,0.469623863697052,0.428507924079895,-0.2930208146572113,0.4700559973716736,0.42680564522743225,-0.2933308482170105,0.47067299485206604,0.42494556307792664,-0.2934594750404358,0.4904573857784271,0.4180585443973541,-0.38601917028427124,0.4856266975402832,0.4173637628555298,-0.2040945589542389,0.4786120057106018,0.4528874158859253,-0.3152972161769867,0.4771362245082855,0.45315998792648315,-0.26428085565567017,0.5366503000259399,0.4526645243167877,-0.44050130248069763,0.5104261636734009,0.43823549151420593,-0.022107359021902084,0.49194616079330444,0.5595024228096008,-0.5202941298484802,0.49136868119239807,0.5468317270278931,-0.01087208092212677,0.41171327233314514,0.5887420177459717,-0.5061677694320679,0.43217530846595764,0.5962091684341431,-0.19077610969543457,0.39292046427726746,0.5982465147972107,-0.5500606298446655,0.40909284353256226,0.5980961322784424,-0.2081867754459381,0.3866349458694458,0.586212694644928,-0.5354824066162109,0.40949806571006775,0.5995504856109619,-0.2438293993473053,0.3960520029067993,0.5828269720077515,-0.49885645508766174,0.4168919026851654,0.6003097295761108,-0.21233613789081573,0.633551836013794,0.5465027689933777,-0.12636928260326385,0.6057544946670532,0.5409044027328491,0.12615086138248444,0.5811382532119751,0.685168445110321,-0.25059276819229126,0.551323413848877,0.6654735207557678,0.050550758838653564,0.6360626220703125,0.8218799829483032,-0.1369168758392334,0.5830129981040955,0.8081448674201965,0.19796103239059448,0.6551482677459717,0.8327279686927795,-0.1304544359445572,0.5978881120681763,0.8243536353111267,0.20995350182056427,0.6005952954292297,0.8884685635566711,-0.22749607264995575,0.5514061450958252,0.8636474609375,0.1476668417453766
frame_00043.jpg,0.0,0.0,0.0,0.0,0.0,0.0,0.0,0.0,0.0,0.0,0.0,0.0,0.0,0.0,0.0,0.0,0.0,0.0,0.0,0.0,0.0,0.0,0.0,0.0,0.0,0.0,0.0,0.0,0.0,0.0,0.0,0.0,0.0,0.0,0.0,0.0,0.0,0.0,0.0,0.0,0.0,0.0,0.0,0.0,0.0,0.0,0.0,0.0,0.0,0.0,0.0,0.0,0.0,0.0,0.0,0.0,0.0,0.0,0.0,0.0,0.0,0.0,0.0,0.0,0.0,0.0,0.0,0.0,0.0,0.0,0.0,0.0,0.0,0.0,0.0,0.0,0.0,0.0,0.0,0.0,0.0,0.0,0.0,0.0,0.0,0.0,0.0,0.0,0.0,0.0,0.0,0.0,0.0,0.0,0.0,0.0,0.0,0.0,0.0
frame_00044.jpg,0.0,0.0,0.0,0.0,0.0,0.0,0.0,0.0,0.0,0.0,0.0,0.0,0.0,0.0,0.0,0.0,0.0,0.0,0.0,0.0,0.0,0.0,0.0,0.0,0.0,0.0,0.0,0.0,0.0,0.0,0.0,0.0,0.0,0.0,0.0,0.0,0.0,0.0,0.0,0.0,0.0,0.0,0.0,0.0,0.0,0.0,0.0,0.0,0.0,0.0,0.0,0.0,0.0,0.0,0.0,0.0,0.0,0.0,0.0,0.0,0.0,0.0,0.0,0.0,0.0,0.0,0.0,0.0,0.0,0.0,0.0,0.0,0.0,0.0,0.0,0.0,0.0,0.0,0.0,0.0,0.0,0.0,0.0,0.0,0.0,0.0,0.0,0.0,0.0,0.0,0.0,0.0,0.0,0.0,0.0,0.0,0.0,0.0,0.0
frame_00045.jpg,0.0,0.0,0.0,0.0,0.0,0.0,0.0,0.0,0.0,0.0,0.0,0.0,0.0,0.0,0.0,0.0,0.0,0.0,0.0,0.0,0.0,0.0,0.0,0.0,0.0,0.0,0.0,0.0,0.0,0.0,0.0,0.0,0.0,0.0,0.0,0.0,0.0,0.0,0.0,0.0,0.0,0.0,0.0,0.0,0.0,0.0,0.0,0.0,0.0,0.0,0.0,0.0,0.0,0.0,0.0,0.0,0.0,0.0,0.0,0.0,0.0,0.0,0.0,0.0,0.0,0.0,0.0,0.0,0.0,0.0,0.0,0.0,0.0,0.0,0.0,0.0,0.0,0.0,0.0,0.0,0.0,0.0,0.0,0.0,0.0,0.0,0.0,0.0,0.0,0.0,0.0,0.0,0.0,0.0,0.0,0.0,0.0,0.0,0.0
frame_00046.jpg,0.0,0.0,0.0,0.0,0.0,0.0,0.0,0.0,0.0,0.0,0.0,0.0,0.0,0.0,0.0,0.0,0.0,0.0,0.0,0.0,0.0,0.0,0.0,0.0,0.0,0.0,0.0,0.0,0.0,0.0,0.0,0.0,0.0,0.0,0.0,0.0,0.0,0.0,0.0,0.0,0.0,0.0,0.0,0.0,0.0,0.0,0.0,0.0,0.0,0.0,0.0,0.0,0.0,0.0,0.0,0.0,0.0,0.0,0.0,0.0,0.0,0.0,0.0,0.0,0.0,0.0,0.0,0.0,0.0,0.0,0.0,0.0,0.0,0.0,0.0,0.0,0.0,0.0,0.0,0.0,0.0,0.0,0.0,0.0,0.0,0.0,0.0,0.0,0.0,0.0,0.0,0.0,0.0,0.0,0.0,0.0,0.0,0.0,0.0
frame_00047.jpg,0.0,0.0,0.0,0.0,0.0,0.0,0.0,0.0,0.0,0.0,0.0,0.0,0.0,0.0,0.0,0.0,0.0,0.0,0.0,0.0,0.0,0.0,0.0,0.0,0.0,0.0,0.0,0.0,0.0,0.0,0.0,0.0,0.0,0.0,0.0,0.0,0.0,0.0,0.0,0.0,0.0,0.0,0.0,0.0,0.0,0.0,0.0,0.0,0.0,0.0,0.0,0.0,0.0,0.0,0.0,0.0,0.0,0.0,0.0,0.0,0.0,0.0,0.0,0.0,0.0,0.0,0.0,0.0,0.0,0.0,0.0,0.0,0.0,0.0,0.0,0.0,0.0,0.0,0.0,0.0,0.0,0.0,0.0,0.0,0.0,0.0,0.0,0.0,0.0,0.0,0.0,0.0,0.0,0.0,0.0,0.0,0.0,0.0,0.0
frame_00048.jpg,0.0,0.0,0.0,0.0,0.0,0.0,0.0,0.0,0.0,0.0,0.0,0.0,0.0,0.0,0.0,0.0,0.0,0.0,0.0,0.0,0.0,0.0,0.0,0.0,0.0,0.0,0.0,0.0,0.0,0.0,0.0,0.0,0.0,0.0,0.0,0.0,0.0,0.0,0.0,0.0,0.0,0.0,0.0,0.0,0.0,0.0,0.0,0.0,0.0,0.0,0.0,0.0,0.0,0.0,0.0,0.0,0.0,0.0,0.0,0.0,0.0,0.0,0.0,0.0,0.0,0.0,0.0,0.0,0.0,0.0,0.0,0.0,0.0,0.0,0.0,0.0,0.0,0.0,0.0,0.0,0.0,0.0,0.0,0.0,0.0,0.0,0.0,0.0,0.0,0.0,0.0,0.0,0.0,0.0,0.0,0.0,0.0,0.0,0.0
frame_00049.jpg,0.0,0.0,0.0,0.0,0.0,0.0,0.0,0.0,0.0,0.0,0.0,0.0,0.0,0.0,0.0,0.0,0.0,0.0,0.0,0.0,0.0,0.0,0.0,0.0,0.0,0.0,0.0,0.0,0.0,0.0,0.0,0.0,0.0,0.0,0.0,0.0,0.0,0.0,0.0,0.0,0.0,0.0,0.0,0.0,0.0,0.0,0.0,0.0,0.0,0.0,0.0,0.0,0.0,0.0,0.0,0.0,0.0,0.0,0.0,0.0,0.0,0.0,0.0,0.0,0.0,0.0,0.0,0.0,0.0,0.0,0.0,0.0,0.0,0.0,0.0,0.0,0.0,0.0,0.0,0.0,0.0,0.0,0.0,0.0,0.0,0.0,0.0,0.0,0.0,0.0,0.0,0.0,0.0,0.0,0.0,0.0,0.0,0.0,0.0
frame_00050.jpg,0.0,0.0,0.0,0.0,0.0,0.0,0.0,0.0,0.0,0.0,0.0,0.0,0.0,0.0,0.0,0.0,0.0,0.0,0.0,0.0,0.0,0.0,0.0,0.0,0.0,0.0,0.0,0.0,0.0,0.0,0.0,0.0,0.0,0.0,0.0,0.0,0.0,0.0,0.0,0.0,0.0,0.0,0.0,0.0,0.0,0.0,0.0,0.0,0.0,0.0,0.0,0.0,0.0,0.0,0.0,0.0,0.0,0.0,0.0,0.0,0.0,0.0,0.0,0.0,0.0,0.0,0.0,0.0,0.0,0.0,0.0,0.0,0.0,0.0,0.0,0.0,0.0,0.0,0.0,0.0,0.0,0.0,0.0,0.0,0.0,0.0,0.0,0.0,0.0,0.0,0.0,0.0,0.0,0.0,0.0,0.0,0.0,0.0,0.0
frame_00051.jpg,0.0,0.0,0.0,0.0,0.0,0.0,0.0,0.0,0.0,0.0,0.0,0.0,0.0,0.0,0.0,0.0,0.0,0.0,0.0,0.0,0.0,0.0,0.0,0.0,0.0,0.0,0.0,0.0,0.0,0.0,0.0,0.0,0.0,0.0,0.0,0.0,0.0,0.0,0.0,0.0,0.0,0.0,0.0,0.0,0.0,0.0,0.0,0.0,0.0,0.0,0.0,0.0,0.0,0.0,0.0,0.0,0.0,0.0,0.0,0.0,0.0,0.0,0.0,0.0,0.0,0.0,0.0,0.0,0.0,0.0,0.0,0.0,0.0,0.0,0.0,0.0,0.0,0.0,0.0,0.0,0.0,0.0,0.0,0.0,0.0,0.0,0.0,0.0,0.0,0.0,0.0,0.0,0.0,0.0,0.0,0.0,0.0,0.0,0.0
frame_00052.jpg,0.0,0.0,0.0,0.0,0.0,0.0,0.0,0.0,0.0,0.0,0.0,0.0,0.0,0.0,0.0,0.0,0.0,0.0,0.0,0.0,0.0,0.0,0.0,0.0,0.0,0.0,0.0,0.0,0.0,0.0,0.0,0.0,0.0,0.0,0.0,0.0,0.0,0.0,0.0,0.0,0.0,0.0,0.0,0.0,0.0,0.0,0.0,0.0,0.0,0.0,0.0,0.0,0.0,0.0,0.0,0.0,0.0,0.0,0.0,0.0,0.0,0.0,0.0,0.0,0.0,0.0,0.0,0.0,0.0,0.0,0.0,0.0,0.0,0.0,0.0,0.0,0.0,0.0,0.0,0.0,0.0,0.0,0.0,0.0,0.0,0.0,0.0,0.0,0.0,0.0,0.0,0.0,0.0,0.0,0.0,0.0,0.0,0.0,0.0
frame_00053.jpg,0.0,0.0,0.0,0.0,0.0,0.0,0.0,0.0,0.0,0.0,0.0,0.0,0.0,0.0,0.0,0.0,0.0,0.0,0.0,0.0,0.0,0.0,0.0,0.0,0.0,0.0,0.0,0.0,0.0,0.0,0.0,0.0,0.0,0.0,0.0,0.0,0.0,0.0,0.0,0.0,0.0,0.0,0.0,0.0,0.0,0.0,0.0,0.0,0.0,0.0,0.0,0.0,0.0,0.0,0.0,0.0,0.0,0.0,0.0,0.0,0.0,0.0,0.0,0.0,0.0,0.0,0.0,0.0,0.0,0.0,0.0,0.0,0.0,0.0,0.0,0.0,0.0,0.0,0.0,0.0,0.0,0.0,0.0,0.0,0.0,0.0,0.0,0.0,0.0,0.0,0.0,0.0,0.0,0.0,0.0,0.0,0.0,0.0,0.0
frame_00054.jpg,0.5552180409431458,0.4212791621685028,-0.38409140706062317,0.5581050515174866,0.40381667017936707,-0.39493393898010254,0.5612264275550842,0.39971044659614563,-0.3951323926448822,0.56446373462677,0.3960217237472534,-0.39505887031555176,0.5509747862815857,0.4112520217895508,-0.3712795376777649,0.5494792461395264,0.41280442476272583,-0.3715677559375763,0.5478551387786865,0.41425085067749023,-0.37176403403282166,0.5729308724403381,0.3869105577468872,-0.3633444309234619,0.5578890442848206,0.4030122756958008,-0.2539857029914856,0.5675995349884033,0.4242705702781677,-0.3627476096153259,0.5646194815635681,0.43039554357528687,-0.33280712366104126,0.6590002775192261,0.40654250979423523,-0.315197229385376,0.5710853338241577,0.4304736852645874,-0.12140677124261856,0.6886870265007019,0.5122457146644592,-0.441976934671402,0.5629888772964478,0.5250507593154907,-0.18695633113384247,0.6263062953948975,0.5252712965011597,-0.5649726986885071,0.5436140298843384,0.553589403629303,-0.39201971888542175,0.6084896922111511,0.5300386548042297,-0.6060088276863098,0.5357393622398376,0.5619794726371765,-0.4321058392524719,0.6054624319076538,0.510092556476593,-0.6028807163238525,0.5350930690765381,0.551997184753418,-0.447819322347641,0.6114688515663147,0.5085268020629883,-0.5634631514549255,0.5412232279777527,0.5486852526664734,-0.40420809388160706,0.6606453657150269,0.5752089619636536,-0.06021255999803543,0.6136258244514465,0.5714360475540161,0.06008089706301689,0.629460871219635,0.6760801672935486,-0.30938205122947693,0.5995139479637146,0.6471335291862488,-0.27449852228164673,0.6166943907737732,0.8086140155792236,-0.16897033154964447,0.6231545805931091,0.8027775883674622,-0.15392634272575378,0.6160826683044434,0.8505271673202515,-0.16292451322078705,0.6400631070137024,0.8343374729156494,-0.14765411615371704,0.5976674556732178,0.8520193099975586,-0.2951275706291199,0.5909755825996399,0.8315460681915283,-0.26968204975128174
frame_00055.jpg,0.5301408767700195,0.42096078395843506,-0.4984254240989685,0.5322215557098389,0.40336623787879944,-0.5218983888626099,0.534029483795166,0.39971762895584106,-0.5222389101982117,0.5355450510978699,0.3965071141719818,-0.5222080945968628,0.5289586186408997,0.4055714011192322,-0.4867164194583893,0.5291632413864136,0.4039542078971863,-0.4870019853115082,0.5296629667282104,0.4053105413913727,-0.48718881607055664,0.5478700399398804,0.38670700788497925,-0.5315278768539429,0.5402674078941345,0.3933367133140564,-0.3705042004585266,0.5399706363677979,0.42397382855415344,-0.49099379777908325,0.5387576818466187,0.4268553555011749,-0.44622698426246643,0.6205466985702515,0.4211433231830597,-0.5177980065345764,0.5617121458053589,0.4305395483970642,-0.18017932772636414,0.5993959307670593,0.5356737971305847,-0.5998326539993286,0.5624128580093384,0.5221426486968994,-0.14762063324451447,0.5285773873329163,0.5744953155517578,-0.6452377438545227,0.544571042060852,0.5572232007980347,-0.2696665823459625,0.5123828649520874,0.5874546766281128,-0.6936469078063965,0.538616955280304,0.5674889087677002,-0.29659396409988403,0.5065557360649109,0.5704520344734192,-0.6903313398361206,0.5364588499069214,0.5618398189544678,-0.3286881446838379,0.5135810971260071,0.5651251673698425,-0.6417050361633301,0.5413561463356018,0.5572180151939392,-0.28765255212783813,0.6397413015365601,0.5907284617424011,-0.0910056084394455,0.5998212099075317,0.5857881307601929,0.09098102152347565,0.6234679818153381,0.7235985398292542,-0.11406203359365463,0.5758765935897827,0.6922118067741394,-0.03052198328077793,0.6263180375099182,0.8460054993629456,0.08396660536527634,0.6032294034957886,0.8151522278785706,0.15602269768714905,0.6373628377914429,0.8678517937660217,0.09513930976390839,0.6231066584587097,0.8428377509117126,0.1701965630054474,0.6083762049674988,0.8926249146461487,-0.045310474932193756,0.5715357065200806,0.860037088394165,0.060100704431533813
frame_00056.jpg,0.5453128218650818,0.4470422863960266,-0.7552688121795654,0.5444675087928772,0.4306117296218872,-0.7688124179840088,0.5442270040512085,0.42753124237060547,-0.7691506743431091,0.5416697859764099,0.424538254737854,-0.7690702676773071,0.536598801612854,0.433925598859787,-0.7499646544456482,0.5319736003875732,0.4346041977405548,-0.7503255605697632,0.5304126143455505,0.43388882279396057,-0.7505114674568176,0.5511177778244019,0.41198599338531494,-0.7007716298103333,0.5434780120849609,0.4220699965953827,-0.6105331182479858,0.5573284029960632,0.4470481872558594,-0.7161899209022522,0.5395088195800781,0.4516981840133667,-0.6918208599090576,0.6329817771911621,0.43355149030685425,-0.5850088000297546,0.5579192042350769,0.44770440459251404,-0.41982969641685486,0.6455209255218506,0.5093289017677307,-0.7281038165092468,0.5435982942581177,0.5230672359466553,-0.45958438515663147,0.5988219380378723,0.558208703994751,-0.9355409741401672,0.5155525207519531,0.5690954327583313,-0.6568946242332458,0.5884287357330322,0.5640580058097839,-1.0015541315078735,0.5060402154922485,0.5802285075187683,-0.7038077116012573,0.5818592309951782,0.5491626262664795,-1.008577823638916,0.5048731565475464,0.5794461369514465,-0.7345038056373596,0.5851954817771912,0.547564685344696,-0.9417219161987305,0.5112309455871582,0.5750606656074524,-0.675171434879303,0.6441524624824524,0.5839374661445618,-0.07757727056741714,0.6015904545783997,0.5775153040885925,0.07744555175304413,0.6243324279785156,0.7153826355934143,-0.19790896773338318,0.5744552612304688,0.6965587735176086,0.004394150339066982,0.634509265422821,0.8685459494590759,-0.10060924291610718,0.5878950357437134,0.8269951343536377,0.17213137447834015,0.642539381980896,0.8927038908004761,-0.11588717997074127,0.5997921228408813,0.8491315245628357,0.18114764988422394,0.6173855066299438,0.902440071105957,-0.31335029006004333,0.5635753273963928,0.8707848787307739,0.044076886028051376
frame_00057.jpg,0.5548542737960815,0.45211073756217957,-0.743159830570221,0.5519741773605347,0.43358176946640015,-0.7543734312057495,0.5516919493675232,0.43032294511795044,-0.7546991109848022,0.5519918203353882,0.4271789491176605,-0.7546204924583435,0.5431658625602722,0.4396747350692749,-0.7386995553970337,0.5385909676551819,0.43983694911003113,-0.7390437722206116,0.5353623032569885,0.4394666254520416,-0.7392138242721558,0.5534126162528992,0.4144701361656189,-0.6775521039962769,0.5447713136672974,0.4282762408256531,-0.6019127368927002,0.5673531889915466,0.4516673982143402,-0.7009680271148682,0.5495782494544983,0.455586701631546,-0.680824875831604,0.6382914781570435,0.43383917212486267,-0.5575450658798218,0.5552075505256653,0.45084795355796814,-0.4093099534511566,0.6683956980705261,0.4880792200565338,-0.7013627290725708,0.5392778515815735,0.5211924910545349,-0.4294583797454834,0.6253875494003296,0.5303001999855042,-0.916559100151062,0.5136610865592957,0.5687004923820496,-0.5957772731781006,0.6122719049453735,0.5345799922943115,-0.9813214540481567,0.5047695636749268,0.5804652571678162,-0.6364936828613281,0.60505610704422,0.5188156366348267,-0.9862877726554871,0.5037533044815063,0.5804108381271362,-0.6664899587631226,0.6090962886810303,0.5180527567863464,-0.9221383333206177,0.5098826289176941,0.5758917331695557,-0.6126235723495483,0.6521278619766235,0.5786755681037903,-0.06472346186637878,0.6020380258560181,0.5741980075836182,0.06452017277479172,0.6249722838401794,0.7116588354110718,-0.19175025820732117,0.5773181319236755,0.7006908059120178,0.0030639483593404293,0.6370803713798523,0.871199369430542,-0.13086585700511932,0.5851273536682129,0.833594560623169,0.1535118818283081,0.6437019109725952,0.8964816331863403,-0.14161768555641174,0.5954431295394897,0.8553308844566345,0.16060100495815277,0.6244825124740601,0.9033396244049072,-0.32433849573135376,0.5614516735076904,0.8752352595329285,0.02357747219502926
frame_00058.jpg,0.5191032290458679,0.4453657865524292,-0.37509721517562866,0.519168496131897,0.4274302124977112,-0.40375199913978577,0.5210133194923401,0.4243612289428711,-0.4040820002555847,0.5228201746940613,0.4214661419391632,-0.4040871560573578,0.5167029500007629,0.43476706743240356,-0.3618006110191345,0.5167800188064575,0.43941041827201843,-0.36205655336380005,0.5167926549911499,0.4329991340637207,-0.3622366487979889,0.536253035068512,0.4113489091396332,-0.46189752221107483,0.5307687520980835,0.4279240667819977,-0.2647309899330139,0.529174268245697,0.4474087357521057,-0.38526687026023865,0.5255545377731323,0.4505365788936615,-0.3316197097301483,0.6104310750961304,0.4422345459461212,-0.48440423607826233,0.5509348511695862,0.44791966676712036,-0.10703231394290924,0.5643302798271179,0.5563982725143433,-0.5975587368011475,0.5276206135749817,0.5549299716949463,-0.15357692539691925,0.4798036515712738,0.5767640471458435,-0.5929569602012634,0.4601658880710602,0.5791299343109131,-0.3607689440250397,0.45524582266807556,0.592380702495575,-0.637464165687561,0.43946605920791626,0.5808477997779846,-0.3928523659706116,0.44972172379493713,0.5760113000869751,-0.6253142356872559,0.4338909983634949,0.5803018808364868,-0.420065701007843,0.45805031061172485,0.5710160732269287,-0.5855697989463806,0.4400668740272522,0.5768600702285767,-0.3807576894760132,0.6436349153518677,0.6031811237335205,-0.10728027671575546,0.5913986563682556,0.593053936958313,0.10706470906734467,0.6118702292442322,0.7286015748977661,-0.22142574191093445,0.5282856225967407,0.6940953135490417,0.10020583868026733,0.6347447633743286,0.860874354839325,0.00408784206956625,0.5601006746292114,0.8070479035377502,0.3670630156993866,0.6440839767456055,0.8870440721511841,0.02381344884634018,0.5775038003921509,0.8175729513168335,0.3917631506919861,0.6203275322914124,0.9002074003219604,-0.07309217751026154,0.5251086950302124,0.8663069009780884,0.3348420560359955
frame_00059.jpg,0.5134567618370056,0.4429992437362671,-0.26998475193977356,0.5132419466972351,0.42495647072792053,-0.2953682541847229,0.5152734518051147,0.4221695363521576,-0.2956315279006958,0.5172885656356812,0.41951286792755127,-0.2956162095069885,0.5119469165802002,0.431438148021698,-0.2531217932701111,0.5127516388893127,0.4384235441684723,-0.25337105989456177,0.5133731961250305,0.4294172525405884,-0.25352153182029724,0.5324637293815613,0.4099791646003723,-0.34468314051628113,0.5286887884140015,0.4274453818798065,-0.15050742030143738,0.5245469808578491,0.44647687673568726,-0.27972352504730225,0.5227779746055603,0.44882869720458984,-0.22554592788219452,0.6035210490226746,0.43892529606819153,-0.40544742345809937,0.5488355755805969,0.45023855566978455,-0.0018298219656571746,0.579696536064148,0.5545755624771118,-0.532928466796875,0.5237573981285095,0.5618183016777039,-0.04596378654241562,0.4860500693321228,0.5843886137008667,-0.5605703592300415,0.462088406085968,0.5809323787689209,-0.24634340405464172,0.46485644578933716,0.6010399460792542,-0.6046819090843201,0.4439215660095215,0.5814114212989807,-0.2734539806842804,0.4590776860713959,0.5821654200553894,-0.5910196900367737,0.4404832720756531,0.577286958694458,-0.29691457748413086,0.4694722592830658,0.5767819285392761,-0.5531191229820251,0.4436805248260498,0.577318012714386,-0.26399466395378113,0.641150712966919,0.6031677722930908,-0.11749374866485596,0.5917186141014099,0.6006180047988892,0.11725322902202606,0.6026505827903748,0.7184873223304749,-0.3569977879524231,0.5152983665466309,0.6862724423408508,-0.006094004027545452,0.6388915777206421,0.855446994304657,-0.16237665712833405,0.5506494641304016,0.8042095899581909,0.19562801718711853,0.6529861688613892,0.8834546208381653,-0.14661246538162231,0.5702301859855652,0.8196442723274231,0.21272866427898407,0.6184815168380737,0.8987327814102173,-0.24392342567443848,0.510475754737854,0.8642173409461975,0.14236386120319366
frame_00060.jpg,0.5112438201904297,0.44287925958633423,-0.34723278880119324,0.5129783749580383,0.42463988065719604,-0.37561047077178955,0.5156868100166321,0.421895295381546,-0.3758906126022339,0.5182494521141052,0.4192902147769928,-0.3758535385131836,0.5104427933692932,0.42887774109840393,-0.3323109745979309,0.5113207101821899,0.43418118357658386,-0.3325865864753723,0.5120164155960083,0.42879757285118103,-0.33274227380752563,0.5337115526199341,0.4107588529586792,-0.4137396812438965,0.5282243490219116,0.4239088296890259,-0.2270532101392746,0.5233210921287537,0.44758379459381104,-0.35620981454849243,0.5209846496582031,0.4493457078933716,-0.3008250296115875,0.6024013757705688,0.44094574451446533,-0.45884713530540466,0.5552898049354553,0.44857898354530334,-0.06228295713663101,0.5535501837730408,0.5601891279220581,-0.562821626663208,0.5310485363006592,0.5578267574310303,-0.08971758186817169,0.4688164293766022,0.5859811902046204,-0.5898340940475464,0.46869000792503357,0.5791450142860413,-0.28745904564857483,0.44394201040267944,0.6028822064399719,-0.634347677230835,0.4499305188655853,0.5804530382156372,-0.31346815824508667,0.43584495782852173,0.5794257521629333,-0.624640166759491,0.4455040991306305,0.575828492641449,-0.3420937657356262,0.4492725431919098,0.5750926733016968,-0.5839716196060181,0.4537418782711029,0.5745611190795898,-0.3066038191318512,0.6376100778579712,0.6024500727653503,-0.12330356985330582,0.595020055770874,0.5955262780189514,0.12308754771947861,0.6001810431480408,0.7140312790870667,-0.3323398530483246,0.5261503458023071,0.6797715425491333,0.037887051701545715,0.6364890933036804,0.8526341319084167,-0.20439353585243225,0.56620854139328,0.8009158968925476,0.21166932582855225,0.6474724411964417,0.8807221055030823,-0.1979983150959015,0.5855714082717896,0.817837655544281,0.2253553569316864,0.6075353026390076,0.8977771997451782,-0.32306984066963196,0.5269018411636353,0.8531842827796936,0.1482079178094864
frame_00061.jpg,0.5130928158760071,0.4416271448135376,-0.41707760095596313,0.5190044641494751,0.4235469698905945,-0.45187264680862427,0.5223928689956665,0.4207882583141327,-0.45220890641212463,0.5255497694015503,0.4181775450706482,-0.4521562159061432,0.5123027563095093,0.4283801019191742,-0.4070037305355072,0.5161124467849731,0.4317658245563507,-0.40725502371788025,0.5185944437980652,0.4249827563762665,-0.4073764383792877,0.5376244187355042,0.40919145941734314,-0.5027844309806824,0.5359463691711426,0.4153391718864441,-0.3204857110977173,0.526940107345581,0.4459792375564575,-0.4336974620819092,0.5235880613327026,0.4482966363430023,-0.37920886278152466,0.6119389533996582,0.44117334485054016,-0.5159004926681519,0.5786250829696655,0.43343618512153625,-0.13116225600242615,0.5700353384017944,0.5589141845703125,-0.5873953104019165,0.5913884043693542,0.5426307320594788,-0.12221600115299225,0.4905847907066345,0.5793731212615967,-0.6084946393966675,0.5488697290420532,0.568038821220398,-0.2545125186443329,0.4684167802333832,0.5958021283149719,-0.6561154127120972,0.537632942199707,0.5684826374053955,-0.2756303548812866,0.4655638635158539,0.5715576410293579,-0.6470561623573303,0.5283058881759644,0.5666742920875549,-0.3073873519897461,0.4730374217033386,0.5682104825973511,-0.6030003428459167,0.5336099863052368,0.5660904049873352,-0.272588312625885,0.6473014950752258,0.593710720539093,-0.11214657127857208,0.6229044795036316,0.5770808458328247,0.11199077218770981,0.6221418976783752,0.7118133306503296,-0.17754098773002625,0.6005817651748657,0.6893271803855896,0.1579221785068512,0.6652977466583252,0.8458808660507202,0.026997428387403488,0.6145495176315308,0.8071175813674927,0.3408106565475464,0.6817014217376709,0.8611359000205994,0.04140164330601692,0.6281672120094299,0.8238028883934021,0.35479500889778137,0.6371344327926636,0.8931125998497009,-0.06036298722028732,0.5754826068878174,0.8526298403739929,0.276029497385025
frame_00062.jpg,0.5177077054977417,0.4409264028072357,-0.38769906759262085,0.5211552381515503,0.42304685711860657,-0.4155484735965729,0.5250378251075745,0.4202364981174469,-0.415851354598999,0.5285590291023254,0.4175516664981842,-0.41582775115966797,0.5160561800003052,0.42760080099105835,-0.3761502206325531,0.5202176570892334,0.4290541410446167,-0.3764204978942871,0.5227056741714478,0.42242518067359924,-0.3765900135040283,0.5395533442497253,0.40866756439208984,-0.4758973717689514,0.5397545695304871,0.40976062417030334,-0.2856546938419342,0.5272959470748901,0.44512414932250977,-0.3972322642803192,0.5279232263565063,0.4480028748512268,-0.34680142998695374,0.6157805919647217,0.4303458034992218,-0.4811374247074127,0.5754036903381348,0.43119382858276367,-0.12503524124622345,0.591055154800415,0.5522720813751221,-0.5776616930961609,0.5772906541824341,0.5485913157463074,-0.148495152592659,0.4984503388404846,0.5783070921897888,-0.5845986604690552,0.5285214185714722,0.572288453578949,-0.31785696744918823,0.4771932065486908,0.5923176407814026,-0.6263962388038635,0.4950864911079407,0.5814043283462524,-0.33301448822021484,0.46952351927757263,0.5684825778007507,-0.6177244782447815,0.5165883302688599,0.5584557056427002,-0.3529477119445801,0.4815545976161957,0.5650326013565063,-0.5789757966995239,0.5203024744987488,0.5585029125213623,-0.3361298143863678,0.6600040197372437,0.5669152140617371,-0.108640655875206,0.6189614534378052,0.5636385679244995,0.10848279297351837,0.626167893409729,0.6856791973114014,-0.3056415319442749,0.5910259485244751,0.6852943897247314,0.03417918458580971,0.6812340021133423,0.8232327103614807,-0.1009446233510971,0.6108224987983704,0.8044224977493286,0.22038474678993225,0.696905255317688,0.8348320722579956,-0.08118146657943726,0.6269768476486206,0.8196923732757568,0.23531965911388397,0.6552881002426147,0.8817615509033203,-0.14723706245422363,0.5802772641181946,0.8522883057594299,0.15785975754261017
frame_00063.jpg,0.5189422965049744,0.4408353567123413,-0.3044005334377289,0.5233141779899597,0.4226856827735901,-0.33016204833984375,0.5273479223251343,0.41971972584724426,-0.3304407596588135,0.5309450626373291,0.41696617007255554,-0.3304010033607483,0.5178799033164978,0.42598411440849304,-0.2920616567134857,0.5224992036819458,0.4256313145160675,-0.2923054099082947,0.5250195860862732,0.4195970594882965,-0.2924320697784424,0.5403097867965698,0.4078470766544342,-0.38307473063468933,0.5412822961807251,0.40710189938545227,-0.2072419673204422,0.5316523909568787,0.4447725713253021,-0.31515032052993774,0.5289133787155151,0.4470682740211487,-0.26627421379089355,0.613958477973938,0.4341164827346802,-0.4199649691581726,0.5847168564796448,0.42967674136161804,-0.05913526937365532,0.5760939717292786,0.5542905926704407,-0.5001691579818726,0.595973789691925,0.5364112854003906,-0.0481242835521698,0.4929989278316498,0.5788080096244812,-0.512813925743103,0.5424453616142273,0.5490801334381104,-0.19359703361988068,0.4701469838619232,0.5956026315689087,-0.5545617938041687,0.5251296162605286,0.547759473323822,-0.2116682529449463,0.46644696593284607,0.5689368844032288,-0.5420191884040833,0.5198438763618469,0.5411205887794495,-0.23998212814331055,0.47533535957336426,0.5650575160980225,-0.5055865049362183,0.5262240767478943,0.5422369837760925,-0.2107917070388794,0.6620179414749146,0.5716432332992554,-0.10865011066198349,0.6310268640518188,0.5646536946296692,0.10849364846944809,0.6353858709335327,0.6866528987884521,-0.24531309306621552,0.617505669593811,0.6839619278907776,0.12613581120967865,0.6706427335739136,0.8265842199325562,-0.09853480756282806,0.641442060470581,0.7998416423797607,0.30751731991767883,0.6851731538772583,0.8436955213546753,-0.0859692245721817,0.6550954580307007,0.8156883120536804,0.32267001271247864,0.64238440990448,0.8799945712089539,-0.18226705491542816,0.6114426255226135,0.843994140625,0.2613094449043274
frame_00064.jpg,0.5411335825920105,0.4248813986778259,-0.30555230379104614,0.5436809659004211,0.40950480103492737,-0.32688337564468384,0.5461305379867554,0.407272607088089,-0.3271680474281311,0.5484974980354309,0.4057502746582031,-0.3271399736404419,0.5409896969795227,0.4102449417114258,-0.2925478518009186,0.5424280762672424,0.40858742594718933,-0.29281458258628845,0.5433719158172607,0.40579620003700256,-0.29295840859413147,0.562183141708374,0.3993540406227112,-0.35499727725982666,0.5565344095230103,0.39862966537475586,-0.1983734518289566,0.5501124858856201,0.4298139214515686,-0.3075035810470581,0.5486001968383789,0.4315815567970276,-0.26408669352531433,0.6163156628608704,0.4332166612148285,-0.38043028116226196,0.5827709436416626,0.4301951825618744,-0.042309947311878204,0.5890740156173706,0.5499597787857056,-0.47199827432632446,0.5846083164215088,0.5332027077674866,-0.00605444610118866,0.5008560419082642,0.5754737854003906,-0.5000925660133362,0.5537323355674744,0.5531569719314575,-0.11425630748271942,0.47884124517440796,0.5906323194503784,-0.5381110906600952,0.5451409220695496,0.5548364520072937,-0.1279023438692093,0.4751971662044525,0.5659979581832886,-0.5273182988166809,0.5409549474716187,0.546832263469696,-0.1555243879556656,0.48186105489730835,0.5624365210533142,-0.49320921301841736,0.5451337695121765,0.5471455454826355,-0.12961207330226898,0.6601244807243347,0.5918858647346497,-0.10328201949596405,0.626043438911438,0.5877760052680969,0.10301476716995239,0.6325395703315735,0.6729022860527039,-0.23837776482105255,0.569500744342804,0.6797239780426025,0.0025152426678687334,0.6620861291885376,0.803047776222229,-0.09895484894514084,0.6152191162109375,0.7779540419578552,0.03844770789146423,0.6758805513381958,0.8219863772392273,-0.08828549832105637,0.6335040330886841,0.7920891046524048,0.040347956120967865,0.6393446326255798,0.8461469411849976,-0.1871163547039032,0.6008157730102539,0.8162391185760498,-0.04686637967824936
frame_00065.jpg,0.5462394952774048,0.4181548058986664,-0.49540311098098755,0.5493598580360413,0.40379276871681213,-0.5163383483886719,0.551993727684021,0.4020620286464691,-0.5166452527046204,0.555025041103363,0.4004577696323395,-0.5166052579879761,0.5455500483512878,0.40410423278808594,-0.4821188449859619,0.545718252658844,0.4026365876197815,-0.4824276566505432,0.5456034541130066,0.4007597863674164,-0.48261839151382446,0.5696080923080444,0.39481449127197266,-0.5178675055503845,0.5573916435241699,0.3941133916378021,-0.36302128434181213,0.5555132627487183,0.42431795597076416,-0.48598504066467285,0.55260169506073,0.4253813922405243,-0.44296199083328247,0.6165663003921509,0.43294084072113037,-0.5053740739822388,0.5840820670127869,0.42692697048187256,-0.15943710505962372,0.5708610415458679,0.552493691444397,-0.5806196331977844,0.5887637138366699,0.5314242243766785,-0.10633265972137451,0.4970284402370453,0.5736873745918274,-0.613693118095398,0.5621052384376526,0.5556949377059937,-0.19500459730625153,0.47512540221214294,0.5882861018180847,-0.660670280456543,0.5548330545425415,0.5623416304588318,-0.23024854063987732,0.47079038619995117,0.5646620392799377,-0.6529890298843384,0.5493826270103455,0.5585097074508667,-0.20608019828796387,0.4790858328342438,0.5611180067062378,-0.6081745028495789,0.553295373916626,0.5557462573051453,-0.2030571699142456,0.6588293313980103,0.5865938663482666,-0.10451468080282211,0.6252810955047607,0.5747140645980835,0.10428017377853394,0.6082683801651001,0.6796379685401917,-0.22240252792835236,0.5548838376998901,0.6606481075286865,0.008103406988084316,0.6612313985824585,0.8087132573127747,-0.06192125007510185,0.584753155708313,0.7693718671798706,0.10999514162540436,0.6704646348953247,0.8267419338226318,-0.051703792065382004,0.6008962392807007,0.784820020198822,0.11658243834972382,0.6390612125396729,0.8518907427787781,-0.16422522068023682,0.5551658868789673,0.8097948431968689,0.028317362070083618
frame_00066.jpg,0.5279184579849243,0.40489110350608826,-0.3134690225124359,0.5335578918457031,0.3879384696483612,-0.31624674797058105,0.5385226607322693,0.38600829243659973,-0.3165328800678253,0.5418127775192261,0.3846677839756012,-0.31651708483695984,0.5250834226608276,0.38874244689941406,-0.29427656531333923,0.5235781669616699,0.38781991600990295,-0.29453423619270325,0.5218496322631836,0.3867816925048828,-0.2946386933326721,0.5537641048431396,0.38193660974502563,-0.2680478096008301,0.5264765024185181,0.38639625906944275,-0.1672123372554779,0.5378703474998474,0.4152039885520935,-0.28804123401641846,0.5315674543380737,0.41669633984565735,-0.2611667513847351,0.5863727927207947,0.42706069350242615,-0.27305829524993896,0.5359297394752502,0.43710359930992126,-0.0020568487234413624,0.5875831842422485,0.5054143667221069,-0.37427663803100586,0.5448564291000366,0.5294130444526672,0.021663131192326546,0.5340554714202881,0.5221593976020813,-0.47501707077026367,0.5114496946334839,0.5560305714607239,-0.11671344190835953,0.5170367360115051,0.5311062932014465,-0.5166152119636536,0.5011257529258728,0.565304696559906,-0.13781479001045227,0.5114116668701172,0.5119664072990417,-0.5098199844360352,0.49392223358154297,0.5646430850028992,-0.16692396998405457,0.5180420875549316,0.5113523602485657,-0.47184592485427856,0.5010704398155212,0.5608204007148743,-0.13422706723213196,0.6224433779716492,0.6130696535110474,-0.09338153898715973,0.5863510966300964,0.6125497817993164,0.09309688955545425,0.6000615954399109,0.7181695699691772,-0.16350208222866058,0.5245033502578735,0.6950432062149048,0.00963447242975235,0.6234416961669922,0.8166057467460632,-0.020485442131757736,0.574539303779602,0.777560830116272,0.14053677022457123,0.6320363283157349,0.8295284509658813,-0.01026809774339199,0.5939421057701111,0.7896965146064758,0.15334583818912506,0.6061054468154907,0.8536695837974548,-0.10197247564792633,0.5520386099815369,0.8189995884895325,0.0986170768737793
frame_00067.jpg,0.0,0.0,0.0,0.0,0.0,0.0,0.0,0.0,0.0,0.0,0.0,0.0,0.0,0.0,0.0,0.0,0.0,0.0,0.0,0.0,0.0,0.0,0.0,0.0,0.0,0.0,0.0,0.0,0.0,0.0,0.0,0.0,0.0,0.0,0.0,0.0,0.0,0.0,0.0,0.0,0.0,0.0,0.0,0.0,0.0,0.0,0.0,0.0,0.0,0.0,0.0,0.0,0.0,0.0,0.0,0.0,0.0,0.0,0.0,0.0,0.0,0.0,0.0,0.0,0.0,0.0,0.0,0.0,0.0,0.0,0.0,0.0,0.0,0.0,0.0,0.0,0.0,0.0,0.0,0.0,0.0,0.0,0.0,0.0,0.0,0.0,0.0,0.0,0.0,0.0,0.0,0.0,0.0,0.0,0.0,0.0,0.0,0.0,0.0
frame_00068.jpg,0.0,0.0,0.0,0.0,0.0,0.0,0.0,0.0,0.0,0.0,0.0,0.0,0.0,0.0,0.0,0.0,0.0,0.0,0.0,0.0,0.0,0.0,0.0,0.0,0.0,0.0,0.0,0.0,0.0,0.0,0.0,0.0,0.0,0.0,0.0,0.0,0.0,0.0,0.0,0.0,0.0,0.0,0.0,0.0,0.0,0.0,0.0,0.0,0.0,0.0,0.0,0.0,0.0,0.0,0.0,0.0,0.0,0.0,0.0,0.0,0.0,0.0,0.0,0.0,0.0,0.0,0.0,0.0,0.0,0.0,0.0,0.0,0.0,0.0,0.0,0.0,0.0,0.0,0.0,0.0,0.0,0.0,0.0,0.0,0.0,0.0,0.0,0.0,0.0,0.0,0.0,0.0,0.0,0.0,0.0,0.0,0.0,0.0,0.0
frame_00069.jpg,0.0,0.0,0.0,0.0,0.0,0.0,0.0,0.0,0.0,0.0,0.0,0.0,0.0,0.0,0.0,0.0,0.0,0.0,0.0,0.0,0.0,0.0,0.0,0.0,0.0,0.0,0.0,0.0,0.0,0.0,0.0,0.0,0.0,0.0,0.0,0.0,0.0,0.0,0.0,0.0,0.0,0.0,0.0,0.0,0.0,0.0,0.0,0.0,0.0,0.0,0.0,0.0,0.0,0.0,0.0,0.0,0.0,0.0,0.0,0.0,0.0,0.0,0.0,0.0,0.0,0.0,0.0,0.0,0.0,0.0,0.0,0.0,0.0,0.0,0.0,0.0,0.0,0.0,0.0,0.0,0.0,0.0,0.0,0.0,0.0,0.0,0.0,0.0,0.0,0.0,0.0,0.0,0.0,0.0,0.0,0.0,0.0,0.0,0.0
frame_00070.jpg,0.0,0.0,0.0,0.0,0.0,0.0,0.0,0.0,0.0,0.0,0.0,0.0,0.0,0.0,0.0,0.0,0.0,0.0,0.0,0.0,0.0,0.0,0.0,0.0,0.0,0.0,0.0,0.0,0.0,0.0,0.0,0.0,0.0,0.0,0.0,0.0,0.0,0.0,0.0,0.0,0.0,0.0,0.0,0.0,0.0,0.0,0.0,0.0,0.0,0.0,0.0,0.0,0.0,0.0,0.0,0.0,0.0,0.0,0.0,0.0,0.0,0.0,0.0,0.0,0.0,0.0,0.0,0.0,0.0,0.0,0.0,0.0,0.0,0.0,0.0,0.0,0.0,0.0,0.0,0.0,0.0,0.0,0.0,0.0,0.0,0.0,0.0,0.0,0.0,0.0,0.0,0.0,0.0,0.0,0.0,0.0,0.0,0.0,0.0
frame_00071.jpg,0.4693547785282135,0.37126588821411133,-0.34326067566871643,0.47438937425613403,0.35827958583831787,-0.36667943000793457,0.47760432958602905,0.3602021336555481,-0.3668701946735382,0.48026666045188904,0.35976868867874146,-0.36684873700141907,0.4732056260108948,0.35720890760421753,-0.3376002013683319,0.47439828515052795,0.35608065128326416,-0.3378712236881256,0.47432953119277954,0.35781723260879517,-0.33806461095809937,0.5020537376403809,0.35322630405426025,-0.3988705575466156,0.49476948380470276,0.34901782870292664,-0.2664923369884491,0.47656816244125366,0.3752915561199188,-0.3457159698009491,0.47582000494003296,0.374796599149704,-0.3087656497955322,0.5326535105705261,0.4017655551433563,-0.37696003913879395,0.5323050022125244,0.3706514239311218,-0.15602552890777588,0.4975537359714508,0.48838376998901367,-0.4243446886539459,0.5409144759178162,0.4436579942703247,-0.08090288937091827,0.4318210482597351,0.5069858431816101,-0.43400296568870544,0.5424373745918274,0.467757910490036,-0.09101156890392303,0.4158722758293152,0.5157659649848938,-0.4674190878868103,0.546772301197052,0.47099238634109497,-0.10014335811138153,0.4132966995239258,0.49820688366889954,-0.4602610468864441,0.5409114360809326,0.46507728099823,-0.11669198423624039,0.4211973547935486,0.4941895306110382,-0.4297012388706207,0.5384950041770935,0.4653896689414978,-0.09853300452232361,0.5550635457038879,0.5216485261917114,-0.06708408892154694,0.5510733127593994,0.503135085105896,0.06695040315389633,0.5132192969322205,0.5856695175170898,-0.06442531943321228,0.5168317556381226,0.597655177116394,0.12807677686214447,0.540267288684845,0.5941330194473267,0.16204917430877686,0.5302889943122864,0.6101006865501404,0.32782071828842163,0.5535458326339722,0.5944986939430237,0.18597577512264252,0.5385293364524841,0.6121381521224976,0.35136398673057556,0.5180762410163879,0.6098735928535461,0.19424434006214142,0.5086501240730286,0.6249420642852783,0.3720090091228485
frame_00072.jpg,0.0,0.0,0.0,0.0,0.0,0.0,0.0,0.0,0.0,0.0,0.0,0.0,0.0,0.0,0.0,0.0,0.0,0.0,0.0,0.0,0.0,0.0,0.0,0.0,0.0,0.0,0.0,0.0,0.0,0.0,0.0,0.0,0.0,0.0,0.0,0.0,0.0,0.0,0.0,0.0,0.0,0.0,0.0,0.0,0.0,0.0,0.0,0.0,0.0,0.0,0.0,0.0,0.0,0.0,0.0,0.0,0.0,0.0,0.0,0.0,0.0,0.0,0.0,0.0,0.0,0.0,0.0,0.0,0.0,0.0,0.0,0.0,0.0,0.0,0.0,0.0,0.0,0.0,0.0,0.0,0.0,0.0,0.0,0.0,0.0,0.0,0.0,0.0,0.0,0.0,0.0,0.0,0.0,0.0,0.0,0.0,0.0,0.0,0.0
frame_00073.jpg,0.0,0.0,0.0,0.0,0.0,0.0,0.0,0.0,0.0,0.0,0.0,0.0,0.0,0.0,0.0,0.0,0.0,0.0,0.0,0.0,0.0,0.0,0.0,0.0,0.0,0.0,0.0,0.0,0.0,0.0,0.0,0.0,0.0,0.0,0.0,0.0,0.0,0.0,0.0,0.0,0.0,0.0,0.0,0.0,0.0,0.0,0.0,0.0,0.0,0.0,0.0,0.0,0.0,0.0,0.0,0.0,0.0,0.0,0.0,0.0,0.0,0.0,0.0,0.0,0.0,0.0,0.0,0.0,0.0,0.0,0.0,0.0,0.0,0.0,0.0,0.0,0.0,0.0,0.0,0.0,0.0,0.0,0.0,0.0,0.0,0.0,0.0,0.0,0.0,0.0,0.0,0.0,0.0,0.0,0.0,0.0,0.0,0.0,0.0
frame_00074.jpg,0.0,0.0,0.0,0.0,0.0,0.0,0.0,0.0,0.0,0.0,0.0,0.0,0.0,0.0,0.0,0.0,0.0,0.0,0.0,0.0,0.0,0.0,0.0,0.0,0.0,0.0,0.0,0.0,0.0,0.0,0.0,0.0,0.0,0.0,0.0,0.0,0.0,0.0,0.0,0.0,0.0,0.0,0.0,0.0,0.0,0.0,0.0,0.0,0.0,0.0,0.0,0.0,0.0,0.0,0.0,0.0,0.0,0.0,0.0,0.0,0.0,0.0,0.0,0.0,0.0,0.0,0.0,0.0,0.0,0.0,0.0,0.0,0.0,0.0,0.0,0.0,0.0,0.0,0.0,0.0,0.0,0.0,0.0,0.0,0.0,0.0,0.0,0.0,0.0,0.0,0.0,0.0,0.0,0.0,0.0,0.0,0.0,0.0,0.0
frame_00075.jpg,0.0,0.0,0.0,0.0,0.0,0.0,0.0,0.0,0.0,0.0,0.0,0.0,0.0,0.0,0.0,0.0,0.0,0.0,0.0,0.0,0.0,0.0,0.0,0.0,0.0,0.0,0.0,0.0,0.0,0.0,0.0,0.0,0.0,0.0,0.0,0.0,0.0,0.0,0.0,0.0,0.0,0.0,0.0,0.0,0.0,0.0,0.0,0.0,0.0,0.0,0.0,0.0,0.0,0.0,0.0,0.0,0.0,0.0,0.0,0.0,0.0,0.0,0.0,0.0,0.0,0.0,0.0,0.0,0.0,0.0,0.0,0.0,0.0,0.0,0.0,0.0,0.0,0.0,0.0,0.0,0.0,0.0,0.0,0.0,0.0,0.0,0.0,0.0,0.0,0.0,0.0,0.0,0.0,0.0,0.0,0.0,0.0,0.0,0.0
frame_00076.jpg,0.0,0.0,0.0,0.0,0.0,0.0,0.0,0.0,0.0,0.0,0.0,0.0,0.0,0.0,0.0,0.0,0.0,0.0,0.0,0.0,0.0,0.0,0.0,0.0,0.0,0.0,0.0,0.0,0.0,0.0,0.0,0.0,0.0,0.0,0.0,0.0,0.0,0.0,0.0,0.0,0.0,0.0,0.0,0.0,0.0,0.0,0.0,0.0,0.0,0.0,0.0,0.0,0.0,0.0,0.0,0.0,0.0,0.0,0.0,0.0,0.0,0.0,0.0,0.0,0.0,0.0,0.0,0.0,0.0,0.0,0.0,0.0,0.0,0.0,0.0,0.0,0.0,0.0,0.0,0.0,0.0,0.0,0.0,0.0,0.0,0.0,0.0,0.0,0.0,0.0,0.0,0.0,0.0,0.0,0.0,0.0,0.0,0.0,0.0
frame_00077.jpg,0.0,0.0,0.0,0.0,0.0,0.0,0.0,0.0,0.0,0.0,0.0,0.0,0.0,0.0,0.0,0.0,0.0,0.0,0.0,0.0,0.0,0.0,0.0,0.0,0.0,0.0,0.0,0.0,0.0,0.0,0.0,0.0,0.0,0.0,0.0,0.0,0.0,0.0,0.0,0.0,0.0,0.0,0.0,0.0,0.0,0.0,0.0,0.0,0.0,0.0,0.0,0.0,0.0,0.0,0.0,0.0,0.0,0.0,0.0,0.0,0.0,0.0,0.0,0.0,0.0,0.0,0.0,0.0,0.0,0.0,0.0,0.0,0.0,0.0,0.0,0.0,0.0,0.0,0.0,0.0,0.0,0.0,0.0,0.0,0.0,0.0,0.0,0.0,0.0,0.0,0.0,0.0,0.0,0.0,0.0,0.0,0.0,0.0,0.0
frame_00078.jpg,0.45523691177368164,0.31852808594703674,-0.07134686410427094,0.4586608409881592,0.3062126934528351,-0.09581349790096283,0.45905789732933044,0.30593863129615784,-0.09595150500535965,0.4595133364200592,0.30597543716430664,-0.09593071788549423,0.4606967568397522,0.3059777021408081,-0.07045599073171616,0.4624995291233063,0.30577999353408813,-0.07068876177072525,0.4642360806465149,0.3055034577846527,-0.0707818791270256,0.4707860052585602,0.3094962239265442,-0.16088172793388367,0.4793832302093506,0.30700597167015076,-0.04565281793475151,0.4609702229499817,0.3276081085205078,-0.08648771047592163,0.4624907970428467,0.3279140591621399,-0.054760586470365524,0.4647493362426758,0.3784142732620239,-0.2076456993818283,0.5352702140808105,0.3595823049545288,0.05411616712808609,0.4405421316623688,0.47580578923225403,-0.2501722276210785,0.5576704144477844,0.43574756383895874,0.17851296067237854,0.3770783841609955,0.5086462497711182,-0.1962553709745407,0.5568103790283203,0.4968842566013336,0.25697749853134155,0.3621087968349457,0.5229276418685913,-0.21640391647815704,0.5604333877563477,0.5116742253303528,0.27099600434303284,0.35259920358657837,0.5057783126831055,-0.20041730999946594,0.5530968904495239,0.5139684677124023,0.25136426091194153,0.35940080881118774,0.5044983625411987,-0.18642811477184296,0.5504599213600159,0.5098486542701721,0.25034406781196594,0.49991512298583984,0.5391808748245239,-0.07774239778518677,0.5327308177947998,0.5235775709152222,0.07763892412185669,0.4976503849029541,0.6641097664833069,-0.003958842251449823,0.5257327556610107,0.6487149000167847,0.16570396721363068,0.5107277035713196,0.7853448390960693,0.07376696169376373,0.5275390148162842,0.7707196474075317,0.2696341872215271,0.5215731263160706,0.8045570850372314,0.07808326184749603,0.5346782207489014,0.7919889092445374,0.27855026721954346,0.483602911233902,0.820968508720398,0.019887937232851982,0.4997175335884094,0.8030007481575012,0.24392752349376678
frame_00079.jpg,0.4603355824947357,0.35758113861083984,-0.5191360116004944,0.46198350191116333,0.33987921476364136,-0.5406377911567688,0.46345239877700806,0.3368910253047943,-0.540978729724884,0.46507924795150757,0.3343375027179718,-0.5409702658653259,0.460878849029541,0.34553104639053345,-0.5170751214027405,0.46237191557884216,0.34696879982948303,-0.5173711776733398,0.4632440507411957,0.34830722212791443,-0.5175986289978027,0.47894158959388733,0.32432273030281067,-0.5346803069114685,0.4756431579589844,0.3416983485221863,-0.42446574568748474,0.4710850119590759,0.35804980993270874,-0.5048071146011353,0.4688287675380707,0.36554422974586487,-0.47457265853881836,0.527549147605896,0.3783824145793915,-0.4795033037662506,0.4934232831001282,0.3733963370323181,-0.2511872947216034,0.4770394265651703,0.4740370213985443,-0.47804856300354004,0.4998242259025574,0.4487859606742859,-0.17992940545082092,0.4419296383857727,0.508227527141571,-0.4811866283416748,0.4848973751068115,0.49390318989753723,-0.24775230884552002,0.4296145439147949,0.5174607634544373,-0.5185437202453613,0.4820462763309479,0.5045769214630127,-0.2704019546508789,0.4279068112373352,0.5019184350967407,-0.5257257223129272,0.47604671120643616,0.502430260181427,-0.30211296677589417,0.43270617723464966,0.4984571039676666,-0.4819069802761078,0.4791753888130188,0.4978070855140686,-0.26375171542167664,0.5336386561393738,0.5321101546287537,-0.07252950966358185,0.5141240358352661,0.522591769695282,0.07247239351272583,0.5195208787918091,0.6666739583015442,-0.0002836958155967295,0.5082306265830994,0.647851288318634,0.19742336869239807,0.5320242643356323,0.785224974155426,0.1851312667131424,0.5150003433227539,0.7654317021369934,0.40324416756629944,0.5415488481521606,0.8066918849945068,0.19653859734535217,0.526809573173523,0.7873002290725708,0.4192406237125397,0.5240359902381897,0.8209384083747864,0.09042362868785858,0.4795262813568115,0.7983828783035278,0.33881327509880066
frame_00080.jpg,0.4581354558467865,0.38534384965896606,-0.3762964904308319,0.46102720499038696,0.368776798248291,-0.3986130356788635,0.46334022283554077,0.3668002188205719,-0.39886799454689026,0.46450814604759216,0.3652382791042328,-0.3988009989261627,0.45750975608825684,0.3712443709373474,-0.37136176228523254,0.4576415419578552,0.3714156448841095,-0.37163522839546204,0.457437127828598,0.37147894501686096,-0.3718225955963135,0.4782392084598541,0.35506758093833923,-0.4110177159309387,0.4701022505760193,0.36235788464546204,-0.28658777475357056,0.4696621000766754,0.3865179121494293,-0.36838454008102417,0.4660789370536804,0.3902035653591156,-0.33431750535964966,0.5026415586471558,0.3952406644821167,-0.378465473651886,0.5065933465957642,0.3831067681312561,-0.12369320541620255,0.46447116136550903,0.47400885820388794,-0.3947608470916748,0.5214115977287292,0.4468116760253906,0.04424019157886505,0.41343408823013306,0.4983481764793396,-0.35213014483451843,0.5163277387619019,0.48415952920913696,0.212873175740242,0.3796383738517761,0.5034282803535461,-0.37617167830467224,0.5154643654823303,0.49160289764404297,0.23081210255622864,0.3866279721260071,0.4900967478752136,-0.3667618930339813,0.507046103477478,0.49120646715164185,0.20467957854270935,0.3976244032382965,0.489240825176239,-0.3445209860801697,0.5080298185348511,0.48857423663139343,0.20553965866565704,0.5237625241279602,0.5521554350852966,-0.07169236242771149,0.5122038125991821,0.5428969264030457,0.07167287915945053,0.5074941515922546,0.6844220757484436,0.06647290289402008,0.5105879902839661,0.6646447777748108,0.21415618062019348,0.5261637568473816,0.7835716009140015,0.2794657051563263,0.5127733945846558,0.7741473913192749,0.4356474280357361,0.5362404584884644,0.8048064708709717,0.2970992922782898,0.5209214687347412,0.7938078045845032,0.4554694592952728,0.5092897415161133,0.8215862512588501,0.23593564331531525,0.48429107666015625,0.8078892827033997,0.406141459941864
frame_00081.jpg,0.4579044282436371,0.3861478865146637,-0.47617894411087036,0.46099868416786194,0.36911168694496155,-0.4951081871986389,0.46302956342697144,0.366484135389328,-0.495441198348999,0.46467655897140503,0.364310085773468,-0.4954010844230652,0.4554477632045746,0.37331968545913696,-0.46722060441970825,0.4545392394065857,0.3740423619747162,-0.46749696135520935,0.453409343957901,0.3746371269226074,-0.46769270300865173,0.4797288477420807,0.35338762402534485,-0.4841682016849518,0.4641554355621338,0.36576423048973083,-0.35520750284194946,0.46891647577285767,0.38732773065567017,-0.4601820409297943,0.4654420018196106,0.39301934838294983,-0.42487454414367676,0.5173909068107605,0.3970998227596283,-0.447636216878891,0.4853484630584717,0.38925424218177795,-0.16799363493919373,0.46123337745666504,0.47124558687210083,-0.4759643077850342,0.49736109375953674,0.44891420006752014,-0.00747732212767005,0.4032718241214752,0.49969130754470825,-0.47106242179870605,0.47123080492019653,0.47665223479270935,0.03512822091579437,0.37991946935653687,0.506862461566925,-0.5087627172470093,0.46469631791114807,0.48205211758613586,0.0332610160112381,0.3833168148994446,0.48669368028640747,-0.5051494836807251,0.45693644881248474,0.4811655580997467,0.00043561140773817897,0.3886342942714691,0.48594191670417786,-0.46710580587387085,0.4611364006996155,0.4793730080127716,0.021357368677854538,0.5210589170455933,0.56280916929245,-0.071843221783638,0.49308156967163086,0.5550476908683777,0.0718676820397377,0.5116252899169922,0.6961303353309631,-0.015171448700129986,0.4882325232028961,0.6763893961906433,0.19812464714050293,0.5374828577041626,0.7920304536819458,0.20800593495368958,0.5026193857192993,0.7750568985939026,0.4188552498817444,0.5431770086288452,0.8162050247192383,0.22621126472949982,0.5133313536643982,0.7938438057899475,0.4384605884552002,0.543341338634491,0.8328365683555603,0.14983728528022766,0.4801274240016937,0.8090559244155884,0.373986154794693
frame_00082.jpg,0.4534092843532562,0.3766222596168518,-0.5223522186279297,0.4563746452331543,0.3593742549419403,-0.5385355353355408,0.4592284560203552,0.3567897379398346,-0.538867175579071,0.4619791507720947,0.3546728193759918,-0.5388244390487671,0.44955092668533325,0.3632608652114868,-0.5172284841537476,0.44835391640663147,0.3638207018375397,-0.5175672769546509,0.4470600187778473,0.3642604947090149,-0.5178127288818359,0.47917717695236206,0.3438017964363098,-0.511740505695343,0.4561856687068939,0.3546447455883026,-0.4128643870353699,0.4666866660118103,0.3778221309185028,-0.5007612109184265,0.46076250076293945,0.3832215666770935,-0.4739004969596863,0.530859649181366,0.38346973061561584,-0.4345248341560364,0.45881128311157227,0.38355275988578796,-0.2464897334575653,0.5022992491722107,0.4709528088569641,-0.438499391078949,0.43584495782852173,0.45102253556251526,-0.17256401479244232,0.4591316282749176,0.48627716302871704,-0.462083101272583,0.3719160258769989,0.4742618203163147,-0.24254360795021057,0.44786256551742554,0.49043112993240356,-0.49027329683303833,0.3547864258289337,0.47483256459236145,-0.2622777223587036,0.44904011487960815,0.4735296070575714,-0.502752959728241,0.3564686179161072,0.47398096323013306,-0.29498130083084106,0.45198291540145874,0.4712243974208832,-0.4651159346103668,0.3662331998348236,0.4738319218158722,-0.25903794169425964,0.5241459608078003,0.5486292243003845,-0.05583979934453964,0.47932738065719604,0.5486845374107361,0.05581584572792053,0.519263744354248,0.6728495359420776,-0.07616592943668365,0.45572566986083984,0.6456772089004517,-0.02859300933778286,0.5436897873878479,0.7709462642669678,0.16706638038158417,0.483610063791275,0.7366350889205933,0.1967298984527588,0.5496063232421875,0.7848150134086609,0.18148432672023773,0.4973689615726471,0.7486468553543091,0.21715864539146423,0.5357881188392639,0.8203427195549011,0.12233581393957138,0.4616662561893463,0.7813975214958191,0.13703806698322296
frame_00083.jpg,0.0,0.0,0.0,0.0,0.0,0.0,0.0,0.0,0.0,0.0,0.0,0.0,0.0,0.0,0.0,0.0,0.0,0.0,0.0,0.0,0.0,0.0,0.0,0.0,0.0,0.0,0.0,0.0,0.0,0.0,0.0,0.0,0.0,0.0,0.0,0.0,0.0,0.0,0.0,0.0,0.0,0.0,0.0,0.0,0.0,0.0,0.0,0.0,0.0,0.0,0.0,0.0,0.0,0.0,0.0,0.0,0.0,0.0,0.0,0.0,0.0,0.0,0.0,0.0,0.0,0.0,0.0,0.0,0.0,0.0,0.0,0.0,0.0,0.0,0.0,0.0,0.0,0.0,0.0,0.0,0.0,0.0,0.0,0.0,0.0,0.0,0.0,0.0,0.0,0.0,0.0,0.0,0.0,0.0,0.0,0.0,0.0,0.0,0.0
frame_00084.jpg,0.0,0.0,0.0,0.0,0.0,0.0,0.0,0.0,0.0,0.0,0.0,0.0,0.0,0.0,0.0,0.0,0.0,0.0,0.0,0.0,0.0,0.0,0.0,0.0,0.0,0.0,0.0,0.0,0.0,0.0,0.0,0.0,0.0,0.0,0.0,0.0,0.0,0.0,0.0,0.0,0.0,0.0,0.0,0.0,0.0,0.0,0.0,0.0,0.0,0.0,0.0,0.0,0.0,0.0,0.0,0.0,0.0,0.0,0.0,0.0,0.0,0.0,0.0,0.0,0.0,0.0,0.0,0.0,0.0,0.0,0.0,0.0,0.0,0.0,0.0,0.0,0.0,0.0,0.0,0.0,0.0,0.0,0.0,0.0,0.0,0.0,0.0,0.0,0.0,0.0,0.0,0.0,0.0,0.0,0.0,0.0,0.0,0.0,0.0
frame_00085.jpg,0.0,0.0,0.0,0.0,0.0,0.0,0.0,0.0,0.0,0.0,0.0,0.0,0.0,0.0,0.0,0.0,0.0,0.0,0.0,0.0,0.0,0.0,0.0,0.0,0.0,0.0,0.0,0.0,0.0,0.0,0.0,0.0,0.0,0.0,0.0,0.0,0.0,0.0,0.0,0.0,0.0,0.0,0.0,0.0,0.0,0.0,0.0,0.0,0.0,0.0,0.0,0.0,0.0,0.0,0.0,0.0,0.0,0.0,0.0,0.0,0.0,0.0,0.0,0.0,0.0,0.0,0.0,0.0,0.0,0.0,0.0,0.0,0.0,0.0,0.0,0.0,0.0,0.0,0.0,0.0,0.0,0.0,0.0,0.0,0.0,0.0,0.0,0.0,0.0,0.0,0.0,0.0,0.0,0.0,0.0,0.0,0.0,0.0,0.0
frame_00086.jpg,0.0,0.0,0.0,0.0,0.0,0.0,0.0,0.0,0.0,0.0,0.0,0.0,0.0,0.0,0.0,0.0,0.0,0.0,0.0,0.0,0.0,0.0,0.0,0.0,0.0,0.0,0.0,0.0,0.0,0.0,0.0,0.0,0.0,0.0,0.0,0.0,0.0,0.0,0.0,0.0,0.0,0.0,0.0,0.0,0.0,0.0,0.0,0.0,0.0,0.0,0.0,0.0,0.0,0.0,0.0,0.0,0.0,0.0,0.0,0.0,0.0,0.0,0.0,0.0,0.0,0.0,0.0,0.0,0.0,0.0,0.0,0.0,0.0,0.0,0.0,0.0,0.0,0.0,0.0,0.0,0.0,0.0,0.0,0.0,0.0,0.0,0.0,0.0,0.0,0.0,0.0,0.0,0.0,0.0,0.0,0.0,0.0,0.0,0.0
frame_00087.jpg,0.4531082212924957,0.27757149934768677,0.13905268907546997,0.45450490713119507,0.2688281834125519,0.12134526669979095,0.4533746838569641,0.26864364743232727,0.12121506035327911,0.4522736966609955,0.2688729166984558,0.12124123424291611,0.4584071636199951,0.269685834646225,0.1346350759267807,0.46027907729148865,0.270365834236145,0.13447219133377075,0.46210360527038574,0.2708262503147125,0.13445046544075012,0.4536272883415222,0.2772481143474579,0.05117122083902359,0.4676758646965027,0.2788251042366028,0.11243784427642822,0.45113974809646606,0.2881234586238861,0.11980446428060532,0.45511627197265625,0.28917190432548523,0.13580001890659332,0.4258926510810852,0.3371017873287201,-0.030334467068314552,0.4956011176109314,0.32843902707099915,0.13408216834068298,0.39965489506721497,0.41688451170921326,-0.09101594984531403,0.5045913457870483,0.3723194897174835,0.20495298504829407,0.3753809630870819,0.44901713728904724,-0.07298369705677032,0.4935692846775055,0.38046589493751526,0.28964346647262573,0.3671284317970276,0.4618002772331238,-0.08525693416595459,0.497964084148407,0.3859417736530304,0.30110085010528564,0.3681941032409668,0.45307666063308716,-0.07779936492443085,0.49130988121032715,0.3833318054676056,0.2938595116138458,0.37415698170661926,0.448567658662796,-0.06762094795703888,0.4864965081214905,0.3818405866622925,0.28715696930885315,0.4309106469154358,0.4828272759914398,-0.043998558074235916,0.4672822058200836,0.48409172892570496,0.043866805732250214,0.4191938042640686,0.6291803121566772,-0.031590674072504044,0.47285380959510803,0.6184475421905518,0.01875477284193039,0.432303249835968,0.7612067461013794,-0.054255641996860504,0.4647720456123352,0.7457641363143921,-0.0014234533300623298,0.4414483904838562,0.7859536409378052,-0.060191284865140915,0.46342286467552185,0.7698688507080078,-0.004840712994337082,0.4057989716529846,0.7750152349472046,-0.11838893592357635,0.45693454146385193,0.7587115168571472,-0.04989383742213249
frame_00088.jpg,0.0,0.0,0.0,0.0,0.0,0.0,0.0,0.0,0.0,0.0,0.0,0.0,0.0,0.0,0.0,0.0,0.0,0.0,0.0,0.0,0.0,0.0,0.0,0.0,0.0,0.0,0.0,0.0,0.0,0.0,0.0,0.0,0.0,0.0,0.0,0.0,0.0,0.0,0.0,0.0,0.0,0.0,0.0,0.0,0.0,0.0,0.0,0.0,0.0,0.0,0.0,0.0,0.0,0.0,0.0,0.0,0.0,0.0,0.0,0.0,0.0,0.0,0.0,0.0,0.0,0.0,0.0,0.0,0.0,0.0,0.0,0.0,0.0,0.0,0.0,0.0,0.0,0.0,0.0,0.0,0.0,0.0,0.0,0.0,0.0,0.0,0.0,0.0,0.0,0.0,0.0,0.0,0.0,0.0,0.0,0.0,0.0,0.0,0.0
frame_00089.jpg,0.0,0.0,0.0,0.0,0.0,0.0,0.0,0.0,0.0,0.0,0.0,0.0,0.0,0.0,0.0,0.0,0.0,0.0,0.0,0.0,0.0,0.0,0.0,0.0,0.0,0.0,0.0,0.0,0.0,0.0,0.0,0.0,0.0,0.0,0.0,0.0,0.0,0.0,0.0,0.0,0.0,0.0,0.0,0.0,0.0,0.0,0.0,0.0,0.0,0.0,0.0,0.0,0.0,0.0,0.0,0.0,0.0,0.0,0.0,0.0,0.0,0.0,0.0,0.0,0.0,0.0,0.0,0.0,0.0,0.0,0.0,0.0,0.0,0.0,0.0,0.0,0.0,0.0,0.0,0.0,0.0,0.0,0.0,0.0,0.0,0.0,0.0,0.0,0.0,0.0,0.0,0.0,0.0,0.0,0.0,0.0,0.0,0.0,0.0
frame_00090.jpg,0.0,0.0,0.0,0.0,0.0,0.0,0.0,0.0,0.0,0.0,0.0,0.0,0.0,0.0,0.0,0.0,0.0,0.0,0.0,0.0,0.0,0.0,0.0,0.0,0.0,0.0,0.0,0.0,0.0,0.0,0.0,0.0,0.0,0.0,0.0,0.0,0.0,0.0,0.0,0.0,0.0,0.0,0.0,0.0,0.0,0.0,0.0,0.0,0.0,0.0,0.0,0.0,0.0,0.0,0.0,0.0,0.0,0.0,0.0,0.0,0.0,0.0,0.0,0.0,0.0,0.0,0.0,0.0,0.0,0.0,0.0,0.0,0.0,0.0,0.0,0.0,0.0,0.0,0.0,0.0,0.0,0.0,0.0,0.0,0.0,0.0,0.0,0.0,0.0,0.0,0.0,0.0,0.0,0.0,0.0,0.0,0.0,0.0,0.0
frame_00091.jpg,0.0,0.0,0.0,0.0,0.0,0.0,0.0,0.0,0.0,0.0,0.0,0.0,0.0,0.0,0.0,0.0,0.0,0.0,0.0,0.0,0.0,0.0,0.0,0.0,0.0,0.0,0.0,0.0,0.0,0.0,0.0,0.0,0.0,0.0,0.0,0.0,0.0,0.0,0.0,0.0,0.0,0.0,0.0,0.0,0.0,0.0,0.0,0.0,0.0,0.0,0.0,0.0,0.0,0.0,0.0,0.0,0.0,0.0,0.0,0.0,0.0,0.0,0.0,0.0,0.0,0.0,0.0,0.0,0.0,0.0,0.0,0.0,0.0,0.0,0.0,0.0,0.0,0.0,0.0,0.0,0.0,0.0,0.0,0.0,0.0,0.0,0.0,0.0,0.0,0.0,0.0,0.0,0.0,0.0,0.0,0.0,0.0,0.0,0.0
frame_00092.jpg,0.3989851176738739,0.3136400282382965,-0.3093767464160919,0.4012163579463959,0.2964850068092346,-0.3310658633708954,0.40315523743629456,0.2941198945045471,-0.33139458298683167,0.4052163064479828,0.29220616817474365,-0.3313833773136139,0.3985294699668884,0.2996646761894226,-0.30312955379486084,0.3987634479999542,0.2999880611896515,-0.3034239709377289,0.3988780379295349,0.3001646101474762,-0.30363255739212036,0.4205726683139801,0.28233402967453003,-0.3548760414123535,0.41074609756469727,0.292160302400589,-0.22620347142219543,0.4093167185783386,0.31688815355300903,-0.30849966406822205,0.4074192941188812,0.32130977511405945,-0.27312400937080383,0.4678061008453369,0.326102614402771,-0.3624405264854431,0.4210267663002014,0.325958788394928,-0.09268158674240112,0.4156110882759094,0.41009679436683655,-0.4058302342891693,0.42228156328201294,0.39693599939346313,-0.045150142163038254,0.34995776414871216,0.4319823086261749,-0.4094530940055847,0.41466814279556274,0.4060671627521515,-0.12258374691009521,0.33490753173828125,0.4435630440711975,-0.4454004168510437,0.4141523241996765,0.4097384810447693,-0.13978415727615356,0.33252251148223877,0.4289590120315552,-0.4407599866390228,0.4095381796360016,0.40069493651390076,-0.16444797813892365,0.338354229927063,0.4237303137779236,-0.4052944779396057,0.41072121262550354,0.3982188403606415,-0.13612402975559235,0.4706224501132965,0.503251850605011,-0.07160978019237518,0.4338712692260742,0.4944133758544922,0.07152591645717621,0.44802170991897583,0.6407799124717712,-0.04952818155288696,0.3955857753753662,0.6338694095611572,0.08796051889657974,0.4739372134208679,0.7290866374969482,0.1799371838569641,0.39916789531707764,0.7101121544837952,0.27242550253868103,0.47286200523376465,0.7388912439346313,0.19860203564167023,0.4099220335483551,0.723408579826355,0.2892189025878906,0.47583237290382385,0.7590259909629822,0.13618695735931396,0.3701896369457245,0.7422841191291809,0.2357141524553299
frame_00093.jpg,0.4281616806983948,0.34129247069358826,-0.4852767586708069,0.43266385793685913,0.3262958228588104,-0.5079478025436401,0.43483805656433105,0.32482603192329407,-0.5083401203155518,0.4371069073677063,0.3238707482814789,-0.50830078125,0.4279678761959076,0.32708755135536194,-0.4883664548397064,0.42711347341537476,0.32668453454971313,-0.48869380354881287,0.42619481682777405,0.32611221075057983,-0.4889453053474426,0.4493597149848938,0.3127821087837219,-0.506273090839386,0.432701975107193,0.3145598769187927,-0.41735967993736267,0.4355476498603821,0.3427779972553253,-0.47043585777282715,0.43147993087768555,0.34461504220962524,-0.44669240713119507,0.48112598061561584,0.3520219624042511,-0.45861539244651794,0.43040043115615845,0.32806360721588135,-0.2502251863479614,0.40203022956848145,0.4211176037788391,-0.4705510139465332,0.4280417561531067,0.368233323097229,-0.08485998213291168,0.3211975693702698,0.43436509370803833,-0.4602304995059967,0.43457460403442383,0.37477752566337585,0.004735210910439491,0.30250677466392517,0.44482851028442383,-0.49762049317359924,0.4384189546108246,0.37831926345825195,0.0049912771210074425,0.30094391107559204,0.43121951818466187,-0.49494901299476624,0.43562155961990356,0.37329521775245667,-0.016820814460515976,0.3026147484779358,0.4259225130081177,-0.4568379819393158,0.4347934126853943,0.3711661100387573,-0.002583486959338188,0.4743483066558838,0.5086244344711304,-0.049918726086616516,0.4384658932685852,0.4992012679576874,0.04992608726024628,0.45348429679870605,0.6456841230392456,0.047358933836221695,0.4260079264640808,0.6365295052528381,0.13936342298984528,0.4711304306983948,0.7341675162315369,0.32759159803390503,0.4328330457210541,0.7242538928985596,0.38311129808425903,0.47240129113197327,0.746991753578186,0.3506612479686737,0.43952956795692444,0.7392323017120361,0.4047977328300476,0.4687778949737549,0.7605127692222595,0.26658737659454346,0.41810378432273865,0.7589179873466492,0.3222745656967163
frame_00094.jpg,0.4375452995300293,0.35864466428756714,-0.5162891745567322,0.44352516531944275,0.3478112518787384,-0.539450466632843,0.4456690847873688,0.3473617136478424,-0.5398339629173279,0.44789084792137146,0.34742775559425354,-0.539804995059967,0.4387299418449402,0.3452683091163635,-0.523530125617981,0.4381124973297119,0.3436390161514282,-0.5238999724388123,0.4374355375766754,0.3418666422367096,-0.5241729617118835,0.4607299864292145,0.33507925271987915,-0.537606954574585,0.4437314569950104,0.3264736235141754,-0.46558094024658203,0.44409021735191345,0.35942521691322327,-0.5016606450080872,0.44077005982398987,0.35778775811195374,-0.4824070930480957,0.497244268655777,0.36397427320480347,-0.44732457399368286,0.4337947964668274,0.3332134485244751,-0.31645330786705017,0.4351189136505127,0.4458555281162262,-0.3805646598339081,0.40204548835754395,0.4081612825393677,-0.22751662135124207,0.38911354541778564,0.46426790952682495,-0.32037442922592163,0.35643595457077026,0.4375731647014618,-0.25055116415023804,0.3773404359817505,0.4720490276813507,-0.3387126326560974,0.34157437086105347,0.4383334219455719,-0.2665925621986389,0.37987375259399414,0.4570043981075287,-0.35705944895744324,0.33501729369163513,0.44132307171821594,-0.3005011975765228,0.38284409046173096,0.45171305537223816,-0.3245943784713745,0.34446820616722107,0.4404984712600708,-0.2660355567932129,0.48829445242881775,0.484290212392807,-0.03070562146604061,0.4498056471347809,0.4736393392086029,0.03058161959052086,0.46472424268722534,0.6260687112808228,0.04545995220541954,0.44095510244369507,0.6078364253044128,0.12060034275054932,0.48954492807388306,0.735960841178894,0.25511521100997925,0.44019126892089844,0.7220515012741089,0.333986759185791,0.494113028049469,0.7553833723068237,0.2717125713825226,0.44698581099510193,0.7394492030143738,0.35192233324050903,0.48652806878089905,0.7607262134552002,0.19322054088115692,0.4189658761024475,0.7586395144462585,0.31830060482025146
frame_00095.jpg,0.43973708152770996,0.3585915267467499,-0.5743443965911865,0.4462915062904358,0.3472065031528473,-0.5896142721176147,0.44922906160354614,0.3460208773612976,-0.5899953246116638,0.4522332549095154,0.34536048769950867,-0.5899710655212402,0.4385746419429779,0.34654679894447327,-0.5801082849502563,0.43685656785964966,0.3455164134502411,-0.5805052518844604,0.4351065754890442,0.34433868527412415,-0.580812931060791,0.4656499922275543,0.3312445282936096,-0.5486592054367065,0.4395941197872162,0.3284226357936859,-0.5046755075454712,0.4482436180114746,0.3574480414390564,-0.5451391935348511,0.4417782425880432,0.35792797803878784,-0.5340608358383179,0.5124646425247192,0.35576003789901733,-0.4196639060974121,0.42840832471847534,0.33323919773101807,-0.35869789123535156,0.48092541098594666,0.43702927231788635,-0.282134473323822,0.39680853486061096,0.4101136028766632,-0.2853144407272339,0.4598877429962158,0.4576549530029297,-0.19300177693367004,0.3395616412162781,0.4418967068195343,-0.3242238461971283,0.4554451107978821,0.466133177280426,-0.19599716365337372,0.32237040996551514,0.4442767798900604,-0.3457198739051819,0.4572792649269104,0.45359405875205994,-0.2268618643283844,0.3187844455242157,0.44859594106674194,-0.3759288191795349,0.4571712017059326,0.4481944739818573,-0.20112410187721252,0.3303162753582001,0.4472893178462982,-0.33844703435897827,0.49327436089515686,0.4646744430065155,-0.015092668123543262,0.44687193632125854,0.4555101692676544,0.014993848279118538,0.47351688146591187,0.6074850559234619,0.026513759046792984,0.43881845474243164,0.5885323286056519,0.051890868693590164,0.4906378388404846,0.7315289378166199,0.23696264624595642,0.4419012665748596,0.7107952833175659,0.2511891722679138,0.4945518970489502,0.753864049911499,0.2685249149799347,0.4498825669288635,0.7308525443077087,0.26683297753334045,0.48494991660118103,0.7604213953018188,0.13319139182567596,0.42074936628341675,0.7513421773910522,0.1694633662700653
frame_00096.jpg,0.44035959243774414,0.3628086745738983,-0.805625319480896,0.45239537954330444,0.3559853732585907,-0.8233445286750793,0.45535939931869507,0.3572479784488678,-0.8237617611885071,0.45835667848587036,0.35907286405563354,-0.8237345814704895,0.4426231384277344,0.34869304299354553,-0.8084274530410767,0.4419095516204834,0.3468104898929596,-0.8087970614433289,0.4408169686794281,0.3435416519641876,-0.8090408444404602,0.47077304124832153,0.3496191203594208,-0.7686878442764282,0.4435998797416687,0.32702821493148804,-0.7026535868644714,0.4438413083553314,0.3672610819339752,-0.7692901492118835,0.43981480598449707,0.3645040690898895,-0.7520095705986023,0.5002546906471252,0.3747261166572571,-0.6341689825057983,0.42806440591812134,0.3227306008338928,-0.46891289949417114,0.42768993973731995,0.43691286444664,-0.6077798008918762,0.3999147117137909,0.3691684901714325,-0.2762933373451233,0.35463228821754456,0.4538402259349823,-0.6041760444641113,0.35598769783973694,0.4236409366130829,-0.2726190984249115,0.3298388421535492,0.46350985765457153,-0.6431044340133667,0.358151376247406,0.4424425959587097,-0.22850044071674347,0.3227704167366028,0.44975367188453674,-0.6518089771270752,0.36715933680534363,0.4366106688976288,-0.27325552701950073,0.33443278074264526,0.4450238049030304,-0.6052246689796448,0.3690013885498047,0.4391607344150543,-0.3028724789619446,0.4910617768764496,0.45067882537841797,-0.0313810333609581,0.44070401787757874,0.4334915578365326,0.031292833387851715,0.470416396856308,0.6030175089836121,-0.05635719373822212,0.4302836060523987,0.5706297755241394,0.04296596348285675,0.49552202224731445,0.7205106616020203,0.2044220268726349,0.43906450271606445,0.701505720615387,0.27096718549728394,0.4996860921382904,0.7381123304367065,0.22701270878314972,0.44721871614456177,0.7240850925445557,0.29557469487190247,0.4918016791343689,0.7654850482940674,0.10897655785083771,0.40960803627967834,0.7485032677650452,0.20521216094493866
frame_00097.jpg,0.44259610772132874,0.35646554827690125,-0.5878577828407288,0.44747886061668396,0.34784016013145447,-0.6076632142066956,0.44964367151260376,0.34793058037757874,-0.6080564856529236,0.4518551230430603,0.34851986169815063,-0.6080112457275391,0.4415287971496582,0.3440115749835968,-0.5914478898048401,0.4407629072666168,0.342603474855423,-0.5918176770210266,0.439893901348114,0.3405824303627014,-0.5920323133468628,0.4640118479728699,0.3400302231311798,-0.5964479446411133,0.4438741207122803,0.327894002199173,-0.5227400064468384,0.44892629981040955,0.3598373830318451,-0.5707379579544067,0.44523191452026367,0.35860344767570496,-0.5506194829940796,0.5034244656562805,0.36628982424736023,-0.5002975463867188,0.4419710040092468,0.33114543557167053,-0.3660814166069031,0.4820294976234436,0.4298607409000397,-0.5196505188941956,0.43282824754714966,0.39311349391937256,-0.2637677788734436,0.46014589071273804,0.44697263836860657,-0.5159006714820862,0.43292832374572754,0.42817753553390503,-0.2502884268760681,0.45607393980026245,0.4555150866508484,-0.5453072786331177,0.4335245192050934,0.4380611479282379,-0.2569761574268341,0.4537380337715149,0.4457145929336548,-0.5566533803939819,0.43596577644348145,0.432839572429657,-0.2805927097797394,0.45506706833839417,0.4402742087841034,-0.4908524453639984,0.43715840578079224,0.43094900250434875,-0.2599887251853943,0.49602484703063965,0.4511333107948303,-0.03675615042448044,0.4523782730102539,0.429839164018631,0.03664621338248253,0.4925433099269867,0.601406991481781,-0.13341741263866425,0.41285592317581177,0.5135877728462219,0.0012672386365011334,0.47842198610305786,0.7238181829452515,-0.03423427417874336,0.3495310842990875,0.5382667779922485,0.13355989754199982,0.47263526916503906,0.7439146637916565,-0.031745243817567825,0.3481507897377014,0.5549949407577515,0.14309749007225037,0.46645060181617737,0.7748764753341675,-0.14983317255973816,0.3112722933292389,0.5294809341430664,0.0671122819185257
frame_00098.jpg,0.0,0.0,0.0,0.0,0.0,0.0,0.0,0.0,0.0,0.0,0.0,0.0,0.0,0.0,0.0,0.0,0.0,0.0,0.0,0.0,0.0,0.0,0.0,0.0,0.0,0.0,0.0,0.0,0.0,0.0,0.0,0.0,0.0,0.0,0.0,0.0,0.0,0.0,0.0,0.0,0.0,0.0,0.0,0.0,0.0,0.0,0.0,0.0,0.0,0.0,0.0,0.0,0.0,0.0,0.0,0.0,0.0,0.0,0.0,0.0,0.0,0.0,0.0,0.0,0.0,0.0,0.0,0.0,0.0,0.0,0.0,0.0,0.0,0.0,0.0,0.0,0.0,0.0,0.0,0.0,0.0,0.0,0.0,0.0,0.0,0.0,0.0,0.0,0.0,0.0,0.0,0.0,0.0,0.0,0.0,0.0,0.0,0.0,0.0
frame_00099.jpg,0.0,0.0,0.0,0.0,0.0,0.0,0.0,0.0,0.0,0.0,0.0,0.0,0.0,0.0,0.0,0.0,0.0,0.0,0.0,0.0,0.0,0.0,0.0,0.0,0.0,0.0,0.0,0.0,0.0,0.0,0.0,0.0,0.0,0.0,0.0,0.0,0.0,0.0,0.0,0.0,0.0,0.0,0.0,0.0,0.0,0.0,0.0,0.0,0.0,0.0,0.0,0.0,0.0,0.0,0.0,0.0,0.0,0.0,0.0,0.0,0.0,0.0,0.0,0.0,0.0,0.0,0.0,0.0,0.0,0.0,0.0,0.0,0.0,0.0,0.0,0.0,0.0,0.0,0.0,0.0,0.0,0.0,0.0,0.0,0.0,0.0,0.0,0.0,0.0,0.0,0.0,0.0,0.0,0.0,0.0,0.0,0.0,0.0,0.0
frame_00100.jpg,0.41580304503440857,0.3218022882938385,-0.7705271244049072,0.42064738273620605,0.3110082745552063,-0.7868298292160034,0.4234159588813782,0.30973371863365173,-0.7872336506843567,0.4246450364589691,0.3086147904396057,-0.7871730327606201,0.41969162225723267,0.3098129630088806,-0.7618321776390076,0.42029744386672974,0.30825144052505493,-0.7622157335281372,0.42041119933128357,0.30661746859550476,-0.7624483108520508,0.43792909383773804,0.30601197481155396,-0.7527328729629517,0.431185781955719,0.3045010268688202,-0.6373775601387024,0.4238651692867279,0.33116981387138367,-0.7471584677696228,0.42342668771743774,0.3347863256931305,-0.7153943181037903,0.5067559480667114,0.35345715284347534,-0.6448056697845459,0.43103083968162537,0.3615865409374237,-0.4397198557853699,0.522526741027832,0.4187990128993988,-0.6751419305801392,0.4056684076786041,0.43271106481552124,-0.3698088526725769,0.5201091766357422,0.43851861357688904,-0.7452268600463867,0.3495163917541504,0.466216117143631,-0.462479829788208,0.5226104855537415,0.44272902607917786,-0.7892404794692993,0.3343443274497986,0.4711286723613739,-0.489234060049057,0.5176133513450623,0.4319314956665039,-0.810547947883606,0.3277662396430969,0.4720575511455536,-0.5372868180274963,0.5157676339149475,0.42953041195869446,-0.7543177604675293,0.33525753021240234,0.46997377276420593,-0.48618513345718384,0.5213532447814941,0.47150203585624695,-0.06234179809689522,0.4698830544948578,0.4665408432483673,0.06222826987504959,0.5186293125152588,0.630951464176178,-0.08859416842460632,0.42029625177383423,0.6083619594573975,-0.028664881363511086,0.5143329501152039,0.7493027448654175,0.094853475689888,0.4312487244606018,0.7254289388656616,0.1661536693572998,0.5080792903900146,0.7762083411216736,0.10209335386753082,0.4454478323459625,0.7440403699874878,0.17969346046447754,0.5257039070129395,0.7781968712806702,-0.04974755644798279,0.3993932902812958,0.7657896280288696,0.05517108365893364
frame_00101.jpg,0.4195489287376404,0.32921379804611206,-0.7323634028434753,0.42348939180374146,0.31444960832595825,-0.7469602823257446,0.4273985028266907,0.31131717562675476,-0.7473363280296326,0.43096035718917847,0.3103908896446228,-0.7472522854804993,0.4205535054206848,0.31343600153923035,-0.7276031374931335,0.42077311873435974,0.31173133850097656,-0.7280592322349548,0.4206168055534363,0.3098742365837097,-0.7283560037612915,0.4506356120109558,0.3060115873813629,-0.7026752233505249,0.43041515350341797,0.3046393394470215,-0.6152255535125732,0.4282630383968353,0.3390747010707855,-0.7034895420074463,0.42577117681503296,0.33969467878341675,-0.6797717213630676,0.5137099027633667,0.351667195558548,-0.5360119342803955,0.4306241571903229,0.34307143092155457,-0.4318903088569641,0.5375708341598511,0.4215022623538971,-0.4217672348022461,0.4045729637145996,0.4332413673400879,-0.3074078857898712,0.5165355801582336,0.44612598419189453,-0.32366836071014404,0.34726881980895996,0.46742257475852966,-0.30436399579048157,0.5110586881637573,0.45490121841430664,-0.32428815960884094,0.32982391119003296,0.4712803065776825,-0.3135475516319275,0.5057156682014465,0.4393395483493805,-0.3479688763618469,0.3262377679347992,0.470363974571228,-0.3475024998188019,0.5067743062973022,0.43467018008232117,-0.3279092311859131,0.33309662342071533,0.46863555908203125,-0.3183746933937073,0.5213292837142944,0.4598902463912964,-0.03174394369125366,0.4656509757041931,0.4582274854183197,0.03180897235870361,0.5167306661605835,0.6133763194084167,-0.08861718326807022,0.42257609963417053,0.5832255482673645,-0.17280317842960358,0.5157152414321899,0.7482265830039978,0.04540638253092766,0.42829546332359314,0.7232869863510132,-0.014088116586208344,0.5091420412063599,0.7736287713050842,0.048135098069906235,0.4404112696647644,0.7432917952537537,-0.0026972650084644556,0.5375303030014038,0.7783149480819702,-0.09563962370157242,0.3975573480129242,0.7693051695823669,-0.12363989651203156
frame_00102.jpg,0.4206778407096863,0.3367462754249573,-0.46409398317337036,0.4239879250526428,0.31766805052757263,-0.4816630780696869,0.42739230394363403,0.3154413104057312,-0.48193874955177307,0.4305097162723541,0.31425076723098755,-0.4818492829799652,0.4214514195919037,0.3175009489059448,-0.4517672657966614,0.42206162214279175,0.3159966766834259,-0.4520878195762634,0.4225500524044037,0.3144802153110504,-0.4522537291049957,0.4483396112918854,0.3099115192890167,-0.47643524408340454,0.4356843829154968,0.3101237118244171,-0.3388846516609192,0.4297342300415039,0.3457958400249481,-0.4527669847011566,0.427734375,0.34700125455856323,-0.41496962308883667,0.5188010931015015,0.34604862332344055,-0.43657511472702026,0.4432435929775238,0.34588485956192017,-0.18343840539455414,0.5636651515960693,0.42142927646636963,-0.5653165578842163,0.4110909402370453,0.43811050057411194,-0.1382940709590912,0.5119643807411194,0.4455214738845825,-0.7290528416633606,0.3501136898994446,0.47827082872390747,-0.24573051929473877,0.4985451102256775,0.4532957077026367,-0.7828140258789062,0.3366958200931549,0.47454097867012024,-0.268380343914032,0.49121490120887756,0.43530455231666565,-0.7736798524856567,0.33331164717674255,0.47305384278297424,-0.30012577772140503,0.49545955657958984,0.43309885263442993,-0.7267168760299683,0.34258854389190674,0.47180411219596863,-0.2633104920387268,0.5274625420570374,0.4960605800151825,-0.06040139123797417,0.47695493698120117,0.4920673966407776,0.06028010696172714,0.516281247138977,0.6393828988075256,-0.1137375459074974,0.4317871928215027,0.6014655828475952,-0.1078016608953476,0.5238001942634583,0.7485687732696533,0.13210460543632507,0.4464488625526428,0.7238509654998779,0.08453129976987839,0.5296105742454529,0.7669767141342163,0.1526031196117401,0.46093669533729553,0.7428749203681946,0.0960078313946724,0.5063105821609497,0.7775189876556396,0.06761761009693146,0.41354018449783325,0.7729033827781677,0.03082418069243431
frame_00103.jpg,0.42505770921707153,0.34084653854370117,-0.4543936848640442,0.42741459608078003,0.3234955072402954,-0.4672853946685791,0.43010324239730835,0.3217020630836487,-0.46756449341773987,0.43222302198410034,0.32050496339797974,-0.46746936440467834,0.4259776473045349,0.32350948452949524,-0.4412895739078522,0.4266883432865143,0.3224605917930603,-0.44161033630371094,0.42723602056503296,0.321353942155838,-0.4417757987976074,0.4473422169685364,0.31443294882774353,-0.44614505767822266,0.43920040130615234,0.31999537348747253,-0.3245406746864319,0.4339063763618469,0.35196393728256226,-0.43798714876174927,0.43168115615844727,0.35255202651023865,-0.40467414259910583,0.5184346437454224,0.3477441668510437,-0.39424604177474976,0.4439718723297119,0.36271190643310547,-0.172157883644104,0.5519103407859802,0.43036186695098877,-0.5143435597419739,0.41208991408348083,0.44389116764068604,-0.13481095433235168,0.5056012868881226,0.4382764399051666,-0.6803608536720276,0.3501700758934021,0.4792620837688446,-0.2526899576187134,0.4951106011867523,0.4393177628517151,-0.7364469170570374,0.3362787663936615,0.4744582772254944,-0.2764231562614441,0.4906647205352783,0.4212954342365265,-0.7289832234382629,0.33313146233558655,0.47518831491470337,-0.31045836210250854,0.49325981736183167,0.42134323716163635,-0.6809695363044739,0.34140798449516296,0.4736967086791992,-0.2713598608970642,0.526444137096405,0.5030006170272827,-0.06446636468172073,0.476010799407959,0.4984663724899292,0.06429827213287354,0.5167045593261719,0.6422908306121826,-0.15832875669002533,0.43662309646606445,0.6032311320304871,-0.0926290825009346,0.5261870622634888,0.7508251667022705,-0.006064976565539837,0.44840168952941895,0.7253196239471436,0.08261357247829437,0.5383840799331665,0.7729267477989197,0.0015252071898430586,0.46232300996780396,0.7433225512504578,0.09617774933576584,0.5100067853927612,0.7820741534233093,-0.11343789100646973,0.4146537184715271,0.7743781805038452,0.01762954518198967
frame_00104.jpg,0.5091684460639954,0.3045696020126343,-0.5743346214294434,0.5132824778556824,0.28948014974594116,-0.5829849243164062,0.5156645774841309,0.28882086277008057,-0.5833360552787781,0.5182155966758728,0.2886313796043396,-0.5833112597465515,0.507075846195221,0.2901161015033722,-0.5693708658218384,0.5055104494094849,0.2901976406574249,-0.5696970820426941,0.5038591027259827,0.2901308238506317,-0.5699087381362915,0.5267013311386108,0.2891620397567749,-0.5346692800521851,0.5053636431694031,0.29172465205192566,-0.46876463294029236,0.5153704285621643,0.3161039650440216,-0.5474912524223328,0.5084647536277771,0.3166196644306183,-0.5307447910308838,0.5652602910995483,0.3465977609157562,-0.4551864266395569,0.48015618324279785,0.35234197974205017,-0.29772043228149414,0.5727726817131042,0.4427855908870697,-0.49993476271629333,0.466299444437027,0.42838403582572937,-0.20995314419269562,0.5338271856307983,0.44116708636283875,-0.6026128530502319,0.4573502540588379,0.46098169684410095,-0.34996724128723145,0.5174237489700317,0.443074107170105,-0.646091103553772,0.45420461893081665,0.46753019094467163,-0.3836900591850281,0.5147851705551147,0.4272748827934265,-0.6531884670257568,0.4547540247440338,0.4635688364505768,-0.3696610927581787,0.5193672180175781,0.42859408259391785,-0.606031060218811,0.45826631784439087,0.45889750123023987,-0.34674879908561707,0.5631360411643982,0.4956366717815399,-0.046831853687763214,0.5203671455383301,0.4910995364189148,0.0466812327504158,0.5636450052261353,0.6392565369606018,-0.10840269178152084,0.5087729096412659,0.6190555095672607,-0.00459670927375555,0.5707045793533325,0.7540733814239502,0.07014346867799759,0.5070515871047974,0.7350355982780457,0.1829189509153366,0.5708028078079224,0.7732715606689453,0.08131948858499527,0.5162425637245178,0.7520106434822083,0.1962094008922577,0.571718156337738,0.7967501878738403,-0.04413161054253578,0.48160845041275024,0.7837724089622498,0.08144398778676987
frame_00105.jpg,0.5130339860916138,0.2780154049396515,-0.4215807318687439,0.5178945660591125,0.26518648862838745,-0.4286002516746521,0.5198571085929871,0.26462510228157043,-0.42892932891845703,0.5219412446022034,0.26452624797821045,-0.42892447113990784,0.5132564306259155,0.26619869470596313,-0.4102613925933838,0.5125496983528137,0.26659175753593445,-0.41054201126098633,0.5117356181144714,0.2668156921863556,-0.41067880392074585,0.5314815044403076,0.2685047388076782,-0.3954981565475464,0.51631760597229,0.2707829475402832,-0.3111424446105957,0.5187193155288696,0.2903675138950348,-0.40200820565223694,0.5140592455863953,0.2915164530277252,-0.37945860624313354,0.5593017339706421,0.34183409810066223,-0.35930708050727844,0.506416916847229,0.33625808358192444,-0.16404832899570465,0.5658329725265503,0.442294180393219,-0.3921932578086853,0.48860034346580505,0.41137975454330444,-0.1523851603269577,0.5292482972145081,0.45682525634765625,-0.4549535810947418,0.4852248728275299,0.4329548478126526,-0.3080664277076721,0.5146656036376953,0.463044673204422,-0.4965187907218933,0.48378533124923706,0.43913453817367554,-0.34312427043914795,0.5139040946960449,0.4474092721939087,-0.5029731392860413,0.4846910834312439,0.4319815933704376,-0.36652272939682007,0.5172519087791443,0.4445899426937103,-0.45722803473472595,0.4865684509277344,0.42835041880607605,-0.32277292013168335,0.5579758286476135,0.4927496612071991,-0.04927963390946388,0.5254670977592468,0.48797836899757385,0.04914602264761925,0.5600966811180115,0.6407334208488464,-0.08930686116218567,0.5282045006752014,0.6179704070091248,0.0339297391474247,0.5595484972000122,0.7513735294342041,0.14168742299079895,0.5303107500076294,0.7352825403213501,0.22922274470329285,0.5530274510383606,0.7651152014732361,0.15780623257160187,0.5345270037651062,0.751124382019043,0.24349072575569153,0.5625336766242981,0.7948747277259827,0.046073876321315765,0.5106668472290039,0.7815790772438049,0.13337524235248566
frame_00106.jpg,0.0,0.0,0.0,0.0,0.0,0.0,0.0,0.0,0.0,0.0,0.0,0.0,0.0,0.0,0.0,0.0,0.0,0.0,0.0,0.0,0.0,0.0,0.0,0.0,0.0,0.0,0.0,0.0,0.0,0.0,0.0,0.0,0.0,0.0,0.0,0.0,0.0,0.0,0.0,0.0,0.0,0.0,0.0,0.0,0.0,0.0,0.0,0.0,0.0,0.0,0.0,0.0,0.0,0.0,0.0,0.0,0.0,0.0,0.0,0.0,0.0,0.0,0.0,0.0,0.0,0.0,0.0,0.0,0.0,0.0,0.0,0.0,0.0,0.0,0.0,0.0,0.0,0.0,0.0,0.0,0.0,0.0,0.0,0.0,0.0,0.0,0.0,0.0,0.0,0.0,0.0,0.0,0.0,0.0,0.0,0.0,0.0,0.0,0.0
frame_00107.jpg,0.4789655804634094,0.3764924705028534,-0.2860390841960907,0.47996005415916443,0.3649188280105591,-0.29693588614463806,0.4808812737464905,0.3634010851383209,-0.297294557094574,0.49122515320777893,0.352788507938385,-0.2972615659236908,0.4752138555049896,0.3658294677734375,-0.2699134647846222,0.4756074547767639,0.36444753408432007,-0.27025023102760315,0.475642591714859,0.3630583584308624,-0.2704363465309143,0.5103213787078857,0.34539565443992615,-0.28098300099372864,0.4964943528175354,0.35585588216781616,-0.1563526839017868,0.48882564902305603,0.3828895390033722,-0.2726704180240631,0.4868452548980713,0.38740408420562744,-0.2386617362499237,0.5613791346549988,0.3872681260108948,-0.26600590348243713,0.4803747236728668,0.38004690408706665,-0.04787570983171463,0.5511637926101685,0.4615583121776581,-0.4001748561859131,0.46841269731521606,0.48527592420578003,-0.07247599959373474,0.5357388257980347,0.44678449630737305,-0.5703851580619812,0.406721293926239,0.5128453969955444,-0.2698211371898651,0.5320530533790588,0.4475701153278351,-0.623526394367218,0.3905474543571472,0.5183109641075134,-0.3080955445766449,0.5311987400054932,0.43852537870407104,-0.6288388967514038,0.39343440532684326,0.5065177083015442,-0.3430008888244629,0.5318653583526611,0.4391080141067505,-0.5752483606338501,0.40289491415023804,0.5045041441917419,-0.2921310365200043,0.5488724112510681,0.5751658082008362,-0.04622465372085571,0.49656185507774353,0.570309042930603,0.04598149657249451,0.5661252737045288,0.700463593006134,-0.12103793770074844,0.45998549461364746,0.6594178080558777,-0.07591026276350021,0.5620400905609131,0.7585430145263672,0.1583651453256607,0.47832268476486206,0.7520266175270081,0.14257769286632538,0.555927574634552,0.7649236917495728,0.18151365220546722,0.4893837571144104,0.761001706123352,0.16234764456748962,0.5712800025939941,0.7969790101051331,0.09376567602157593,0.4682093560695648,0.806108832359314,0.07829588651657104
frame_00108.jpg,0.0,0.0,0.0,0.0,0.0,0.0,0.0,0.0,0.0,0.0,0.0,0.0,0.0,0.0,0.0,0.0,0.0,0.0,0.0,0.0,0.0,0.0,0.0,0.0,0.0,0.0,0.0,0.0,0.0,0.0,0.0,0.0,0.0,0.0,0.0,0.0,0.0,0.0,0.0,0.0,0.0,0.0,0.0,0.0,0.0,0.0,0.0,0.0,0.0,0.0,0.0,0.0,0.0,0.0,0.0,0.0,0.0,0.0,0.0,0.0,0.0,0.0,0.0,0.0,0.0,0.0,0.0,0.0,0.0,0.0,0.0,0.0,0.0,0.0,0.0,0.0,0.0,0.0,0.0,0.0,0.0,0.0,0.0,0.0,0.0,0.0,0.0,0.0,0.0,0.0,0.0,0.0,0.0,0.0,0.0,0.0,0.0,0.0,0.0
frame_00109.jpg,0.0,0.0,0.0,0.0,0.0,0.0,0.0,0.0,0.0,0.0,0.0,0.0,0.0,0.0,0.0,0.0,0.0,0.0,0.0,0.0,0.0,0.0,0.0,0.0,0.0,0.0,0.0,0.0,0.0,0.0,0.0,0.0,0.0,0.0,0.0,0.0,0.0,0.0,0.0,0.0,0.0,0.0,0.0,0.0,0.0,0.0,0.0,0.0,0.0,0.0,0.0,0.0,0.0,0.0,0.0,0.0,0.0,0.0,0.0,0.0,0.0,0.0,0.0,0.0,0.0,0.0,0.0,0.0,0.0,0.0,0.0,0.0,0.0,0.0,0.0,0.0,0.0,0.0,0.0,0.0,0.0,0.0,0.0,0.0,0.0,0.0,0.0,0.0,0.0,0.0,0.0,0.0,0.0,0.0,0.0,0.0,0.0,0.0,0.0
frame_00110.jpg,0.5109022259712219,0.3796631097793579,-0.17429810762405396,0.5119311809539795,0.3666127026081085,-0.1931048035621643,0.5139297842979431,0.3628689646720886,-0.19328941404819489,0.5150319933891296,0.36159127950668335,-0.19330452382564545,0.5105069875717163,0.36753353476524353,-0.16283529996871948,0.5107819437980652,0.36678266525268555,-0.1631019115447998,0.5117796659469604,0.36320123076438904,-0.16323627531528473,0.525422215461731,0.3530671000480652,-0.23003241419792175,0.5215290784835815,0.3502720594406128,-0.09124205261468887,0.5204192996025085,0.38224783539772034,-0.18172909319400787,0.5190670490264893,0.38322633504867554,-0.14289343357086182,0.5581169128417969,0.38385671377182007,-0.28200778365135193,0.5485116839408875,0.38366207480430603,0.03230026736855507,0.5220968723297119,0.4902263283729553,-0.35166576504707336,0.5130523443222046,0.4642775356769562,0.04456432908773422,0.4575475752353668,0.5164986848831177,-0.3314376175403595,0.46439599990844727,0.5075350999832153,-0.06723225116729736,0.438847154378891,0.5223995447158813,-0.36162009835243225,0.4525619149208069,0.5145864486694336,-0.07570209354162216,0.4420819878578186,0.520695686340332,-0.34883543848991394,0.45156899094581604,0.5128626227378845,-0.10191752761602402,0.4478590488433838,0.5163347125053406,-0.32458561658859253,0.4564341902732849,0.5109736919403076,-0.0822480097413063,0.6336641311645508,0.4769042134284973,-0.0983281284570694,0.618880033493042,0.4775550961494446,0.09802274405956268,0.581433892250061,0.5414710640907288,-0.19500046968460083,0.5665683150291443,0.577937126159668,0.06752827763557434,0.5266083478927612,0.5771132111549377,-0.06235916540026665,0.5351245403289795,0.6737173795700073,0.13395102322101593,0.5265692472457886,0.5823644399642944,-0.05195873975753784,0.5443249344825745,0.6887061595916748,0.13984347879886627,0.4863242208957672,0.591913104057312,-0.10695560276508331,0.49106326699256897,0.7082655429840088,0.08941614627838135
frame_00111.jpg,0.0,0.0,0.0,0.0,0.0,0.0,0.0,0.0,0.0,0.0,0.0,0.0,0.0,0.0,0.0,0.0,0.0,0.0,0.0,0.0,0.0,0.0,0.0,0.0,0.0,0.0,0.0,0.0,0.0,0.0,0.0,0.0,0.0,0.0,0.0,0.0,0.0,0.0,0.0,0.0,0.0,0.0,0.0,0.0,0.0,0.0,0.0,0.0,0.0,0.0,0.0,0.0,0.0,0.0,0.0,0.0,0.0,0.0,0.0,0.0,0.0,0.0,0.0,0.0,0.0,0.0,0.0,0.0,0.0,0.0,0.0,0.0,0.0,0.0,0.0,0.0,0.0,0.0,0.0,0.0,0.0,0.0,0.0,0.0,0.0,0.0,0.0,0.0,0.0,0.0,0.0,0.0,0.0,0.0,0.0,0.0,0.0,0.0,0.0
frame_00112.jpg,0.5435237884521484,0.39768245816230774,-0.6610005497932434,0.5506628751754761,0.3856886327266693,-0.6779999136924744,0.5528934001922607,0.3864215016365051,-0.6783567070960999,0.5552310943603516,0.3875509202480316,-0.6783694624900818,0.5454685688018799,0.38172054290771484,-0.6611908078193665,0.5445341467857361,0.3799206018447876,-0.6614689826965332,0.543504536151886,0.3780081868171692,-0.6616787910461426,0.5650140643119812,0.38355618715286255,-0.6465636491775513,0.547837495803833,0.37042391300201416,-0.5711653232574463,0.5483434200286865,0.40637320280075073,-0.6372954249382019,0.5433518290519714,0.4021906852722168,-0.617150068283081,0.5906756520271301,0.42518141865730286,-0.5747594833374023,0.5299540758132935,0.40884044766426086,-0.4056733250617981,0.5276656150817871,0.5066503882408142,-0.5982089638710022,0.515880823135376,0.5019599199295044,-0.4092981815338135,0.4582045078277588,0.5118141174316406,-0.6468374133110046,0.5034984946250916,0.5610157251358032,-0.5523788928985596,0.4360564351081848,0.5221091508865356,-0.7023581862449646,0.49840372800827026,0.5742007493972778,-0.5980210304260254,0.435154527425766,0.5033900141716003,-0.7067723274230957,0.4989110827445984,0.5729036927223206,-0.6281798481941223,0.44153285026550293,0.5016078948974609,-0.6489951014518738,0.5025873780250549,0.5681244730949402,-0.5694745182991028,0.5897389650344849,0.5385921001434326,-0.04078967869281769,0.5507999658584595,0.5307170748710632,0.04071469604969025,0.5729854702949524,0.6757595539093018,-0.006742014549672604,0.5396426916122437,0.6637437343597412,0.09317054599523544,0.5906046032905579,0.7696338891983032,0.2930889129638672,0.5550066828727722,0.7476493120193481,0.39586830139160156,0.5929369330406189,0.7803416848182678,0.317176878452301,0.5619444847106934,0.7577940225601196,0.4232059121131897,0.591366171836853,0.8144286870956421,0.21640262007713318,0.5425829291343689,0.7848349809646606,0.3335098922252655
frame_00113.jpg,0.5654482841491699,0.43507635593414307,-0.5918687582015991,0.5745822787284851,0.427095502614975,-0.6121277809143066,0.5759861469268799,0.4286033511161804,-0.612543523311615,0.5774766802787781,0.4305281341075897,-0.6126305460929871,0.5705222487449646,0.42059391736984253,-0.595020592212677,0.5699381828308105,0.41753339767456055,-0.5952840447425842,0.5692623853683472,0.4143591821193695,-0.5954868793487549,0.5831694006919861,0.42136573791503906,-0.5893120765686035,0.5703189969062805,0.3991169333457947,-0.5129778385162354,0.5643067955970764,0.4391493499279022,-0.5694260001182556,0.561525821685791,0.4310317933559418,-0.5490354299545288,0.5916961431503296,0.44483697414398193,-0.5502543449401855,0.5432038307189941,0.41667261719703674,-0.33383846282958984,0.5316762924194336,0.5154013633728027,-0.5739629864692688,0.5373026132583618,0.5039138197898865,-0.36670026183128357,0.46200746297836304,0.5133646726608276,-0.6165945529937744,0.5495371222496033,0.5329293608665466,-0.5560315251350403,0.4376804828643799,0.522486686706543,-0.6793754696846008,0.5542489290237427,0.5352537035942078,-0.6097409725189209,0.43619051575660706,0.5038033723831177,-0.6787416934967041,0.5529428720474243,0.5247972011566162,-0.6315926313400269,0.44400453567504883,0.5021961331367493,-0.616812527179718,0.551104724407196,0.5240920782089233,-0.5715330839157104,0.5860792994499207,0.5787133574485779,-0.05783981829881668,0.5539918541908264,0.5644832849502563,0.057693809270858765,0.5546752214431763,0.7009602189064026,-0.015285411849617958,0.5399839282035828,0.6808857321739197,0.2251218855381012,0.5868463516235352,0.7660692930221558,0.34705495834350586,0.5574005246162415,0.7478256225585938,0.5960961580276489,0.5927220582962036,0.7698089480400085,0.38197454810142517,0.5648989081382751,0.7569877505302429,0.6323479413986206,0.5867993235588074,0.8075121641159058,0.3204110562801361,0.5426194071769714,0.7840543389320374,0.5813454389572144
frame_00114.jpg,0.574641227722168,0.426118940114975,-0.44081252813339233,0.5836309790611267,0.41985729336738586,-0.4595105051994324,0.5842858552932739,0.4217597544193268,-0.4598500728607178,0.5850335359573364,0.42410436272621155,-0.4598918855190277,0.5824387073516846,0.4137519598007202,-0.43638429045677185,0.5827797651290894,0.41152867674827576,-0.4366113543510437,0.5830134153366089,0.4091690182685852,-0.43674707412719727,0.5895706415176392,0.42264094948768616,-0.45650410652160645,0.5861232280731201,0.40168291330337524,-0.3527265191078186,0.5710657238960266,0.43232259154319763,-0.42892393469810486,0.5712207555770874,0.42512765526771545,-0.4007604122161865,0.5887205600738525,0.4591312110424042,-0.45289525389671326,0.5651564598083496,0.41623613238334656,-0.18368050456047058,0.5360299348831177,0.5185895562171936,-0.4933835566043854,0.5582564473152161,0.4648606479167938,-0.2098371684551239,0.4644137918949127,0.5148714184761047,-0.5325322151184082,0.5677793025970459,0.47936609387397766,-0.3774426579475403,0.4416417181491852,0.5234135389328003,-0.5879542231559753,0.573283851146698,0.482182115316391,-0.4130465090274811,0.4387074112892151,0.5058987140655518,-0.5814239382743835,0.5705259442329407,0.47698622941970825,-0.43345189094543457,0.44678372144699097,0.5050325393676758,-0.5297135710716248,0.5677138566970825,0.4768750071525574,-0.3910138010978699,0.5846902132034302,0.5933637619018555,-0.08281555026769638,0.5692942142486572,0.573395311832428,0.08265434950590134,0.552115797996521,0.6949306726455688,-0.1545432060956955,0.5557587742805481,0.6842175722122192,0.20723912119865417,0.5865576267242432,0.7697536945343018,0.10457203537225723,0.5785404443740845,0.7615771889686584,0.48989325761795044,0.5944002866744995,0.7756820917129517,0.1273861676454544,0.5884486436843872,0.7728358507156372,0.5167728662490845,0.5786808729171753,0.8081031441688538,0.05092412233352661,0.555536150932312,0.7911618947982788,0.45239678025245667
frame_00115.jpg,0.0,0.0,0.0,0.0,0.0,0.0,0.0,0.0,0.0,0.0,0.0,0.0,0.0,0.0,0.0,0.0,0.0,0.0,0.0,0.0,0.0,0.0,0.0,0.0,0.0,0.0,0.0,0.0,0.0,0.0,0.0,0.0,0.0,0.0,0.0,0.0,0.0,0.0,0.0,0.0,0.0,0.0,0.0,0.0,0.0,0.0,0.0,0.0,0.0,0.0,0.0,0.0,0.0,0.0,0.0,0.0,0.0,0.0,0.0,0.0,0.0,0.0,0.0,0.0,0.0,0.0,0.0,0.0,0.0,0.0,0.0,0.0,0.0,0.0,0.0,0.0,0.0,0.0,0.0,0.0,0.0,0.0,0.0,0.0,0.0,0.0,0.0,0.0,0.0,0.0,0.0,0.0,0.0,0.0,0.0,0.0,0.0,0.0,0.0
frame_00116.jpg,0.0,0.0,0.0,0.0,0.0,0.0,0.0,0.0,0.0,0.0,0.0,0.0,0.0,0.0,0.0,0.0,0.0,0.0,0.0,0.0,0.0,0.0,0.0,0.0,0.0,0.0,0.0,0.0,0.0,0.0,0.0,0.0,0.0,0.0,0.0,0.0,0.0,0.0,0.0,0.0,0.0,0.0,0.0,0.0,0.0,0.0,0.0,0.0,0.0,0.0,0.0,0.0,0.0,0.0,0.0,0.0,0.0,0.0,0.0,0.0,0.0,0.0,0.0,0.0,0.0,0.0,0.0,0.0,0.0,0.0,0.0,0.0,0.0,0.0,0.0,0.0,0.0,0.0,0.0,0.0,0.0,0.0,0.0,0.0,0.0,0.0,0.0,0.0,0.0,0.0,0.0,0.0,0.0,0.0,0.0,0.0,0.0,0.0,0.0
frame_00117.jpg,0.0,0.0,0.0,0.0,0.0,0.0,0.0,0.0,0.0,0.0,0.0,0.0,0.0,0.0,0.0,0.0,0.0,0.0,0.0,0.0,0.0,0.0,0.0,0.0,0.0,0.0,0.0,0.0,0.0,0.0,0.0,0.0,0.0,0.0,0.0,0.0,0.0,0.0,0.0,0.0,0.0,0.0,0.0,0.0,0.0,0.0,0.0,0.0,0.0,0.0,0.0,0.0,0.0,0.0,0.0,0.0,0.0,0.0,0.0,0.0,0.0,0.0,0.0,0.0,0.0,0.0,0.0,0.0,0.0,0.0,0.0,0.0,0.0,0.0,0.0,0.0,0.0,0.0,0.0,0.0,0.0,0.0,0.0,0.0,0.0,0.0,0.0,0.0,0.0,0.0,0.0,0.0,0.0,0.0,0.0,0.0,0.0,0.0,0.0
frame_00118.jpg,0.0,0.0,0.0,0.0,0.0,0.0,0.0,0.0,0.0,0.0,0.0,0.0,0.0,0.0,0.0,0.0,0.0,0.0,0.0,0.0,0.0,0.0,0.0,0.0,0.0,0.0,0.0,0.0,0.0,0.0,0.0,0.0,0.0,0.0,0.0,0.0,0.0,0.0,0.0,0.0,0.0,0.0,0.0,0.0,0.0,0.0,0.0,0.0,0.0,0.0,0.0,0.0,0.0,0.0,0.0,0.0,0.0,0.0,0.0,0.0,0.0,0.0,0.0,0.0,0.0,0.0,0.0,0.0,0.0,0.0,0.0,0.0,0.0,0.0,0.0,0.0,0.0,0.0,0.0,0.0,0.0,0.0,0.0,0.0,0.0,0.0,0.0,0.0,0.0,0.0,0.0,0.0,0.0,0.0,0.0,0.0,0.0,0.0,0.0
frame_00119.jpg,0.0,0.0,0.0,0.0,0.0,0.0,0.0,0.0,0.0,0.0,0.0,0.0,0.0,0.0,0.0,0.0,0.0,0.0,0.0,0.0,0.0,0.0,0.0,0.0,0.0,0.0,0.0,0.0,0.0,0.0,0.0,0.0,0.0,0.0,0.0,0.0,0.0,0.0,0.0,0.0,0.0,0.0,0.0,0.0,0.0,0.0,0.0,0.0,0.0,0.0,0.0,0.0,0.0,0.0,0.0,0.0,0.0,0.0,0.0,0.0,0.0,0.0,0.0,0.0,0.0,0.0,0.0,0.0,0.0,0.0,0.0,0.0,0.0,0.0,0.0,0.0,0.0,0.0,0.0,0.0,0.0,0.0,0.0,0.0,0.0,0.0,0.0,0.0,0.0,0.0,0.0,0.0,0.0,0.0,0.0,0.0,0.0,0.0,0.0
frame_00120.jpg,0.6054527759552002,0.42787325382232666,-0.6777076721191406,0.6109877824783325,0.41793182492256165,-0.7003966569900513,0.6133610606193542,0.41837719082832336,-0.7006958723068237,0.6158714294433594,0.419228732585907,-0.700626015663147,0.6042772531509399,0.4134649634361267,-0.6822167634963989,0.6026363968849182,0.4110463559627533,-0.6825176477432251,0.6009502410888672,0.4085054397583008,-0.6827143430709839,0.6245799660682678,0.4064050018787384,-0.6811532974243164,0.6023043394088745,0.39238324761390686,-0.598290741443634,0.6107469797134399,0.4299197793006897,-0.6558701992034912,0.6049178242683411,0.4253447651863098,-0.6334511637687683,0.6408153772354126,0.4277225434780121,-0.6022113561630249,0.6091761589050293,0.3803044557571411,-0.3967399299144745,0.5781528949737549,0.5085588097572327,-0.6096513271331787,0.586080014705658,0.45209625363349915,-0.3405137360095978,0.502877414226532,0.5288287997245789,-0.6173034906387329,0.5445613861083984,0.5170051455497742,-0.39793920516967773,0.4888189435005188,0.5480514764785767,-0.6621148586273193,0.5321776866912842,0.5251677632331848,-0.41602858901023865,0.48441067337989807,0.5304751396179199,-0.6653863191604614,0.5289009809494019,0.5320332646369934,-0.4521884024143219,0.48873797059059143,0.5231563448905945,-0.6177137494087219,0.5348798036575317,0.5303932428359985,-0.4139327108860016,0.66645747423172,0.5051001310348511,-0.07389616966247559,0.6452556252479553,0.47887298464775085,0.0736626386642456,0.6334295868873596,0.6388970017433167,-0.13992957770824432,0.5816828608512878,0.5826473832130432,0.12792620062828064,0.6643545627593994,0.7789603471755981,-0.01305485051125288,0.595380425453186,0.6579649448394775,0.38493597507476807,0.6778675317764282,0.8166137337684631,-0.00634841900318861,0.6078808903694153,0.6710332036018372,0.40887385606765747,0.6325131058692932,0.8277121782302856,-0.11962391436100006,0.5576578378677368,0.6808549761772156,0.3582283556461334
frame_00121.jpg,0.6050347089767456,0.41825103759765625,-0.6858664155006409,0.6111539006233215,0.40616077184677124,-0.7074010968208313,0.6135813593864441,0.4072690010070801,-0.7077194452285767,0.6161583065986633,0.40878528356552124,-0.7077181339263916,0.6046022176742554,0.4006336033344269,-0.6868869066238403,0.6030922532081604,0.39808547496795654,-0.6872040033340454,0.6015197038650513,0.3954322040081024,-0.6874369382858276,0.6258125305175781,0.4003608822822571,-0.6820780038833618,0.6050972938537598,0.38224783539772034,-0.593834638595581,0.6103905439376831,0.42422518134117126,-0.6619387865066528,0.6044570207595825,0.4182799458503723,-0.6371446251869202,0.6490926742553711,0.4327273964881897,-0.6041903495788574,0.6038910746574402,0.3838759660720825,-0.379033625125885,0.5912247896194458,0.5187371969223022,-0.5914295315742493,0.5786735415458679,0.4520788788795471,-0.3266277015209198,0.5182951092720032,0.5280842781066895,-0.5661173462867737,0.5459409356117249,0.4986875653266907,-0.4092787802219391,0.4997328817844391,0.5463593006134033,-0.6028368473052979,0.536556601524353,0.5044659972190857,-0.43316346406936646,0.4965876638889313,0.5296465158462524,-0.6085716485977173,0.5341039896011353,0.5066952109336853,-0.4625723361968994,0.5025109052658081,0.5231025815010071,-0.565672755241394,0.5389661192893982,0.5060644745826721,-0.42390361428260803,0.6680546998977661,0.5229164361953735,-0.07907771319150925,0.6418613195419312,0.5023844242095947,0.07888929545879364,0.6326347589492798,0.6508802175521851,-0.1446831077337265,0.6002024412155151,0.6173620820045471,0.12282546609640121,0.6641849279403687,0.7785141468048096,0.05841446667909622,0.6263220310211182,0.6928993463516235,0.39188751578330994,0.6777833104133606,0.8036819100379944,0.07496119290590286,0.6399063467979431,0.7027124762535095,0.4181893765926361,0.6313448548316956,0.8273845911026001,-0.02463822439312935,0.5934092998504639,0.7287131547927856,0.36250922083854675
frame_00122.jpg,0.0,0.0,0.0,0.0,0.0,0.0,0.0,0.0,0.0,0.0,0.0,0.0,0.0,0.0,0.0,0.0,0.0,0.0,0.0,0.0,0.0,0.0,0.0,0.0,0.0,0.0,0.0,0.0,0.0,0.0,0.0,0.0,0.0,0.0,0.0,0.0,0.0,0.0,0.0,0.0,0.0,0.0,0.0,0.0,0.0,0.0,0.0,0.0,0.0,0.0,0.0,0.0,0.0,0.0,0.0,0.0,0.0,0.0,0.0,0.0,0.0,0.0,0.0,0.0,0.0,0.0,0.0,0.0,0.0,0.0,0.0,0.0,0.0,0.0,0.0,0.0,0.0,0.0,0.0,0.0,0.0,0.0,0.0,0.0,0.0,0.0,0.0,0.0,0.0,0.0,0.0,0.0,0.0,0.0,0.0,0.0,0.0,0.0,0.0
frame_00123.jpg,0.0,0.0,0.0,0.0,0.0,0.0,0.0,0.0,0.0,0.0,0.0,0.0,0.0,0.0,0.0,0.0,0.0,0.0,0.0,0.0,0.0,0.0,0.0,0.0,0.0,0.0,0.0,0.0,0.0,0.0,0.0,0.0,0.0,0.0,0.0,0.0,0.0,0.0,0.0,0.0,0.0,0.0,0.0,0.0,0.0,0.0,0.0,0.0,0.0,0.0,0.0,0.0,0.0,0.0,0.0,0.0,0.0,0.0,0.0,0.0,0.0,0.0,0.0,0.0,0.0,0.0,0.0,0.0,0.0,0.0,0.0,0.0,0.0,0.0,0.0,0.0,0.0,0.0,0.0,0.0,0.0,0.0,0.0,0.0,0.0,0.0,0.0,0.0,0.0,0.0,0.0,0.0,0.0,0.0,0.0,0.0,0.0,0.0,0.0
frame_00124.jpg,0.0,0.0,0.0,0.0,0.0,0.0,0.0,0.0,0.0,0.0,0.0,0.0,0.0,0.0,0.0,0.0,0.0,0.0,0.0,0.0,0.0,0.0,0.0,0.0,0.0,0.0,0.0,0.0,0.0,0.0,0.0,0.0,0.0,0.0,0.0,0.0,0.0,0.0,0.0,0.0,0.0,0.0,0.0,0.0,0.0,0.0,0.0,0.0,0.0,0.0,0.0,0.0,0.0,0.0,0.0,0.0,0.0,0.0,0.0,0.0,0.0,0.0,0.0,0.0,0.0,0.0,0.0,0.0,0.0,0.0,0.0,0.0,0.0,0.0,0.0,0.0,0.0,0.0,0.0,0.0,0.0,0.0,0.0,0.0,0.0,0.0,0.0,0.0,0.0,0.0,0.0,0.0,0.0,0.0,0.0,0.0,0.0,0.0,0.0
frame_00125.jpg,0.0,0.0,0.0,0.0,0.0,0.0,0.0,0.0,0.0,0.0,0.0,0.0,0.0,0.0,0.0,0.0,0.0,0.0,0.0,0.0,0.0,0.0,0.0,0.0,0.0,0.0,0.0,0.0,0.0,0.0,0.0,0.0,0.0,0.0,0.0,0.0,0.0,0.0,0.0,0.0,0.0,0.0,0.0,0.0,0.0,0.0,0.0,0.0,0.0,0.0,0.0,0.0,0.0,0.0,0.0,0.0,0.0,0.0,0.0,0.0,0.0,0.0,0.0,0.0,0.0,0.0,0.0,0.0,0.0,0.0,0.0,0.0,0.0,0.0,0.0,0.0,0.0,0.0,0.0,0.0,0.0,0.0,0.0,0.0,0.0,0.0,0.0,0.0,0.0,0.0,0.0,0.0,0.0,0.0,0.0,0.0,0.0,0.0,0.0
frame_00126.jpg,0.0,0.0,0.0,0.0,0.0,0.0,0.0,0.0,0.0,0.0,0.0,0.0,0.0,0.0,0.0,0.0,0.0,0.0,0.0,0.0,0.0,0.0,0.0,0.0,0.0,0.0,0.0,0.0,0.0,0.0,0.0,0.0,0.0,0.0,0.0,0.0,0.0,0.0,0.0,0.0,0.0,0.0,0.0,0.0,0.0,0.0,0.0,0.0,0.0,0.0,0.0,0.0,0.0,0.0,0.0,0.0,0.0,0.0,0.0,0.0,0.0,0.0,0.0,0.0,0.0,0.0,0.0,0.0,0.0,0.0,0.0,0.0,0.0,0.0,0.0,0.0,0.0,0.0,0.0,0.0,0.0,0.0,0.0,0.0,0.0,0.0,0.0,0.0,0.0,0.0,0.0,0.0,0.0,0.0,0.0,0.0,0.0,0.0,0.0
frame_00127.jpg,0.0,0.0,0.0,0.0,0.0,0.0,0.0,0.0,0.0,0.0,0.0,0.0,0.0,0.0,0.0,0.0,0.0,0.0,0.0,0.0,0.0,0.0,0.0,0.0,0.0,0.0,0.0,0.0,0.0,0.0,0.0,0.0,0.0,0.0,0.0,0.0,0.0,0.0,0.0,0.0,0.0,0.0,0.0,0.0,0.0,0.0,0.0,0.0,0.0,0.0,0.0,0.0,0.0,0.0,0.0,0.0,0.0,0.0,0.0,0.0,0.0,0.0,0.0,0.0,0.0,0.0,0.0,0.0,0.0,0.0,0.0,0.0,0.0,0.0,0.0,0.0,0.0,0.0,0.0,0.0,0.0,0.0,0.0,0.0,0.0,0.0,0.0,0.0,0.0,0.0,0.0,0.0,0.0,0.0,0.0,0.0,0.0,0.0,0.0
frame_00128.jpg,0.0,0.0,0.0,0.0,0.0,0.0,0.0,0.0,0.0,0.0,0.0,0.0,0.0,0.0,0.0,0.0,0.0,0.0,0.0,0.0,0.0,0.0,0.0,0.0,0.0,0.0,0.0,0.0,0.0,0.0,0.0,0.0,0.0,0.0,0.0,0.0,0.0,0.0,0.0,0.0,0.0,0.0,0.0,0.0,0.0,0.0,0.0,0.0,0.0,0.0,0.0,0.0,0.0,0.0,0.0,0.0,0.0,0.0,0.0,0.0,0.0,0.0,0.0,0.0,0.0,0.0,0.0,0.0,0.0,0.0,0.0,0.0,0.0,0.0,0.0,0.0,0.0,0.0,0.0,0.0,0.0,0.0,0.0,0.0,0.0,0.0,0.0,0.0,0.0,0.0,0.0,0.0,0.0,0.0,0.0,0.0,0.0,0.0,0.0
frame_00129.jpg,0.0,0.0,0.0,0.0,0.0,0.0,0.0,0.0,0.0,0.0,0.0,0.0,0.0,0.0,0.0,0.0,0.0,0.0,0.0,0.0,0.0,0.0,0.0,0.0,0.0,0.0,0.0,0.0,0.0,0.0,0.0,0.0,0.0,0.0,0.0,0.0,0.0,0.0,0.0,0.0,0.0,0.0,0.0,0.0,0.0,0.0,0.0,0.0,0.0,0.0,0.0,0.0,0.0,0.0,0.0,0.0,0.0,0.0,0.0,0.0,0.0,0.0,0.0,0.0,0.0,0.0,0.0,0.0,0.0,0.0,0.0,0.0,0.0,0.0,0.0,0.0,0.0,0.0,0.0,0.0,0.0,0.0,0.0,0.0,0.0,0.0,0.0,0.0,0.0,0.0,0.0,0.0,0.0,0.0,0.0,0.0,0.0,0.0,0.0
frame_00130.jpg,0.0,0.0,0.0,0.0,0.0,0.0,0.0,0.0,0.0,0.0,0.0,0.0,0.0,0.0,0.0,0.0,0.0,0.0,0.0,0.0,0.0,0.0,0.0,0.0,0.0,0.0,0.0,0.0,0.0,0.0,0.0,0.0,0.0,0.0,0.0,0.0,0.0,0.0,0.0,0.0,0.0,0.0,0.0,0.0,0.0,0.0,0.0,0.0,0.0,0.0,0.0,0.0,0.0,0.0,0.0,0.0,0.0,0.0,0.0,0.0,0.0,0.0,0.0,0.0,0.0,0.0,0.0,0.0,0.0,0.0,0.0,0.0,0.0,0.0,0.0,0.0,0.0,0.0,0.0,0.0,0.0,0.0,0.0,0.0,0.0,0.0,0.0,0.0,0.0,0.0,0.0,0.0,0.0,0.0,0.0,0.0,0.0,0.0,0.0
frame_00131.jpg,0.0,0.0,0.0,0.0,0.0,0.0,0.0,0.0,0.0,0.0,0.0,0.0,0.0,0.0,0.0,0.0,0.0,0.0,0.0,0.0,0.0,0.0,0.0,0.0,0.0,0.0,0.0,0.0,0.0,0.0,0.0,0.0,0.0,0.0,0.0,0.0,0.0,0.0,0.0,0.0,0.0,0.0,0.0,0.0,0.0,0.0,0.0,0.0,0.0,0.0,0.0,0.0,0.0,0.0,0.0,0.0,0.0,0.0,0.0,0.0,0.0,0.0,0.0,0.0,0.0,0.0,0.0,0.0,0.0,0.0,0.0,0.0,0.0,0.0,0.0,0.0,0.0,0.0,0.0,0.0,0.0,0.0,0.0,0.0,0.0,0.0,0.0,0.0,0.0,0.0,0.0,0.0,0.0,0.0,0.0,0.0,0.0,0.0,0.0
frame_00132.jpg,0.0,0.0,0.0,0.0,0.0,0.0,0.0,0.0,0.0,0.0,0.0,0.0,0.0,0.0,0.0,0.0,0.0,0.0,0.0,0.0,0.0,0.0,0.0,0.0,0.0,0.0,0.0,0.0,0.0,0.0,0.0,0.0,0.0,0.0,0.0,0.0,0.0,0.0,0.0,0.0,0.0,0.0,0.0,0.0,0.0,0.0,0.0,0.0,0.0,0.0,0.0,0.0,0.0,0.0,0.0,0.0,0.0,0.0,0.0,0.0,0.0,0.0,0.0,0.0,0.0,0.0,0.0,0.0,0.0,0.0,0.0,0.0,0.0,0.0,0.0,0.0,0.0,0.0,0.0,0.0,0.0,0.0,0.0,0.0,0.0,0.0,0.0,0.0,0.0,0.0,0.0,0.0,0.0,0.0,0.0,0.0,0.0,0.0,0.0
frame_00133.jpg,0.0,0.0,0.0,0.0,0.0,0.0,0.0,0.0,0.0,0.0,0.0,0.0,0.0,0.0,0.0,0.0,0.0,0.0,0.0,0.0,0.0,0.0,0.0,0.0,0.0,0.0,0.0,0.0,0.0,0.0,0.0,0.0,0.0,0.0,0.0,0.0,0.0,0.0,0.0,0.0,0.0,0.0,0.0,0.0,0.0,0.0,0.0,0.0,0.0,0.0,0.0,0.0,0.0,0.0,0.0,0.0,0.0,0.0,0.0,0.0,0.0,0.0,0.0,0.0,0.0,0.0,0.0,0.0,0.0,0.0,0.0,0.0,0.0,0.0,0.0,0.0,0.0,0.0,0.0,0.0,0.0,0.0,0.0,0.0,0.0,0.0,0.0,0.0,0.0,0.0,0.0,0.0,0.0,0.0,0.0,0.0,0.0,0.0,0.0
frame_00134.jpg,0.5565875172615051,0.41806113719940186,-0.09452161192893982,0.5622975826263428,0.40764570236206055,-0.11323686689138412,0.5631818175315857,0.40729114413261414,-0.11341587454080582,0.5640565752983093,0.4073442220687866,-0.11336033046245575,0.5625161528587341,0.4079543352127075,-0.09180673956871033,0.5636060833930969,0.4081351161003113,-0.09204863756895065,0.5646651983261108,0.40814656019210815,-0.09215511381626129,0.5736281871795654,0.41102737188339233,-0.15487614274024963,0.5753052234649658,0.4109560251235962,-0.0579841323196888,0.5597777962684631,0.4268038868904114,-0.10146366059780121,0.5600218176841736,0.4275163412094116,-0.07517363876104355,0.5586961507797241,0.45978763699531555,-0.18571385741233826,0.6016637086868286,0.4536558985710144,0.036422356963157654,0.5034967064857483,0.5300104022026062,-0.21548256278038025,0.5868516564369202,0.501227080821991,0.13634026050567627,0.4331395626068115,0.558442234992981,-0.18922701478004456,0.58326256275177,0.5345466732978821,0.18403413891792297,0.41719526052474976,0.5655608773231506,-0.20978698134422302,0.586054801940918,0.5436916351318359,0.19046162068843842,0.415904700756073,0.5602561831474304,-0.19845765829086304,0.5834370851516724,0.5424929261207581,0.17457327246665955,0.4227221608161926,0.5585827231407166,-0.18125909566879272,0.5812512636184692,0.539867103099823,0.1781236082315445,0.5512630939483643,0.6035791039466858,-0.054658643901348114,0.5735495090484619,0.6016322374343872,0.054541610181331635,0.5222042798995972,0.7279075980186462,0.03461676090955734,0.5672613978385925,0.7196510434150696,0.07352893054485321,0.494274377822876,0.8003819584846497,0.19618940353393555,0.5856133699417114,0.8219661712646484,0.17123083770275116,0.4953187108039856,0.8124401569366455,0.21018271148204803,0.5925337076187134,0.8369247317314148,0.1808985322713852,0.466897189617157,0.8202217221260071,0.17158937454223633,0.5734043717384338,0.8525804281234741,0.14129699766635895
frame_00135.jpg,0.5569571852684021,0.39886361360549927,-0.48388829827308655,0.5627816915512085,0.38652125000953674,-0.5002524256706238,0.5642328262329102,0.3852996826171875,-0.5005587935447693,0.5658043026924133,0.3844984471797943,-0.5005449056625366,0.5618654489517212,0.38889047503471375,-0.4832581579685211,0.5622217655181885,0.3898453712463379,-0.4835408329963684,0.5623906850814819,0.3906703293323517,-0.48372387886047363,0.5779615640640259,0.38495200872421265,-0.48632368445396423,0.572216272354126,0.3921884000301361,-0.4080783426761627,0.5628646612167358,0.4062477648258209,-0.46843940019607544,0.5606535077095032,0.4100865125656128,-0.4474238455295563,0.5968183875083923,0.45213720202445984,-0.41538843512535095,0.5723315477371216,0.4347792863845825,-0.2707656919956207,0.5453514456748962,0.5425985455513,-0.38863059878349304,0.5480194091796875,0.5031294226646423,-0.21827158331871033,0.499788373708725,0.5972546935081482,-0.3970194458961487,0.5184410810470581,0.5787648558616638,-0.2868750989437103,0.48967403173446655,0.614668607711792,-0.42828816175460815,0.5092278718948364,0.5973779559135437,-0.3123474419116974,0.48805713653564453,0.6045998930931091,-0.444448858499527,0.5067552328109741,0.6016179323196411,-0.346087783575058,0.4918382167816162,0.5967380404472351,-0.40145283937454224,0.5124847888946533,0.5947793126106262,-0.3034234642982483,0.5721995830535889,0.5838621258735657,-0.030282896012067795,0.5590020418167114,0.5734081268310547,0.03023969754576683,0.5386919379234314,0.712211012840271,0.046082984656095505,0.5554676651954651,0.7032750844955444,0.05532662943005562,0.544869065284729,0.8101626634597778,0.2595897316932678,0.5634022355079651,0.8165223598480225,0.19267483055591583,0.5423926711082458,0.8260652422904968,0.2734617292881012,0.568245530128479,0.8340776562690735,0.20227809250354767,0.5455480217933655,0.8386761546134949,0.18010880053043365,0.5556879043579102,0.8460731506347656,0.111341193318367
frame_00136.jpg,0.5787979364395142,0.382366806268692,-0.46765780448913574,0.5849303603172302,0.3713703155517578,-0.4687718451023102,0.5873118042945862,0.37101709842681885,-0.46907347440719604,0.5897114872932434,0.37108364701271057,-0.469060480594635,0.578574538230896,0.37127771973609924,-0.4652387201786041,0.5769725441932678,0.37133389711380005,-0.46552973985671997,0.5752884745597839,0.37126243114471436,-0.4657071530818939,0.5969192385673523,0.3731757700443268,-0.4039132595062256,0.5766242742538452,0.37260520458221436,-0.3867524564266205,0.5836023092269897,0.3920348584651947,-0.4355930685997009,0.5766549110412598,0.3925754725933075,-0.4323737621307373,0.6144075989723206,0.44453322887420654,-0.30663397908210754,0.5575046539306641,0.42038393020629883,-0.2801000475883484,0.5853893756866455,0.5406381487846375,-0.32785889506340027,0.5329657196998596,0.49636051058769226,-0.26506760716438293,0.5804113149642944,0.604977548122406,-0.29685455560684204,0.5038055181503296,0.568843424320221,-0.35708320140838623,0.5813441276550293,0.624965488910675,-0.32185250520706177,0.492419958114624,0.5862864851951599,-0.3901400864124298,0.5810929536819458,0.6206509470939636,-0.34947967529296875,0.4923861026763916,0.5907506346702576,-0.4214499890804291,0.578579306602478,0.6112918257713318,-0.3069067597389221,0.4997416138648987,0.5845364332199097,-0.372855007648468,0.5785459280014038,0.5726127028465271,0.0015034718671813607,0.5485116243362427,0.5614123940467834,-0.0015677681658416986,0.5587826371192932,0.7135693430900574,0.04432864487171173,0.5538269281387329,0.6951834559440613,-0.021992728114128113,0.54615718126297,0.8217801451683044,0.21993450820446014,0.5648601055145264,0.8063079714775085,0.1334829032421112,0.5394161343574524,0.8376470804214478,0.2233060896396637,0.5697396397590637,0.8215648531913757,0.1437564641237259,0.5528095364570618,0.8605486154556274,0.10417398065328598,0.5591253638267517,0.8414552807807922,0.037751778960227966
frame_00137.jpg,0.5686301589012146,0.3911398649215698,-0.3469123840332031,0.5724602937698364,0.37853625416755676,-0.3680749535560608,0.5731302499771118,0.37765976786613464,-0.3683282732963562,0.5737701654434204,0.37716227769851685,-0.36825865507125854,0.571006715297699,0.37949520349502563,-0.3517570495605469,0.5709918737411499,0.3797317147254944,-0.352021187543869,0.570836067199707,0.37981459498405457,-0.35212376713752747,0.5803878307342529,0.3744654953479767,-0.39688146114349365,0.5751043558120728,0.3797510862350464,-0.3229755163192749,0.5711463689804077,0.40006503462791443,-0.3468583822250366,0.569547712802887,0.40112122893333435,-0.3270825743675232,0.5734853744506836,0.44585901498794556,-0.3563985228538513,0.5877795815467834,0.4277535676956177,-0.21188870072364807,0.5529374480247498,0.541854739189148,-0.3522014319896698,0.5938385725021362,0.4960939288139343,-0.10555584728717804,0.5384103655815125,0.5926170349121094,-0.3278571665287018,0.5997812151908875,0.5400579571723938,-0.0657317042350769,0.4827496409416199,0.6118795275688171,-0.346455454826355,0.6042739748954773,0.5497474074363708,-0.07607190310955048,0.48226800560951233,0.6095889210700989,-0.34815713763237,0.6005704998970032,0.5473431944847107,-0.1019047275185585,0.5002978444099426,0.6025165319442749,-0.3250148892402649,0.5975750684738159,0.5429083704948425,-0.07595278322696686,0.5685043931007385,0.5687183141708374,-0.013711968436837196,0.562892735004425,0.5632476210594177,0.013743406161665916,0.5644024610519409,0.7138740420341492,-0.002469551982358098,0.557956337928772,0.6819207072257996,0.00818135030567646,0.5585012435913086,0.8214033246040344,0.09955286234617233,0.5707345604896545,0.7781811952590942,0.17066121101379395,0.5551337003707886,0.8382702469825745,0.10421322286128998,0.5735665559768677,0.7918405532836914,0.1825651228427887,0.5572996735572815,0.8521791696548462,0.025146162137389183,0.5735664367675781,0.8056878447532654,0.118486687541008
frame_00138.jpg,0.5336000919342041,0.39187124371528625,-0.4804912209510803,0.5378407835960388,0.38375324010849,-0.48375582695007324,0.5412994027137756,0.3829176723957062,-0.4840279519557953,0.5447519421577454,0.3822062909603119,-0.48400798439979553,0.5283572673797607,0.3829106390476227,-0.4759220480918884,0.5255385041236877,0.38164952397346497,-0.4762382507324219,0.5226566791534424,0.3806479275226593,-0.4764572083950043,0.5567106008529663,0.3802737891674042,-0.41585779190063477,0.5253223776817322,0.3847046494483948,-0.37922435998916626,0.545278012752533,0.40389689803123474,-0.4454876780509949,0.534716784954071,0.4047698378562927,-0.4364207684993744,0.590426504611969,0.44626790285110474,-0.30498072504997253,0.5145589113235474,0.4295444190502167,-0.27407267689704895,0.5677734613418579,0.544106125831604,-0.2982301712036133,0.49577659368515015,0.49644267559051514,-0.30332130193710327,0.5392254590988159,0.5622872710227966,-0.3541696071624756,0.52497798204422,0.530648410320282,-0.4677845537662506,0.5248623490333557,0.5680938363075256,-0.38209694623947144,0.532414972782135,0.5435186624526978,-0.5183297991752625,0.531876266002655,0.5533602237701416,-0.4010501801967621,0.5404307842254639,0.5310176014900208,-0.5271026492118835,0.5356528759002686,0.5492905378341675,-0.36048832535743713,0.5396859049797058,0.5252442955970764,-0.4757845997810364,0.5637718439102173,0.5738149285316467,-0.0020039554219692945,0.5141611099243164,0.5658390522003174,0.0019861345645040274,0.5613306164741516,0.7148080468177795,-0.09176767617464066,0.5177385807037354,0.6871599555015564,-0.13431882858276367,0.5595083236694336,0.8303907513618469,0.059603042900562286,0.5383511781692505,0.7915872931480408,0.03875609114766121,0.5531124472618103,0.8513842821121216,0.06755117326974869,0.5455626845359802,0.8056678175926208,0.05184955522418022,0.5779038071632385,0.8547153472900391,-0.05338294431567192,0.5352972745895386,0.8211345076560974,-0.06286639720201492
frame_00139.jpg,0.5153428316116333,0.3783646523952484,-0.38627517223358154,0.5197232961654663,0.36277976632118225,-0.3912683427333832,0.5232092142105103,0.35966500639915466,-0.39152368903160095,0.5267006158828735,0.3569135069847107,-0.39147260785102844,0.5111866593360901,0.36981016397476196,-0.3762376606464386,0.5092131495475769,0.3720816671848297,-0.37654727697372437,0.5071762204170227,0.3741771876811981,-0.37675315141677856,0.5432953834533691,0.3554513156414032,-0.3435446619987488,0.5158440470695496,0.37863585352897644,-0.27551817893981934,0.529808759689331,0.3853277266025543,-0.3592960834503174,0.5207192897796631,0.3949928879737854,-0.3405062258243561,0.5903635025024414,0.43108099699020386,-0.2613202631473541,0.5136392116546631,0.42515119910240173,-0.1716228425502777,0.5616095662117004,0.5308476090431213,-0.28998544812202454,0.49193501472473145,0.4950782060623169,-0.15212589502334595,0.53583824634552,0.552760124206543,-0.4028177261352539,0.4934135973453522,0.5344530344009399,-0.28360188007354736,0.5286052227020264,0.5605904459953308,-0.4417436718940735,0.4924371838569641,0.5532065629959106,-0.32338947057724,0.533136785030365,0.5477697849273682,-0.4593295454978943,0.49571365118026733,0.5392521023750305,-0.3478516638278961,0.5347618460655212,0.5433846116065979,-0.4105346202850342,0.49855297803878784,0.52825528383255,-0.2976953387260437,0.556289553642273,0.5775231719017029,-0.012017409317195415,0.5069829225540161,0.5694995522499084,0.011984425596892834,0.5611133575439453,0.7201042175292969,-0.08123385161161423,0.49605339765548706,0.6838836669921875,-0.1590905487537384,0.5594083070755005,0.8328977227210999,0.06963415443897247,0.5252777338027954,0.7891345620155334,-0.008201340213418007,0.5496484637260437,0.8563127517700195,0.07689790427684784,0.5352413058280945,0.8068129420280457,0.0025619473308324814,0.5893339514732361,0.8568775057792664,-0.043070871382951736,0.5211332440376282,0.8136819005012512,-0.10967657715082169
frame_00140.jpg,0.6023982763290405,0.42931416630744934,-0.48976168036460876,0.6112920641899109,0.425320565700531,-0.5068298578262329,0.6118694543838501,0.4275375306606293,-0.507113516330719,0.6124148368835449,0.43018531799316406,-0.5070492029190063,0.6110818982124329,0.41859033703804016,-0.48899608850479126,0.611857533454895,0.4165072441101074,-0.48926839232444763,0.6126059293746948,0.41427528858184814,-0.48944368958473206,0.6192089915275574,0.43373116850852966,-0.49189266562461853,0.6200991868972778,0.41178882122039795,-0.4127010405063629,0.5998099446296692,0.4311518967151642,-0.4725828170776367,0.6002573370933533,0.42880120873451233,-0.45134449005126953,0.6027517318725586,0.4826938509941101,-0.4468449056148529,0.625490128993988,0.42535069584846497,-0.2330913096666336,0.5574100017547607,0.5328760743141174,-0.4549275040626526,0.59762042760849,0.4589831233024597,-0.15091834962368011,0.5201154351234436,0.5566529035568237,-0.48600107431411743,0.57939612865448,0.4533325731754303,-0.1989298164844513,0.5121386647224426,0.5651998519897461,-0.5296844244003296,0.5793150663375854,0.4468759000301361,-0.2182074338197708,0.528285026550293,0.5521519780158997,-0.5352714657783508,0.5744181871414185,0.44623854756355286,-0.2453283965587616,0.5271472930908203,0.5474121570587158,-0.4879016876220703,0.5729923248291016,0.4504545032978058,-0.21209010481834412,0.5833771824836731,0.5872287154197693,-0.06090486794710159,0.5931710600852966,0.5718491077423096,0.06083067134022713,0.565078616142273,0.7088378667831421,0.02706795372068882,0.5606468319892883,0.6757572293281555,0.12372245639562607,0.5716810822486877,0.8041899800300598,0.19759096205234528,0.5700918436050415,0.7799825668334961,0.30541715025901794,0.5794700384140015,0.8241231441497803,0.20806941390037537,0.5762411952018738,0.7970813512802124,0.32077333331108093,0.557274580001831,0.8141549229621887,0.10542843490839005,0.5477314591407776,0.7981236577033997,0.24343261122703552
frame_00141.jpg,0.0,0.0,0.0,0.0,0.0,0.0,0.0,0.0,0.0,0.0,0.0,0.0,0.0,0.0,0.0,0.0,0.0,0.0,0.0,0.0,0.0,0.0,0.0,0.0,0.0,0.0,0.0,0.0,0.0,0.0,0.0,0.0,0.0,0.0,0.0,0.0,0.0,0.0,0.0,0.0,0.0,0.0,0.0,0.0,0.0,0.0,0.0,0.0,0.0,0.0,0.0,0.0,0.0,0.0,0.0,0.0,0.0,0.0,0.0,0.0,0.0,0.0,0.0,0.0,0.0,0.0,0.0,0.0,0.0,0.0,0.0,0.0,0.0,0.0,0.0,0.0,0.0,0.0,0.0,0.0,0.0,0.0,0.0,0.0,0.0,0.0,0.0,0.0,0.0,0.0,0.0,0.0,0.0,0.0,0.0,0.0,0.0,0.0,0.0
frame_00142.jpg,0.0,0.0,0.0,0.0,0.0,0.0,0.0,0.0,0.0,0.0,0.0,0.0,0.0,0.0,0.0,0.0,0.0,0.0,0.0,0.0,0.0,0.0,0.0,0.0,0.0,0.0,0.0,0.0,0.0,0.0,0.0,0.0,0.0,0.0,0.0,0.0,0.0,0.0,0.0,0.0,0.0,0.0,0.0,0.0,0.0,0.0,0.0,0.0,0.0,0.0,0.0,0.0,0.0,0.0,0.0,0.0,0.0,0.0,0.0,0.0,0.0,0.0,0.0,0.0,0.0,0.0,0.0,0.0,0.0,0.0,0.0,0.0,0.0,0.0,0.0,0.0,0.0,0.0,0.0,0.0,0.0,0.0,0.0,0.0,0.0,0.0,0.0,0.0,0.0,0.0,0.0,0.0,0.0,0.0,0.0,0.0,0.0,0.0,0.0
frame_00143.jpg,0.0,0.0,0.0,0.0,0.0,0.0,0.0,0.0,0.0,0.0,0.0,0.0,0.0,0.0,0.0,0.0,0.0,0.0,0.0,0.0,0.0,0.0,0.0,0.0,0.0,0.0,0.0,0.0,0.0,0.0,0.0,0.0,0.0,0.0,0.0,0.0,0.0,0.0,0.0,0.0,0.0,0.0,0.0,0.0,0.0,0.0,0.0,0.0,0.0,0.0,0.0,0.0,0.0,0.0,0.0,0.0,0.0,0.0,0.0,0.0,0.0,0.0,0.0,0.0,0.0,0.0,0.0,0.0,0.0,0.0,0.0,0.0,0.0,0.0,0.0,0.0,0.0,0.0,0.0,0.0,0.0,0.0,0.0,0.0,0.0,0.0,0.0,0.0,0.0,0.0,0.0,0.0,0.0,0.0,0.0,0.0,0.0,0.0,0.0
frame_00144.jpg,0.0,0.0,0.0,0.0,0.0,0.0,0.0,0.0,0.0,0.0,0.0,0.0,0.0,0.0,0.0,0.0,0.0,0.0,0.0,0.0,0.0,0.0,0.0,0.0,0.0,0.0,0.0,0.0,0.0,0.0,0.0,0.0,0.0,0.0,0.0,0.0,0.0,0.0,0.0,0.0,0.0,0.0,0.0,0.0,0.0,0.0,0.0,0.0,0.0,0.0,0.0,0.0,0.0,0.0,0.0,0.0,0.0,0.0,0.0,0.0,0.0,0.0,0.0,0.0,0.0,0.0,0.0,0.0,0.0,0.0,0.0,0.0,0.0,0.0,0.0,0.0,0.0,0.0,0.0,0.0,0.0,0.0,0.0,0.0,0.0,0.0,0.0,0.0,0.0,0.0,0.0,0.0,0.0,0.0,0.0,0.0,0.0,0.0,0.0
frame_00145.jpg,0.5412049889564514,0.34983670711517334,-0.0839315876364708,0.5431336164474487,0.34266045689582825,-0.07113581895828247,0.5450800657272339,0.3420117199420929,-0.07126466929912567,0.5470609664916992,0.34164154529571533,-0.0712500810623169,0.5366338491439819,0.34444382786750793,-0.07412081211805344,0.5344865322113037,0.3452269434928894,-0.07431235909461975,0.5322975516319275,0.34588703513145447,-0.07441921532154083,0.54930180311203,0.34617507457733154,-0.0044807433150708675,0.528758704662323,0.35164082050323486,-0.0174297746270895,0.5455829501152039,0.3581168055534363,-0.05738867074251175,0.5380851626396179,0.3604169189929962,-0.06226964667439461,0.5625925064086914,0.39792919158935547,0.03190557658672333,0.5235366821289062,0.40164750814437866,0.009567372500896454,0.5703911781311035,0.4599620997905731,0.04614466056227684,0.5200721621513367,0.4707735776901245,-0.012940661981701851,0.5721319317817688,0.48902416229248047,-0.009760507382452488,0.5307791233062744,0.5144386291503906,-0.08990359306335449,0.5733433365821838,0.49740830063819885,-0.02230706997215748,0.5318560004234314,0.5286203026771545,-0.1119132786989212,0.5723423957824707,0.49112045764923096,-0.0382547564804554,0.5352963209152222,0.5245658755302429,-0.11965916305780411,0.5711632966995239,0.4881890118122101,-0.01683465950191021,0.5358974933624268,0.5188477039337158,-0.09485233575105667,0.5556786060333252,0.5281631946563721,-0.002707087667658925,0.5305261015892029,0.5233857035636902,0.002532701473683119,0.5482627749443054,0.5654436945915222,-0.04421461746096611,0.49476727843284607,0.5442447662353516,-0.046967778354883194,0.5430324673652649,0.6079138517379761,0.039415325969457626,0.4966263175010681,0.5995870232582092,0.0012964577181264758,0.5448237061500549,0.6132611036300659,0.04606785625219345,0.5022812485694885,0.6107801198959351,0.005539560690522194,0.5266465544700623,0.6235803365707397,0.004058102145791054,0.4832475781440735,0.6127579808235168,-0.03587658703327179
frame_00146.jpg,0.5365990996360779,0.35597988963127136,-0.027788575738668442,0.5394681096076965,0.34662729501724243,-0.030655335634946823,0.5409234166145325,0.3455723822116852,-0.030772021040320396,0.5423977375030518,0.3448353111743927,-0.030766624957323074,0.5356582403182983,0.3489270806312561,-0.018484702333807945,0.5343234539031982,0.349740207195282,-0.018674811348319054,0.5324199199676514,0.3504103720188141,-0.018757633864879608,0.5473813414573669,0.3468690514564514,-0.014674936421215534,0.5342223048210144,0.3533400297164917,0.03422797471284866,0.540478527545929,0.361785888671875,-0.020461946725845337,0.5365865230560303,0.36477333307266235,-0.005605011712759733,0.5501696467399597,0.39556142687797546,-0.03826753795146942,0.5413185954093933,0.39728838205337524,0.09682873636484146,0.5370169281959534,0.4656444191932678,-0.056986451148986816,0.5260708928108215,0.4608445167541504,0.09017519652843475,0.5288422107696533,0.5093756318092346,-0.057024996727705,0.5268372297286987,0.5132608413696289,0.011534432880580425,0.5291417837142944,0.5195915699005127,-0.0701654851436615,0.5245370268821716,0.5277727842330933,0.001379559631459415,0.5283775329589844,0.5157926082611084,-0.07299743592739105,0.5269144773483276,0.5249024033546448,-0.012332556769251823,0.5291062593460083,0.5128382444381714,-0.057022057473659515,0.5281810164451599,0.5194714665412903,0.003233638359233737,0.5442908406257629,0.5240908861160278,-0.047738008201122284,0.534523606300354,0.5210573077201843,0.04758791625499725,0.5051199197769165,0.5796278119087219,-0.05929996445775032,0.4969138503074646,0.5992242097854614,0.04484337195754051,0.4878281056880951,0.5939812064170837,0.02036837860941887,0.5029113292694092,0.6260191202163696,0.060869283974170685,0.49081093072891235,0.5977617502212524,0.028322968631982803,0.5091938972473145,0.6323692798614502,0.06294484436511993,0.4629567563533783,0.592239260673523,0.007415310479700565,0.48716798424720764,0.6339084506034851,0.041655443608760834
frame_00147.jpg,0.0,0.0,0.0,0.0,0.0,0.0,0.0,0.0,0.0,0.0,0.0,0.0,0.0,0.0,0.0,0.0,0.0,0.0,0.0,0.0,0.0,0.0,0.0,0.0,0.0,0.0,0.0,0.0,0.0,0.0,0.0,0.0,0.0,0.0,0.0,0.0,0.0,0.0,0.0,0.0,0.0,0.0,0.0,0.0,0.0,0.0,0.0,0.0,0.0,0.0,0.0,0.0,0.0,0.0,0.0,0.0,0.0,0.0,0.0,0.0,0.0,0.0,0.0,0.0,0.0,0.0,0.0,0.0,0.0,0.0,0.0,0.0,0.0,0.0,0.0,0.0,0.0,0.0,0.0,0.0,0.0,0.0,0.0,0.0,0.0,0.0,0.0,0.0,0.0,0.0,0.0,0.0,0.0,0.0,0.0,0.0,0.0,0.0,0.0
frame_00148.jpg,0.0,0.0,0.0,0.0,0.0,0.0,0.0,0.0,0.0,0.0,0.0,0.0,0.0,0.0,0.0,0.0,0.0,0.0,0.0,0.0,0.0,0.0,0.0,0.0,0.0,0.0,0.0,0.0,0.0,0.0,0.0,0.0,0.0,0.0,0.0,0.0,0.0,0.0,0.0,0.0,0.0,0.0,0.0,0.0,0.0,0.0,0.0,0.0,0.0,0.0,0.0,0.0,0.0,0.0,0.0,0.0,0.0,0.0,0.0,0.0,0.0,0.0,0.0,0.0,0.0,0.0,0.0,0.0,0.0,0.0,0.0,0.0,0.0,0.0,0.0,0.0,0.0,0.0,0.0,0.0,0.0,0.0,0.0,0.0,0.0,0.0,0.0,0.0,0.0,0.0,0.0,0.0,0.0,0.0,0.0,0.0,0.0,0.0,0.0
frame_00149.jpg,0.6052964925765991,0.332183837890625,-0.17022527754306793,0.606316864490509,0.32416820526123047,-0.18338613212108612,0.6057242155075073,0.3243214786052704,-0.18356280028820038,0.6051393747329712,0.32482558488845825,-0.1835443526506424,0.6082335114479065,0.3239787817001343,-0.1803128570318222,0.609352707862854,0.32430151104927063,-0.18054698407649994,0.6104491353034973,0.32450681924819946,-0.18064746260643005,0.6046744585037231,0.3324901759624481,-0.1957387626171112,0.6140407919883728,0.3318476378917694,-0.18232136964797974,0.6040835976600647,0.34280508756637573,-0.1657576560974121,0.6059362888336182,0.34284526109695435,-0.16340519487857819,0.5709253549575806,0.39633339643478394,-0.16114680469036102,0.64073246717453,0.3803749978542328,-0.11746519804000854,0.5383990406990051,0.4838535189628601,-0.110628642141819,0.6577091813087463,0.45401886105537415,-0.03675299882888794,0.5184699296951294,0.5298542976379395,-0.06226206570863724,0.6435812711715698,0.47828879952430725,0.03990395739674568,0.5107380747795105,0.5431979894638062,-0.06572715938091278,0.6458116173744202,0.4839165508747101,0.04155869036912918,0.5148674845695496,0.5364350080490112,-0.07485517859458923,0.6383684277534485,0.4816470444202423,0.030132625252008438,0.5200455188751221,0.5319842100143433,-0.06257788836956024,0.6352875828742981,0.47983747720718384,0.03726575896143913,0.5750885605812073,0.5589443445205688,-0.00572816701605916,0.6063970923423767,0.5574406385421753,0.005578332580626011,0.5810272097587585,0.7037990689277649,0.05064816027879715,0.5885390639305115,0.6754252910614014,0.036181043833494186,0.5934983491897583,0.7986106872558594,0.17363861203193665,0.5846238136291504,0.7900391221046448,0.153303861618042,0.5954015851020813,0.8156334757804871,0.18281269073486328,0.585085928440094,0.8103055357933044,0.16335125267505646,0.5912374258041382,0.8153685331344604,0.15261739492416382,0.5776962041854858,0.8081985712051392,0.13312223553657532
frame_00150.jpg,0.0,0.0,0.0,0.0,0.0,0.0,0.0,0.0,0.0,0.0,0.0,0.0,0.0,0.0,0.0,0.0,0.0,0.0,0.0,0.0,0.0,0.0,0.0,0.0,0.0,0.0,0.0,0.0,0.0,0.0,0.0,0.0,0.0,0.0,0.0,0.0,0.0,0.0,0.0,0.0,0.0,0.0,0.0,0.0,0.0,0.0,0.0,0.0,0.0,0.0,0.0,0.0,0.0,0.0,0.0,0.0,0.0,0.0,0.0,0.0,0.0,0.0,0.0,0.0,0.0,0.0,0.0,0.0,0.0,0.0,0.0,0.0,0.0,0.0,0.0,0.0,0.0,0.0,0.0,0.0,0.0,0.0,0.0,0.0,0.0,0.0,0.0,0.0,0.0,0.0,0.0,0.0,0.0,0.0,0.0,0.0,0.0,0.0,0.0
frame_00151.jpg,0.0,0.0,0.0,0.0,0.0,0.0,0.0,0.0,0.0,0.0,0.0,0.0,0.0,0.0,0.0,0.0,0.0,0.0,0.0,0.0,0.0,0.0,0.0,0.0,0.0,0.0,0.0,0.0,0.0,0.0,0.0,0.0,0.0,0.0,0.0,0.0,0.0,0.0,0.0,0.0,0.0,0.0,0.0,0.0,0.0,0.0,0.0,0.0,0.0,0.0,0.0,0.0,0.0,0.0,0.0,0.0,0.0,0.0,0.0,0.0,0.0,0.0,0.0,0.0,0.0,0.0,0.0,0.0,0.0,0.0,0.0,0.0,0.0,0.0,0.0,0.0,0.0,0.0,0.0,0.0,0.0,0.0,0.0,0.0,0.0,0.0,0.0,0.0,0.0,0.0,0.0,0.0,0.0,0.0,0.0,0.0,0.0,0.0,0.0
frame_00152.jpg,0.0,0.0,0.0,0.0,0.0,0.0,0.0,0.0,0.0,0.0,0.0,0.0,0.0,0.0,0.0,0.0,0.0,0.0,0.0,0.0,0.0,0.0,0.0,0.0,0.0,0.0,0.0,0.0,0.0,0.0,0.0,0.0,0.0,0.0,0.0,0.0,0.0,0.0,0.0,0.0,0.0,0.0,0.0,0.0,0.0,0.0,0.0,0.0,0.0,0.0,0.0,0.0,0.0,0.0,0.0,0.0,0.0,0.0,0.0,0.0,0.0,0.0,0.0,0.0,0.0,0.0,0.0,0.0,0.0,0.0,0.0,0.0,0.0,0.0,0.0,0.0,0.0,0.0,0.0,0.0,0.0,0.0,0.0,0.0,0.0,0.0,0.0,0.0,0.0,0.0,0.0,0.0,0.0,0.0,0.0,0.0,0.0,0.0,0.0
frame_00153.jpg,0.0,0.0,0.0,0.0,0.0,0.0,0.0,0.0,0.0,0.0,0.0,0.0,0.0,0.0,0.0,0.0,0.0,0.0,0.0,0.0,0.0,0.0,0.0,0.0,0.0,0.0,0.0,0.0,0.0,0.0,0.0,0.0,0.0,0.0,0.0,0.0,0.0,0.0,0.0,0.0,0.0,0.0,0.0,0.0,0.0,0.0,0.0,0.0,0.0,0.0,0.0,0.0,0.0,0.0,0.0,0.0,0.0,0.0,0.0,0.0,0.0,0.0,0.0,0.0,0.0,0.0,0.0,0.0,0.0,0.0,0.0,0.0,0.0,0.0,0.0,0.0,0.0,0.0,0.0,0.0,0.0,0.0,0.0,0.0,0.0,0.0,0.0,0.0,0.0,0.0,0.0,0.0,0.0,0.0,0.0,0.0,0.0,0.0,0.0
frame_00154.jpg,0.0,0.0,0.0,0.0,0.0,0.0,0.0,0.0,0.0,0.0,0.0,0.0,0.0,0.0,0.0,0.0,0.0,0.0,0.0,0.0,0.0,0.0,0.0,0.0,0.0,0.0,0.0,0.0,0.0,0.0,0.0,0.0,0.0,0.0,0.0,0.0,0.0,0.0,0.0,0.0,0.0,0.0,0.0,0.0,0.0,0.0,0.0,0.0,0.0,0.0,0.0,0.0,0.0,0.0,0.0,0.0,0.0,0.0,0.0,0.0,0.0,0.0,0.0,0.0,0.0,0.0,0.0,0.0,0.0,0.0,0.0,0.0,0.0,0.0,0.0,0.0,0.0,0.0,0.0,0.0,0.0,0.0,0.0,0.0,0.0,0.0,0.0,0.0,0.0,0.0,0.0,0.0,0.0,0.0,0.0,0.0,0.0,0.0,0.0
frame_00155.jpg,0.0,0.0,0.0,0.0,0.0,0.0,0.0,0.0,0.0,0.0,0.0,0.0,0.0,0.0,0.0,0.0,0.0,0.0,0.0,0.0,0.0,0.0,0.0,0.0,0.0,0.0,0.0,0.0,0.0,0.0,0.0,0.0,0.0,0.0,0.0,0.0,0.0,0.0,0.0,0.0,0.0,0.0,0.0,0.0,0.0,0.0,0.0,0.0,0.0,0.0,0.0,0.0,0.0,0.0,0.0,0.0,0.0,0.0,0.0,0.0,0.0,0.0,0.0,0.0,0.0,0.0,0.0,0.0,0.0,0.0,0.0,0.0,0.0,0.0,0.0,0.0,0.0,0.0,0.0,0.0,0.0,0.0,0.0,0.0,0.0,0.0,0.0,0.0,0.0,0.0,0.0,0.0,0.0,0.0,0.0,0.0,0.0,0.0,0.0
frame_00156.jpg,0.6301052570343018,0.32025256752967834,0.12303788959980011,0.6293413043022156,0.3105751872062683,0.09489420056343079,0.6289388537406921,0.31076622009277344,0.09475716203451157,0.6283311247825623,0.3109959363937378,0.09477982670068741,0.6329690217971802,0.30854690074920654,0.11508645117282867,0.6354413628578186,0.3073972463607788,0.11494825035333633,0.6371596455574036,0.3064974248409271,0.11486659198999405,0.6319196820259094,0.3126230835914612,-0.009450569748878479,0.6484084129333496,0.3063569664955139,0.0820946991443634,0.6320210695266724,0.33057984709739685,0.09186437726020813,0.6363916397094727,0.32883235812187195,0.11701266467571259,0.6321971416473389,0.3574829399585724,-0.10450266301631927,0.7032626271247864,0.3485144078731537,0.0846768245100975,0.6175840497016907,0.44339072704315186,-0.17240718007087708,0.7336344122886658,0.40069618821144104,0.07055477797985077,0.5972815752029419,0.4966171979904175,-0.15661309659481049,0.7133858799934387,0.44880834221839905,0.05811313912272453,0.5979046821594238,0.5217404365539551,-0.16963787376880646,0.7100481390953064,0.46195030212402344,0.05720411613583565,0.5959823727607727,0.5151399374008179,-0.1626289039850235,0.7035171985626221,0.4622577130794525,0.049075473099946976,0.600203275680542,0.5075222849845886,-0.15126734972000122,0.703315258026123,0.4571034610271454,0.052693914622068405,0.6610354781150818,0.5034604668617249,-0.06059762090444565,0.7040202021598816,0.4973488450050354,0.060432493686676025,0.648120641708374,0.6325191259384155,0.0001141614411608316,0.6877800822257996,0.6184271574020386,0.10951535403728485,0.6547138690948486,0.7596251964569092,0.0053960043005645275,0.6929200887680054,0.742963969707489,0.1315336674451828,0.6599235534667969,0.7841252088546753,0.0029903706163167953,0.6988478899002075,0.7660806179046631,0.1321861743927002,0.6296952962875366,0.7787960767745972,-0.038761913776397705,0.6680845022201538,0.7671796083450317,0.10865867137908936
frame_00157.jpg,0.6237529516220093,0.31968069076538086,-0.07105125486850739,0.6277198791503906,0.3105820119380951,-0.09759601950645447,0.6277368664741516,0.3107668459415436,-0.0977320745587349,0.6275244355201721,0.3109946846961975,-0.09771104902029037,0.6290671825408936,0.3088517189025879,-0.07203257083892822,0.629977285861969,0.3080737888813019,-0.07227368652820587,0.6305609345436096,0.3075375556945801,-0.07237555086612701,0.6317810416221619,0.3125423491001129,-0.17314665019512177,0.6481216549873352,0.30691149830818176,-0.057019710540771484,0.631125807762146,0.33056432008743286,-0.09056214988231659,0.6329510807991028,0.32896801829338074,-0.058461010456085205,0.6350858211517334,0.36334797739982605,-0.21346041560173035,0.7019774913787842,0.34851130843162537,0.017446555197238922,0.6330453157424927,0.46476462483406067,-0.23568888008594513,0.7125694155693054,0.41585686802864075,0.07056541740894318,0.6222119927406311,0.5176892876625061,-0.166913241147995,0.7138475179672241,0.4608492851257324,0.07387800514698029,0.6201542615890503,0.532021701335907,-0.1744823306798935,0.7165597677230835,0.472332626581192,0.07661361992359161,0.6192773580551147,0.5230628252029419,-0.17124108970165253,0.7126686573028564,0.4708424508571625,0.06394784897565842,0.6234576106071472,0.5176786780357361,-0.16140541434288025,0.7099174857139587,0.4676615297794342,0.06784890592098236,0.6614956259727478,0.5058902502059937,-0.07434920221567154,0.6995161771774292,0.5007633566856384,0.07418381422758102,0.6481152176856995,0.6324869394302368,-0.045351214706897736,0.6854368448257446,0.6188411116600037,0.09718590974807739,0.6696904301643372,0.7557581067085266,-0.0308573879301548,0.693103015422821,0.7427680492401123,0.12076912820339203,0.670357882976532,0.7765144109725952,-0.033304665237665176,0.7006102800369263,0.7651923298835754,0.12164262682199478,0.6412515640258789,0.7746597528457642,-0.08085902035236359,0.6673999428749084,0.7674316167831421,0.09585314989089966
frame_00158.jpg,0.0,0.0,0.0,0.0,0.0,0.0,0.0,0.0,0.0,0.0,0.0,0.0,0.0,0.0,0.0,0.0,0.0,0.0,0.0,0.0,0.0,0.0,0.0,0.0,0.0,0.0,0.0,0.0,0.0,0.0,0.0,0.0,0.0,0.0,0.0,0.0,0.0,0.0,0.0,0.0,0.0,0.0,0.0,0.0,0.0,0.0,0.0,0.0,0.0,0.0,0.0,0.0,0.0,0.0,0.0,0.0,0.0,0.0,0.0,0.0,0.0,0.0,0.0,0.0,0.0,0.0,0.0,0.0,0.0,0.0,0.0,0.0,0.0,0.0,0.0,0.0,0.0,0.0,0.0,0.0,0.0,0.0,0.0,0.0,0.0,0.0,0.0,0.0,0.0,0.0,0.0,0.0,0.0,0.0,0.0,0.0,0.0,0.0,0.0
frame_00159.jpg,0.0,0.0,0.0,0.0,0.0,0.0,0.0,0.0,0.0,0.0,0.0,0.0,0.0,0.0,0.0,0.0,0.0,0.0,0.0,0.0,0.0,0.0,0.0,0.0,0.0,0.0,0.0,0.0,0.0,0.0,0.0,0.0,0.0,0.0,0.0,0.0,0.0,0.0,0.0,0.0,0.0,0.0,0.0,0.0,0.0,0.0,0.0,0.0,0.0,0.0,0.0,0.0,0.0,0.0,0.0,0.0,0.0,0.0,0.0,0.0,0.0,0.0,0.0,0.0,0.0,0.0,0.0,0.0,0.0,0.0,0.0,0.0,0.0,0.0,0.0,0.0,0.0,0.0,0.0,0.0,0.0,0.0,0.0,0.0,0.0,0.0,0.0,0.0,0.0,0.0,0.0,0.0,0.0,0.0,0.0,0.0,0.0,0.0,0.0
frame_00160.jpg,0.0,0.0,0.0,0.0,0.0,0.0,0.0,0.0,0.0,0.0,0.0,0.0,0.0,0.0,0.0,0.0,0.0,0.0,0.0,0.0,0.0,0.0,0.0,0.0,0.0,0.0,0.0,0.0,0.0,0.0,0.0,0.0,0.0,0.0,0.0,0.0,0.0,0.0,0.0,0.0,0.0,0.0,0.0,0.0,0.0,0.0,0.0,0.0,0.0,0.0,0.0,0.0,0.0,0.0,0.0,0.0,0.0,0.0,0.0,0.0,0.0,0.0,0.0,0.0,0.0,0.0,0.0,0.0,0.0,0.0,0.0,0.0,0.0,0.0,0.0,0.0,0.0,0.0,0.0,0.0,0.0,0.0,0.0,0.0,0.0,0.0,0.0,0.0,0.0,0.0,0.0,0.0,0.0,0.0,0.0,0.0,0.0,0.0,0.0
frame_00161.jpg,0.0,0.0,0.0,0.0,0.0,0.0,0.0,0.0,0.0,0.0,0.0,0.0,0.0,0.0,0.0,0.0,0.0,0.0,0.0,0.0,0.0,0.0,0.0,0.0,0.0,0.0,0.0,0.0,0.0,0.0,0.0,0.0,0.0,0.0,0.0,0.0,0.0,0.0,0.0,0.0,0.0,0.0,0.0,0.0,0.0,0.0,0.0,0.0,0.0,0.0,0.0,0.0,0.0,0.0,0.0,0.0,0.0,0.0,0.0,0.0,0.0,0.0,0.0,0.0,0.0,0.0,0.0,0.0,0.0,0.0,0.0,0.0,0.0,0.0,0.0,0.0,0.0,0.0,0.0,0.0,0.0,0.0,0.0,0.0,0.0,0.0,0.0,0.0,0.0,0.0,0.0,0.0,0.0,0.0,0.0,0.0,0.0,0.0,0.0
frame_00162.jpg,0.0,0.0,0.0,0.0,0.0,0.0,0.0,0.0,0.0,0.0,0.0,0.0,0.0,0.0,0.0,0.0,0.0,0.0,0.0,0.0,0.0,0.0,0.0,0.0,0.0,0.0,0.0,0.0,0.0,0.0,0.0,0.0,0.0,0.0,0.0,0.0,0.0,0.0,0.0,0.0,0.0,0.0,0.0,0.0,0.0,0.0,0.0,0.0,0.0,0.0,0.0,0.0,0.0,0.0,0.0,0.0,0.0,0.0,0.0,0.0,0.0,0.0,0.0,0.0,0.0,0.0,0.0,0.0,0.0,0.0,0.0,0.0,0.0,0.0,0.0,0.0,0.0,0.0,0.0,0.0,0.0,0.0,0.0,0.0,0.0,0.0,0.0,0.0,0.0,0.0,0.0,0.0,0.0,0.0,0.0,0.0,0.0,0.0,0.0
frame_00163.jpg,0.0,0.0,0.0,0.0,0.0,0.0,0.0,0.0,0.0,0.0,0.0,0.0,0.0,0.0,0.0,0.0,0.0,0.0,0.0,0.0,0.0,0.0,0.0,0.0,0.0,0.0,0.0,0.0,0.0,0.0,0.0,0.0,0.0,0.0,0.0,0.0,0.0,0.0,0.0,0.0,0.0,0.0,0.0,0.0,0.0,0.0,0.0,0.0,0.0,0.0,0.0,0.0,0.0,0.0,0.0,0.0,0.0,0.0,0.0,0.0,0.0,0.0,0.0,0.0,0.0,0.0,0.0,0.0,0.0,0.0,0.0,0.0,0.0,0.0,0.0,0.0,0.0,0.0,0.0,0.0,0.0,0.0,0.0,0.0,0.0,0.0,0.0,0.0,0.0,0.0,0.0,0.0,0.0,0.0,0.0,0.0,0.0,0.0,0.0
frame_00164.jpg,0.0,0.0,0.0,0.0,0.0,0.0,0.0,0.0,0.0,0.0,0.0,0.0,0.0,0.0,0.0,0.0,0.0,0.0,0.0,0.0,0.0,0.0,0.0,0.0,0.0,0.0,0.0,0.0,0.0,0.0,0.0,0.0,0.0,0.0,0.0,0.0,0.0,0.0,0.0,0.0,0.0,0.0,0.0,0.0,0.0,0.0,0.0,0.0,0.0,0.0,0.0,0.0,0.0,0.0,0.0,0.0,0.0,0.0,0.0,0.0,0.0,0.0,0.0,0.0,0.0,0.0,0.0,0.0,0.0,0.0,0.0,0.0,0.0,0.0,0.0,0.0,0.0,0.0,0.0,0.0,0.0,0.0,0.0,0.0,0.0,0.0,0.0,0.0,0.0,0.0,0.0,0.0,0.0,0.0,0.0,0.0,0.0,0.0,0.0
frame_00165.jpg,0.0,0.0,0.0,0.0,0.0,0.0,0.0,0.0,0.0,0.0,0.0,0.0,0.0,0.0,0.0,0.0,0.0,0.0,0.0,0.0,0.0,0.0,0.0,0.0,0.0,0.0,0.0,0.0,0.0,0.0,0.0,0.0,0.0,0.0,0.0,0.0,0.0,0.0,0.0,0.0,0.0,0.0,0.0,0.0,0.0,0.0,0.0,0.0,0.0,0.0,0.0,0.0,0.0,0.0,0.0,0.0,0.0,0.0,0.0,0.0,0.0,0.0,0.0,0.0,0.0,0.0,0.0,0.0,0.0,0.0,0.0,0.0,0.0,0.0,0.0,0.0,0.0,0.0,0.0,0.0,0.0,0.0,0.0,0.0,0.0,0.0,0.0,0.0,0.0,0.0,0.0,0.0,0.0,0.0,0.0,0.0,0.0,0.0,0.0
frame_00166.jpg,0.0,0.0,0.0,0.0,0.0,0.0,0.0,0.0,0.0,0.0,0.0,0.0,0.0,0.0,0.0,0.0,0.0,0.0,0.0,0.0,0.0,0.0,0.0,0.0,0.0,0.0,0.0,0.0,0.0,0.0,0.0,0.0,0.0,0.0,0.0,0.0,0.0,0.0,0.0,0.0,0.0,0.0,0.0,0.0,0.0,0.0,0.0,0.0,0.0,0.0,0.0,0.0,0.0,0.0,0.0,0.0,0.0,0.0,0.0,0.0,0.0,0.0,0.0,0.0,0.0,0.0,0.0,0.0,0.0,0.0,0.0,0.0,0.0,0.0,0.0,0.0,0.0,0.0,0.0,0.0,0.0,0.0,0.0,0.0,0.0,0.0,0.0,0.0,0.0,0.0,0.0,0.0,0.0,0.0,0.0,0.0,0.0,0.0,0.0
frame_00167.jpg,0.0,0.0,0.0,0.0,0.0,0.0,0.0,0.0,0.0,0.0,0.0,0.0,0.0,0.0,0.0,0.0,0.0,0.0,0.0,0.0,0.0,0.0,0.0,0.0,0.0,0.0,0.0,0.0,0.0,0.0,0.0,0.0,0.0,0.0,0.0,0.0,0.0,0.0,0.0,0.0,0.0,0.0,0.0,0.0,0.0,0.0,0.0,0.0,0.0,0.0,0.0,0.0,0.0,0.0,0.0,0.0,0.0,0.0,0.0,0.0,0.0,0.0,0.0,0.0,0.0,0.0,0.0,0.0,0.0,0.0,0.0,0.0,0.0,0.0,0.0,0.0,0.0,0.0,0.0,0.0,0.0,0.0,0.0,0.0,0.0,0.0,0.0,0.0,0.0,0.0,0.0,0.0,0.0,0.0,0.0,0.0,0.0,0.0,0.0
frame_00168.jpg,0.6182054281234741,0.6939513683319092,-0.1338905543088913,0.6189715266227722,0.7066072821617126,-0.1341303586959839,0.6198824644088745,0.7067503333091736,-0.13432975113391876,0.6207817792892456,0.706485390663147,-0.13431279361248016,0.6182542443275452,0.7067384719848633,-0.14891622960567474,0.6184925436973572,0.7068136930465698,-0.14910365641117096,0.6188002228736877,0.7070707678794861,-0.14916427433490753,0.6285404562950134,0.7007707357406616,-0.10818207263946533,0.6247054934501648,0.7019901275634766,-0.17669305205345154,0.62259840965271,0.691071629524231,-0.11708647012710571,0.6224837303161621,0.6914762854576111,-0.138370081782341,0.6566419005393982,0.6385053992271423,-0.03368908166885376,0.6166320443153381,0.6373511552810669,-0.18135885894298553,0.6260092258453369,0.5750460028648376,-0.008907660841941833,0.5921870470046997,0.5804540514945984,-0.21307726204395294,0.6013631820678711,0.5350935459136963,-0.07231909781694412,0.573508620262146,0.5647305250167847,-0.2259654700756073,0.5973875522613525,0.526401698589325,-0.08077296614646912,0.5673259496688843,0.5622304677963257,-0.2536572217941284,0.5947605967521667,0.5321533679962158,-0.10603474080562592,0.5710431933403015,0.5697004795074463,-0.2552909851074219,0.5951383709907532,0.5336589217185974,-0.08340557664632797,0.5749232769012451,0.5694092512130737,-0.22772006690502167,0.6583735346794128,0.4661875367164612,0.050909895449876785,0.6320986747741699,0.4589643180370331,-0.05114099383354187,0.6666975617408752,0.48777055740356445,0.12115873396396637,0.570820689201355,0.5120562314987183,-0.014922449365258217,0.6446365118026733,0.45116016268730164,0.2019035369157791,0.4971686005592346,0.4858625531196594,0.022392839193344116,0.6376420855522156,0.4372108578681946,0.2078479528427124,0.4784665107727051,0.48971155285835266,0.02472902089357376,0.6510173678398132,0.4664202928543091,0.17890551686286926,0.47316423058509827,0.5212660431861877,-0.02036411315202713
frame_00169.jpg,0.6189178824424744,0.6941651105880737,-0.2518969178199768,0.6190030574798584,0.7061851024627686,-0.24281322956085205,0.619691789150238,0.7063056230545044,-0.24309809505939484,0.6200154423713684,0.706150472164154,-0.24309007823467255,0.619568943977356,0.7063149809837341,-0.2528350353240967,0.6202507615089417,0.7063724398612976,-0.25306347012519836,0.6210252642631531,0.7065163254737854,-0.25321000814437866,0.6198771595954895,0.699087381362915,-0.17239192128181458,0.6260011792182922,0.6992834210395813,-0.21956279873847961,0.6221290826797485,0.6865741014480591,-0.2212291955947876,0.622485876083374,0.6864840388298035,-0.23625370860099792,0.6214619874954224,0.6362265348434448,-0.07617804408073425,0.6396965980529785,0.6359509825706482,-0.2062879055738449,0.5996357798576355,0.5738144516944885,-0.03710656240582466,0.6137816309928894,0.5785377025604248,-0.27842122316360474,0.5805607438087463,0.5521627068519592,-0.107486292719841,0.5824397206306458,0.5717670917510986,-0.38569629192352295,0.5768715143203735,0.547917366027832,-0.12150663137435913,0.5746293663978577,0.5695103406906128,-0.43274545669555664,0.5746378302574158,0.556847333908081,-0.14958521723747253,0.5737489461898804,0.5801185369491577,-0.4346901476383209,0.5767656564712524,0.5571433305740356,-0.11955497413873672,0.5771679282188416,0.58076411485672,-0.3906790614128113,0.642920732498169,0.4715365171432495,0.05023670196533203,0.6528657078742981,0.4640474319458008,-0.05042120814323425,0.6177365183830261,0.4498656988143921,0.08469796925783157,0.6051996946334839,0.4803278148174286,-0.09982296079397202,0.5898292660713196,0.37725764513015747,0.19387517869472504,0.5615994334220886,0.40263286232948303,0.030111020430922508,0.5894305109977722,0.3645588457584381,0.2007649838924408,0.5564822554588318,0.3908845782279968,0.04238073155283928,0.5787373781204224,0.3562876582145691,0.1413181871175766,0.5415433049201965,0.38083553314208984,-0.010931761935353279
frame_00170.jpg,0.0,0.0,0.0,0.0,0.0,0.0,0.0,0.0,0.0,0.0,0.0,0.0,0.0,0.0,0.0,0.0,0.0,0.0,0.0,0.0,0.0,0.0,0.0,0.0,0.0,0.0,0.0,0.0,0.0,0.0,0.0,0.0,0.0,0.0,0.0,0.0,0.0,0.0,0.0,0.0,0.0,0.0,0.0,0.0,0.0,0.0,0.0,0.0,0.0,0.0,0.0,0.0,0.0,0.0,0.0,0.0,0.0,0.0,0.0,0.0,0.0,0.0,0.0,0.0,0.0,0.0,0.0,0.0,0.0,0.0,0.0,0.0,0.0,0.0,0.0,0.0,0.0,0.0,0.0,0.0,0.0,0.0,0.0,0.0,0.0,0.0,0.0,0.0,0.0,0.0,0.0,0.0,0.0,0.0,0.0,0.0,0.0,0.0,0.0
frame_00171.jpg,0.0,0.0,0.0,0.0,0.0,0.0,0.0,0.0,0.0,0.0,0.0,0.0,0.0,0.0,0.0,0.0,0.0,0.0,0.0,0.0,0.0,0.0,0.0,0.0,0.0,0.0,0.0,0.0,0.0,0.0,0.0,0.0,0.0,0.0,0.0,0.0,0.0,0.0,0.0,0.0,0.0,0.0,0.0,0.0,0.0,0.0,0.0,0.0,0.0,0.0,0.0,0.0,0.0,0.0,0.0,0.0,0.0,0.0,0.0,0.0,0.0,0.0,0.0,0.0,0.0,0.0,0.0,0.0,0.0,0.0,0.0,0.0,0.0,0.0,0.0,0.0,0.0,0.0,0.0,0.0,0.0,0.0,0.0,0.0,0.0,0.0,0.0,0.0,0.0,0.0,0.0,0.0,0.0,0.0,0.0,0.0,0.0,0.0,0.0
frame_00172.jpg,0.0,0.0,0.0,0.0,0.0,0.0,0.0,0.0,0.0,0.0,0.0,0.0,0.0,0.0,0.0,0.0,0.0,0.0,0.0,0.0,0.0,0.0,0.0,0.0,0.0,0.0,0.0,0.0,0.0,0.0,0.0,0.0,0.0,0.0,0.0,0.0,0.0,0.0,0.0,0.0,0.0,0.0,0.0,0.0,0.0,0.0,0.0,0.0,0.0,0.0,0.0,0.0,0.0,0.0,0.0,0.0,0.0,0.0,0.0,0.0,0.0,0.0,0.0,0.0,0.0,0.0,0.0,0.0,0.0,0.0,0.0,0.0,0.0,0.0,0.0,0.0,0.0,0.0,0.0,0.0,0.0,0.0,0.0,0.0,0.0,0.0,0.0,0.0,0.0,0.0,0.0,0.0,0.0,0.0,0.0,0.0,0.0,0.0,0.0
frame_00173.jpg,0.0,0.0,0.0,0.0,0.0,0.0,0.0,0.0,0.0,0.0,0.0,0.0,0.0,0.0,0.0,0.0,0.0,0.0,0.0,0.0,0.0,0.0,0.0,0.0,0.0,0.0,0.0,0.0,0.0,0.0,0.0,0.0,0.0,0.0,0.0,0.0,0.0,0.0,0.0,0.0,0.0,0.0,0.0,0.0,0.0,0.0,0.0,0.0,0.0,0.0,0.0,0.0,0.0,0.0,0.0,0.0,0.0,0.0,0.0,0.0,0.0,0.0,0.0,0.0,0.0,0.0,0.0,0.0,0.0,0.0,0.0,0.0,0.0,0.0,0.0,0.0,0.0,0.0,0.0,0.0,0.0,0.0,0.0,0.0,0.0,0.0,0.0,0.0,0.0,0.0,0.0,0.0,0.0,0.0,0.0,0.0,0.0,0.0,0.0
frame_00174.jpg,0.0,0.0,0.0,0.0,0.0,0.0,0.0,0.0,0.0,0.0,0.0,0.0,0.0,0.0,0.0,0.0,0.0,0.0,0.0,0.0,0.0,0.0,0.0,0.0,0.0,0.0,0.0,0.0,0.0,0.0,0.0,0.0,0.0,0.0,0.0,0.0,0.0,0.0,0.0,0.0,0.0,0.0,0.0,0.0,0.0,0.0,0.0,0.0,0.0,0.0,0.0,0.0,0.0,0.0,0.0,0.0,0.0,0.0,0.0,0.0,0.0,0.0,0.0,0.0,0.0,0.0,0.0,0.0,0.0,0.0,0.0,0.0,0.0,0.0,0.0,0.0,0.0,0.0,0.0,0.0,0.0,0.0,0.0,0.0,0.0,0.0,0.0,0.0,0.0,0.0,0.0,0.0,0.0,0.0,0.0,0.0,0.0,0.0,0.0
frame_00175.jpg,0.0,0.0,0.0,0.0,0.0,0.0,0.0,0.0,0.0,0.0,0.0,0.0,0.0,0.0,0.0,0.0,0.0,0.0,0.0,0.0,0.0,0.0,0.0,0.0,0.0,0.0,0.0,0.0,0.0,0.0,0.0,0.0,0.0,0.0,0.0,0.0,0.0,0.0,0.0,0.0,0.0,0.0,0.0,0.0,0.0,0.0,0.0,0.0,0.0,0.0,0.0,0.0,0.0,0.0,0.0,0.0,0.0,0.0,0.0,0.0,0.0,0.0,0.0,0.0,0.0,0.0,0.0,0.0,0.0,0.0,0.0,0.0,0.0,0.0,0.0,0.0,0.0,0.0,0.0,0.0,0.0,0.0,0.0,0.0,0.0,0.0,0.0,0.0,0.0,0.0,0.0,0.0,0.0,0.0,0.0,0.0,0.0,0.0,0.0
frame_00176.jpg,0.5968995690345764,0.45698586106300354,-0.6858371496200562,0.6041989326477051,0.4460377097129822,-0.698289155960083,0.607090413570404,0.44658491015434265,-0.6985792517662048,0.6101023554801941,0.4475741982460022,-0.6985624432563782,0.5952346324920654,0.4416235089302063,-0.6882431507110596,0.592624306678772,0.4394199252128601,-0.6885486245155334,0.5899373292922974,0.43709269165992737,-0.688745379447937,0.6173707246780396,0.4362739622592926,-0.6383996605873108,0.5861995816230774,0.42250680923461914,-0.5954926013946533,0.6005595922470093,0.4604668915271759,-0.6502088308334351,0.5923428535461426,0.455741286277771,-0.6392492055892944,0.6452075242996216,0.4572821855545044,-0.5263442397117615,0.5574857592582703,0.4190160036087036,-0.40771618485450745,0.613555371761322,0.5551338195800781,-0.5127665996551514,0.5348385572433472,0.47850602865219116,-0.4094201624393463,0.5527270436286926,0.5650562047958374,-0.5299472212791443,0.5450102686882019,0.5196954011917114,-0.5434023141860962,0.5363407135009766,0.5730574727058411,-0.5653493404388428,0.5453718900680542,0.5327348709106445,-0.5795384049415588,0.5378404259681702,0.5546831488609314,-0.574069082736969,0.5491540431976318,0.5268034338951111,-0.5975770354270935,0.5424458384513855,0.5495743155479431,-0.5316616892814636,0.5511053204536438,0.5214338302612305,-0.5531217455863953,0.6383475065231323,0.5126312971115112,-0.040463630110025406,0.5873335003852844,0.49975651502609253,0.04040971025824547,0.6042830944061279,0.6374008059501648,-0.2874425947666168,0.5520712733268738,0.6126860976219177,-0.19291116297245026,0.6210800409317017,0.7609344720840454,-0.08739110827445984,0.5714685320854187,0.7374438047409058,0.025995275005698204,0.625359058380127,0.7764044404029846,-0.07446867227554321,0.5819422602653503,0.755829930305481,0.04349476471543312,0.612190842628479,0.8066731691360474,-0.1993803083896637,0.5496342778205872,0.7771289944648743,-0.07252979278564453
frame_00177.jpg,0.5964199900627136,0.4551919400691986,-0.6972434520721436,0.6022075414657593,0.4431632161140442,-0.7076185941696167,0.6050751805305481,0.44270822405815125,-0.7079156637191772,0.6080526113510132,0.44265347719192505,-0.707872748374939,0.5926896333694458,0.44087496399879456,-0.6995567083358765,0.5898128151893616,0.4391615688800812,-0.6998400092124939,0.5868808031082153,0.4370822608470917,-0.7000354528427124,0.6152188181877136,0.4290190041065216,-0.6434171199798584,0.5816290974617004,0.42248860001564026,-0.6086332201957703,0.6005458235740662,0.4567123055458069,-0.65995192527771,0.5921818614006042,0.4548230469226837,-0.651240885257721,0.6500492095947266,0.4565505087375641,-0.5443984866142273,0.5540057420730591,0.40620723366737366,-0.43547970056533813,0.6267920732498169,0.5809639692306519,-0.5938040018081665,0.5331233739852905,0.5011872053146362,-0.49945926666259766,0.5838981866836548,0.6662091016769409,-0.6932658553123474,0.5451103448867798,0.523279070854187,-0.6781137585639954,0.5783766508102417,0.6925962567329407,-0.7481671571731567,0.5467019081115723,0.534106969833374,-0.73003089427948,0.5683556795120239,0.6816027164459229,-0.7607264518737793,0.5510880947113037,0.5248332619667053,-0.7433339357376099,0.5689747333526611,0.668687641620636,-0.6992444396018982,0.5522110462188721,0.5202163457870483,-0.6874042749404907,0.6383746862411499,0.5220091342926025,-0.03625648841261864,0.5840445756912231,0.506008505821228,0.036269329488277435,0.6095187664031982,0.6431386470794678,-0.2918654978275299,0.544769823551178,0.6059665679931641,-0.2803570032119751,0.6159101724624634,0.75710529088974,-0.03182239085435867,0.5656841993331909,0.7171698808670044,0.011714200489223003,0.6192413568496704,0.7715988159179688,-0.012227036990225315,0.5764757394790649,0.7339646220207214,0.037123143672943115,0.6022108197212219,0.7969720363616943,-0.13697756826877594,0.5438854098320007,0.7532828450202942,-0.07430334389209747
frame_00178.jpg,0.5998655557632446,0.47222232818603516,-0.6970575451850891,0.6097537875175476,0.4651225209236145,-0.7056050300598145,0.6129578351974487,0.4654258191585541,-0.7058897018432617,0.6162411570549011,0.46618691086769104,-0.7058706879615784,0.5992251634597778,0.4604746103286743,-0.6975036859512329,0.5960085391998291,0.4578482508659363,-0.6977975964546204,0.5927411913871765,0.45502975583076477,-0.6979973316192627,0.6225427985191345,0.4498438835144043,-0.6325350999832153,0.5847212076187134,0.4351849853992462,-0.6073464155197144,0.6016915440559387,0.47608688473701477,-0.6538298726081848,0.5945976376533508,0.4739142656326294,-0.650040864944458,0.6496050953865051,0.4641372561454773,-0.5258165001869202,0.5512241125106812,0.40756121277809143,-0.436941921710968,0.6246458292007446,0.575465202331543,-0.5697583556175232,0.5211762189865112,0.502842128276825,-0.5352612733840942,0.5604916214942932,0.6095727682113647,-0.6521619558334351,0.5523518323898315,0.5231000781059265,-0.7484402060508728,0.5412949323654175,0.6147526502609253,-0.6998245120048523,0.5611549019813538,0.533392071723938,-0.8050705194473267,0.5415189862251282,0.5912469029426575,-0.702588677406311,0.5671623945236206,0.5192069411277771,-0.8061253428459167,0.5469732284545898,0.5860199332237244,-0.6532365083694458,0.5651558637619019,0.5145962238311768,-0.7531348466873169,0.6319090723991394,0.5387352705001831,-0.024325598031282425,0.5750559568405151,0.5256672501564026,0.024342428892850876,0.6062557697296143,0.6537230014801025,-0.34540241956710815,0.5470846891403198,0.6165071129798889,-0.3313983082771301,0.6120649576187134,0.7751104235649109,-0.09848025441169739,0.5658379793167114,0.7366825342178345,-0.05884149670600891,0.6197882890701294,0.7958901524543762,-0.08160118758678436,0.5764656066894531,0.7573629021644592,-0.03693244606256485,0.6023024916648865,0.8134039640426636,-0.23230238258838654,0.5539184212684631,0.7623595595359802,-0.17904458940029144
frame_00179.jpg,0.6029059886932373,0.47526249289512634,-0.7505955100059509,0.6111401319503784,0.4659188389778137,-0.7569347620010376,0.6143437623977661,0.46588966250419617,-0.7572487592697144,0.617619514465332,0.46633395552635193,-0.7571970224380493,0.600267231464386,0.46227410435676575,-0.7539964914321899,0.5969303250312805,0.4600672721862793,-0.7542702555656433,0.5935614705085754,0.4577062726020813,-0.7544551491737366,0.6233364343643188,0.4503568410873413,-0.6695137619972229,0.5848050117492676,0.4385862648487091,-0.6601752042770386,0.6050092577934265,0.4766087532043457,-0.7045114636421204,0.5963971614837646,0.47352492809295654,-0.7031288743019104,0.6509683132171631,0.4645249545574188,-0.5430285334587097,0.5493669509887695,0.40834298729896545,-0.48157042264938354,0.6321744322776794,0.5846064686775208,-0.5796441435813904,0.5217496752738953,0.5139169096946716,-0.5222147703170776,0.6102964878082275,0.6733187437057495,-0.6926002502441406,0.5351628065109253,0.5563856363296509,-0.6789380311965942,0.6118035316467285,0.6981498003005981,-0.7442567348480225,0.5313628911972046,0.5679537057876587,-0.7296278476715088,0.6031375527381897,0.6897364258766174,-0.7654046416282654,0.5366100072860718,0.5603172779083252,-0.7481610774993896,0.6000884771347046,0.678007960319519,-0.7027416229248047,0.5410622358322144,0.5555988550186157,-0.6899074912071228,0.6305627226829529,0.5308170914649963,-0.02081352099776268,0.5722996592521667,0.5101257562637329,0.020841851830482483,0.6023112535476685,0.6444593667984009,-0.16756857931613922,0.5192202925682068,0.5715030431747437,-0.2901069223880768,0.6131712198257446,0.736282467842102,0.14458422362804413,0.5624574422836304,0.6770630478858948,-0.031079191714525223,0.6197239756584167,0.7488287091255188,0.168955996632576,0.5759055614471436,0.6909132599830627,-0.008979160338640213,0.6050347089767456,0.7772883772850037,0.0544523224234581,0.5519982576370239,0.7169727087020874,-0.13062849640846252
frame_00180.jpg,0.6023104786872864,0.49447566270828247,-0.7315875291824341,0.6122498512268066,0.4902234375476837,-0.7419208288192749,0.6153570413589478,0.48967406153678894,-0.7422720789909363,0.6185235977172852,0.4895901679992676,-0.7422229051589966,0.6011261940002441,0.48776206374168396,-0.7408086657524109,0.5976501703262329,0.48589640855789185,-0.7411040663719177,0.5941647887229919,0.4838811159133911,-0.7413264513015747,0.6235131621360779,0.47027266025543213,-0.6686068773269653,0.5846526026725769,0.46191757917404175,-0.6683651804924011,0.6055237054824829,0.49133437871932983,-0.6892989277839661,0.597538948059082,0.4894815683364868,-0.6895270347595215,0.6532977223396301,0.4659084975719452,-0.5312281847000122,0.544600248336792,0.43608787655830383,-0.5022061467170715,0.6486122012138367,0.5839598774909973,-0.49187979102134705,0.5206906795501709,0.5478073358535767,-0.5135754942893982,0.6273453831672668,0.6714606881141663,-0.5657698512077332,0.5529021620750427,0.6149080395698547,-0.6503801345825195,0.6338563561439514,0.6954976320266724,-0.6153258681297302,0.5583928227424622,0.6312016844749451,-0.7045489549636841,0.6234846115112305,0.6991708874702454,-0.6462095975875854,0.5688759684562683,0.6159651875495911,-0.71970534324646,0.6199460625648499,0.68924480676651,-0.5784739851951599,0.56905198097229,0.607986569404602,-0.6594535708427429,0.6276325583457947,0.5054670572280884,-0.008892371319234371,0.5661687850952148,0.48894548416137695,0.0088618453592062,0.620547890663147,0.6547406315803528,-0.02363574132323265,0.5296701192855835,0.571794331073761,-0.06575768440961838,0.6138370037078857,0.7424145340919495,0.28858131170272827,0.5588232278823853,0.6406106352806091,0.2737521529197693,0.615841269493103,0.7532603144645691,0.3144720494747162,0.5678704977035522,0.6478752493858337,0.306331604719162,0.6057227253913879,0.7850235104560852,0.19847555458545685,0.551706075668335,0.677718460559845,0.2112080305814743
frame_00181.jpg,0.6023579835891724,0.4848501980304718,-0.7386636137962341,0.6119657754898071,0.47782599925994873,-0.7498971223831177,0.614791750907898,0.4775998294353485,-0.7502962946891785,0.6176426410675049,0.4778646230697632,-0.7502922415733337,0.6008551120758057,0.4750465750694275,-0.7487815618515015,0.5971910357475281,0.4733353555202484,-0.7490509748458862,0.5935615301132202,0.47151869535446167,-0.7492663264274597,0.6207007169723511,0.4614817798137665,-0.6811696290969849,0.5829416513442993,0.45314863324165344,-0.6768082976341248,0.6053111553192139,0.48462170362472534,-0.6982054114341736,0.5972150564193726,0.4816123843193054,-0.6981551647186279,0.6529604196548462,0.46555283665657043,-0.531926691532135,0.5418815612792969,0.4409664571285248,-0.5065802335739136,0.6483023762702942,0.5802669525146484,-0.47813740372657776,0.5173250436782837,0.536960780620575,-0.5531094670295715,0.6241085529327393,0.6479610800743103,-0.5274829268455505,0.5618040561676025,0.6017695069313049,-0.72673100233078,0.6299983859062195,0.6760796904563904,-0.5675011873245239,0.577142596244812,0.546927273273468,-0.7825998067855835,0.6181143522262573,0.6777977347373962,-0.5933066606521606,0.5800909399986267,0.555585503578186,-0.7942665815353394,0.6127772331237793,0.6692225337028503,-0.5372881293296814,0.5782577395439148,0.5511805415153503,-0.7351388335227966,0.6268017292022705,0.5046675801277161,-0.009151378646492958,0.5673874616622925,0.49164101481437683,0.009217578917741776,0.6212226152420044,0.6546107530593872,-0.09938139468431473,0.5565012693405151,0.6179926991462708,-0.08907995373010635,0.6181777119636536,0.7834018468856812,0.09188205748796463,0.5599604845046997,0.7496353983879089,0.11818736791610718,0.6167159676551819,0.8012241721153259,0.10386780649423599,0.5700162053108215,0.7703298926353455,0.13591957092285156,0.618249773979187,0.8298749923706055,-0.028454000130295753,0.5542008280754089,0.7920076847076416,0.018210943788290024
frame_00182.jpg,0.0,0.0,0.0,0.0,0.0,0.0,0.0,0.0,0.0,0.0,0.0,0.0,0.0,0.0,0.0,0.0,0.0,0.0,0.0,0.0,0.0,0.0,0.0,0.0,0.0,0.0,0.0,0.0,0.0,0.0,0.0,0.0,0.0,0.0,0.0,0.0,0.0,0.0,0.0,0.0,0.0,0.0,0.0,0.0,0.0,0.0,0.0,0.0,0.0,0.0,0.0,0.0,0.0,0.0,0.0,0.0,0.0,0.0,0.0,0.0,0.0,0.0,0.0,0.0,0.0,0.0,0.0,0.0,0.0,0.0,0.0,0.0,0.0,0.0,0.0,0.0,0.0,0.0,0.0,0.0,0.0,0.0,0.0,0.0,0.0,0.0,0.0,0.0,0.0,0.0,0.0,0.0,0.0,0.0,0.0,0.0,0.0,0.0,0.0
frame_00183.jpg,0.0,0.0,0.0,0.0,0.0,0.0,0.0,0.0,0.0,0.0,0.0,0.0,0.0,0.0,0.0,0.0,0.0,0.0,0.0,0.0,0.0,0.0,0.0,0.0,0.0,0.0,0.0,0.0,0.0,0.0,0.0,0.0,0.0,0.0,0.0,0.0,0.0,0.0,0.0,0.0,0.0,0.0,0.0,0.0,0.0,0.0,0.0,0.0,0.0,0.0,0.0,0.0,0.0,0.0,0.0,0.0,0.0,0.0,0.0,0.0,0.0,0.0,0.0,0.0,0.0,0.0,0.0,0.0,0.0,0.0,0.0,0.0,0.0,0.0,0.0,0.0,0.0,0.0,0.0,0.0,0.0,0.0,0.0,0.0,0.0,0.0,0.0,0.0,0.0,0.0,0.0,0.0,0.0,0.0,0.0,0.0,0.0,0.0,0.0
frame_00184.jpg,0.0,0.0,0.0,0.0,0.0,0.0,0.0,0.0,0.0,0.0,0.0,0.0,0.0,0.0,0.0,0.0,0.0,0.0,0.0,0.0,0.0,0.0,0.0,0.0,0.0,0.0,0.0,0.0,0.0,0.0,0.0,0.0,0.0,0.0,0.0,0.0,0.0,0.0,0.0,0.0,0.0,0.0,0.0,0.0,0.0,0.0,0.0,0.0,0.0,0.0,0.0,0.0,0.0,0.0,0.0,0.0,0.0,0.0,0.0,0.0,0.0,0.0,0.0,0.0,0.0,0.0,0.0,0.0,0.0,0.0,0.0,0.0,0.0,0.0,0.0,0.0,0.0,0.0,0.0,0.0,0.0,0.0,0.0,0.0,0.0,0.0,0.0,0.0,0.0,0.0,0.0,0.0,0.0,0.0,0.0,0.0,0.0,0.0,0.0
frame_00185.jpg,0.0,0.0,0.0,0.0,0.0,0.0,0.0,0.0,0.0,0.0,0.0,0.0,0.0,0.0,0.0,0.0,0.0,0.0,0.0,0.0,0.0,0.0,0.0,0.0,0.0,0.0,0.0,0.0,0.0,0.0,0.0,0.0,0.0,0.0,0.0,0.0,0.0,0.0,0.0,0.0,0.0,0.0,0.0,0.0,0.0,0.0,0.0,0.0,0.0,0.0,0.0,0.0,0.0,0.0,0.0,0.0,0.0,0.0,0.0,0.0,0.0,0.0,0.0,0.0,0.0,0.0,0.0,0.0,0.0,0.0,0.0,0.0,0.0,0.0,0.0,0.0,0.0,0.0,0.0,0.0,0.0,0.0,0.0,0.0,0.0,0.0,0.0,0.0,0.0,0.0,0.0,0.0,0.0,0.0,0.0,0.0,0.0,0.0,0.0
frame_00186.jpg,0.5478798151016235,0.729645311832428,-0.20348556339740753,0.5476367473602295,0.739630937576294,-0.1877260059118271,0.5464222431182861,0.7398174405097961,-0.18794742226600647,0.5451371669769287,0.7395661473274231,-0.18793408572673798,0.5531937479972839,0.7395005822181702,-0.21014073491096497,0.555846095085144,0.7393568754196167,-0.2103854864835739,0.558563232421875,0.7393869757652283,-0.2105446755886078,0.550369381904602,0.7334717512130737,-0.09974680840969086,0.5687536597251892,0.7333577275276184,-0.20150816440582275,0.5478085279464722,0.7165052890777588,-0.16682714223861694,0.5548222064971924,0.7162339687347412,-0.19772383570671082,0.5502645969390869,0.6687713265419006,0.014795936644077301,0.5915495753288269,0.6719873547554016,-0.22698137164115906,0.5202003121376038,0.6256990432739258,0.07603440433740616,0.5920174717903137,0.6219999194145203,-0.2898963987827301,0.5240234136581421,0.6232133507728577,0.02296311780810356,0.5616544485092163,0.6420623064041138,-0.318603515625,0.5262994766235352,0.6187490820884705,0.017464496195316315,0.5537059307098389,0.6458569765090942,-0.35224953293800354,0.5296372771263123,0.6291278600692749,3.148383257212117e-05,0.5523855686187744,0.6561455130577087,-0.3473570942878723,0.5289443135261536,0.6305915713310242,0.014634659513831139,0.5554152131080627,0.6542298793792725,-0.3179056942462921,0.5683742761611938,0.5090073347091675,0.08322957158088684,0.6026833653450012,0.4998788833618164,-0.08330794423818588,0.4768598675727844,0.5048784017562866,0.10116429626941681,0.5719494819641113,0.4375258982181549,-0.1686421036720276,0.5322028398513794,0.41260620951652527,0.21875527501106262,0.6030462980270386,0.34511202573776245,-0.05471537634730339,0.556749165058136,0.3901723623275757,0.22751984000205994,0.613051176071167,0.33389371633529663,-0.04235076159238815,0.509915828704834,0.3715730309486389,0.1876845508813858,0.5892108678817749,0.3005961775779724,-0.0942404568195343
frame_00187.jpg,0.5478628277778625,0.6951229572296143,-0.2511034309864044,0.547465443611145,0.704853355884552,-0.23619182407855988,0.5463474988937378,0.7047311663627625,-0.2364257127046585,0.5451260805130005,0.7041558623313904,-0.23639214038848877,0.5524574518203735,0.7056795358657837,-0.26037514209747314,0.5548322200775146,0.7058814167976379,-0.2606047987937927,0.5572320222854614,0.7062905430793762,-0.2607545852661133,0.5503823757171631,0.6986677646636963,-0.14868518710136414,0.5667290687561035,0.701782763004303,-0.25927621126174927,0.5480202436447144,0.6824427843093872,-0.2142634391784668,0.5547857284545898,0.6835089325904846,-0.24760909378528595,0.5587431192398071,0.6447729468345642,-0.023619158193469048,0.5858001708984375,0.6425687670707703,-0.29411181807518005,0.537847638130188,0.6072655320167542,0.021123399958014488,0.591755747795105,0.5891265273094177,-0.39711931347846985,0.5394202470779419,0.6012585759162903,-0.04570406302809715,0.5605270862579346,0.5697606205940247,-0.4593523442745209,0.5423770546913147,0.5966152548789978,-0.05628795176744461,0.5530856847763062,0.5630953311920166,-0.505792498588562,0.5439828634262085,0.6056737303733826,-0.07802481204271317,0.5481096506118774,0.5709483623504639,-0.49758562445640564,0.5425657033920288,0.6056066155433655,-0.056133389472961426,0.5518090128898621,0.5716572403907776,-0.4582618176937103,0.5832248330116272,0.47880300879478455,0.09195119887590408,0.602580189704895,0.47075122594833374,-0.09216435253620148,0.48523417115211487,0.49851322174072266,0.10414271056652069,0.5389953851699829,0.47645992040634155,-0.11917294561862946,0.541043221950531,0.39755120873451233,0.23230767250061035,0.5775551795959473,0.3743366301059723,0.06163021922111511,0.5579826235771179,0.38397830724716187,0.24276764690876007,0.590967059135437,0.3605698347091675,0.08158811181783676,0.5233231782913208,0.36380407214164734,0.21103635430335999,0.5604545474052429,0.33041736483573914,0.05827484279870987
frame_00188.jpg,0.5356408357620239,0.6790262460708618,-0.11686569452285767,0.5350264310836792,0.6871823072433472,-0.09714387357234955,0.5344456434249878,0.6877482533454895,-0.09738326817750931,0.5337951183319092,0.6878273487091064,-0.0973912850022316,0.5390387773513794,0.6868317127227783,-0.1225988045334816,0.5415151715278625,0.6865004301071167,-0.12284933030605316,0.5424829125404358,0.6862705945968628,-0.12302035093307495,0.5417285561561584,0.6863039135932922,-0.00015289810835383832,0.550801157951355,0.681747317314148,-0.11458103358745575,0.5346390604972839,0.6703693270683289,-0.07764073461294174,0.5378671884536743,0.6684892773628235,-0.1122644916176796,0.5491136312484741,0.6283242106437683,0.1137513667345047,0.581713855266571,0.6268069744110107,-0.1637973189353943,0.5340518951416016,0.5631300806999207,0.12369610369205475,0.5825356841087341,0.5327693819999695,-0.2665162682533264,0.512482762336731,0.5555709004402161,-0.023170476779341698,0.5339527726173401,0.5427618622779846,-0.3436054289340973,0.503769040107727,0.5482362508773804,-0.03719967603683472,0.5208241939544678,0.5420202016830444,-0.3886875808238983,0.5032700300216675,0.5565062761306763,-0.06134071946144104,0.5186917185783386,0.5566659569740295,-0.37910646200180054,0.5073952078819275,0.5587934851646423,-0.03586135059595108,0.5239468812942505,0.5569068193435669,-0.34144502878189087,0.5802169442176819,0.4537527859210968,0.09276635199785233,0.6016464233398438,0.4538642466068268,-0.09290812164545059,0.567355215549469,0.35978126525878906,0.19186098873615265,0.5481528043746948,0.36544036865234375,-0.17508819699287415,0.578454852104187,0.27452802658081055,0.31316226720809937,0.5827208757400513,0.28460898995399475,-0.09084967523813248,0.5841511487960815,0.2606693208217621,0.32131603360176086,0.5956863164901733,0.2741672396659851,-0.08169658482074738,0.5620487928390503,0.24502699077129364,0.2913229167461395,0.5629492998123169,0.24919097125530243,-0.11872824281454086
frame_00189.jpg,0.0,0.0,0.0,0.0,0.0,0.0,0.0,0.0,0.0,0.0,0.0,0.0,0.0,0.0,0.0,0.0,0.0,0.0,0.0,0.0,0.0,0.0,0.0,0.0,0.0,0.0,0.0,0.0,0.0,0.0,0.0,0.0,0.0,0.0,0.0,0.0,0.0,0.0,0.0,0.0,0.0,0.0,0.0,0.0,0.0,0.0,0.0,0.0,0.0,0.0,0.0,0.0,0.0,0.0,0.0,0.0,0.0,0.0,0.0,0.0,0.0,0.0,0.0,0.0,0.0,0.0,0.0,0.0,0.0,0.0,0.0,0.0,0.0,0.0,0.0,0.0,0.0,0.0,0.0,0.0,0.0,0.0,0.0,0.0,0.0,0.0,0.0,0.0,0.0,0.0,0.0,0.0,0.0,0.0,0.0,0.0,0.0,0.0,0.0
frame_00190.jpg,0.0,0.0,0.0,0.0,0.0,0.0,0.0,0.0,0.0,0.0,0.0,0.0,0.0,0.0,0.0,0.0,0.0,0.0,0.0,0.0,0.0,0.0,0.0,0.0,0.0,0.0,0.0,0.0,0.0,0.0,0.0,0.0,0.0,0.0,0.0,0.0,0.0,0.0,0.0,0.0,0.0,0.0,0.0,0.0,0.0,0.0,0.0,0.0,0.0,0.0,0.0,0.0,0.0,0.0,0.0,0.0,0.0,0.0,0.0,0.0,0.0,0.0,0.0,0.0,0.0,0.0,0.0,0.0,0.0,0.0,0.0,0.0,0.0,0.0,0.0,0.0,0.0,0.0,0.0,0.0,0.0,0.0,0.0,0.0,0.0,0.0,0.0,0.0,0.0,0.0,0.0,0.0,0.0,0.0,0.0,0.0,0.0,0.0,0.0
frame_00191.jpg,0.0,0.0,0.0,0.0,0.0,0.0,0.0,0.0,0.0,0.0,0.0,0.0,0.0,0.0,0.0,0.0,0.0,0.0,0.0,0.0,0.0,0.0,0.0,0.0,0.0,0.0,0.0,0.0,0.0,0.0,0.0,0.0,0.0,0.0,0.0,0.0,0.0,0.0,0.0,0.0,0.0,0.0,0.0,0.0,0.0,0.0,0.0,0.0,0.0,0.0,0.0,0.0,0.0,0.0,0.0,0.0,0.0,0.0,0.0,0.0,0.0,0.0,0.0,0.0,0.0,0.0,0.0,0.0,0.0,0.0,0.0,0.0,0.0,0.0,0.0,0.0,0.0,0.0,0.0,0.0,0.0,0.0,0.0,0.0,0.0,0.0,0.0,0.0,0.0,0.0,0.0,0.0,0.0,0.0,0.0,0.0,0.0,0.0,0.0
frame_00192.jpg,0.0,0.0,0.0,0.0,0.0,0.0,0.0,0.0,0.0,0.0,0.0,0.0,0.0,0.0,0.0,0.0,0.0,0.0,0.0,0.0,0.0,0.0,0.0,0.0,0.0,0.0,0.0,0.0,0.0,0.0,0.0,0.0,0.0,0.0,0.0,0.0,0.0,0.0,0.0,0.0,0.0,0.0,0.0,0.0,0.0,0.0,0.0,0.0,0.0,0.0,0.0,0.0,0.0,0.0,0.0,0.0,0.0,0.0,0.0,0.0,0.0,0.0,0.0,0.0,0.0,0.0,0.0,0.0,0.0,0.0,0.0,0.0,0.0,0.0,0.0,0.0,0.0,0.0,0.0,0.0,0.0,0.0,0.0,0.0,0.0,0.0,0.0,0.0,0.0,0.0,0.0,0.0,0.0,0.0,0.0,0.0,0.0,0.0,0.0
frame_00193.jpg,0.0,0.0,0.0,0.0,0.0,0.0,0.0,0.0,0.0,0.0,0.0,0.0,0.0,0.0,0.0,0.0,0.0,0.0,0.0,0.0,0.0,0.0,0.0,0.0,0.0,0.0,0.0,0.0,0.0,0.0,0.0,0.0,0.0,0.0,0.0,0.0,0.0,0.0,0.0,0.0,0.0,0.0,0.0,0.0,0.0,0.0,0.0,0.0,0.0,0.0,0.0,0.0,0.0,0.0,0.0,0.0,0.0,0.0,0.0,0.0,0.0,0.0,0.0,0.0,0.0,0.0,0.0,0.0,0.0,0.0,0.0,0.0,0.0,0.0,0.0,0.0,0.0,0.0,0.0,0.0,0.0,0.0,0.0,0.0,0.0,0.0,0.0,0.0,0.0,0.0,0.0,0.0,0.0,0.0,0.0,0.0,0.0,0.0,0.0
frame_00194.jpg,0.0,0.0,0.0,0.0,0.0,0.0,0.0,0.0,0.0,0.0,0.0,0.0,0.0,0.0,0.0,0.0,0.0,0.0,0.0,0.0,0.0,0.0,0.0,0.0,0.0,0.0,0.0,0.0,0.0,0.0,0.0,0.0,0.0,0.0,0.0,0.0,0.0,0.0,0.0,0.0,0.0,0.0,0.0,0.0,0.0,0.0,0.0,0.0,0.0,0.0,0.0,0.0,0.0,0.0,0.0,0.0,0.0,0.0,0.0,0.0,0.0,0.0,0.0,0.0,0.0,0.0,0.0,0.0,0.0,0.0,0.0,0.0,0.0,0.0,0.0,0.0,0.0,0.0,0.0,0.0,0.0,0.0,0.0,0.0,0.0,0.0,0.0,0.0,0.0,0.0,0.0,0.0,0.0,0.0,0.0,0.0,0.0,0.0,0.0
frame_00195.jpg,0.0,0.0,0.0,0.0,0.0,0.0,0.0,0.0,0.0,0.0,0.0,0.0,0.0,0.0,0.0,0.0,0.0,0.0,0.0,0.0,0.0,0.0,0.0,0.0,0.0,0.0,0.0,0.0,0.0,0.0,0.0,0.0,0.0,0.0,0.0,0.0,0.0,0.0,0.0,0.0,0.0,0.0,0.0,0.0,0.0,0.0,0.0,0.0,0.0,0.0,0.0,0.0,0.0,0.0,0.0,0.0,0.0,0.0,0.0,0.0,0.0,0.0,0.0,0.0,0.0,0.0,0.0,0.0,0.0,0.0,0.0,0.0,0.0,0.0,0.0,0.0,0.0,0.0,0.0,0.0,0.0,0.0,0.0,0.0,0.0,0.0,0.0,0.0,0.0,0.0,0.0,0.0,0.0,0.0,0.0,0.0,0.0,0.0,0.0
frame_00196.jpg,0.0,0.0,0.0,0.0,0.0,0.0,0.0,0.0,0.0,0.0,0.0,0.0,0.0,0.0,0.0,0.0,0.0,0.0,0.0,0.0,0.0,0.0,0.0,0.0,0.0,0.0,0.0,0.0,0.0,0.0,0.0,0.0,0.0,0.0,0.0,0.0,0.0,0.0,0.0,0.0,0.0,0.0,0.0,0.0,0.0,0.0,0.0,0.0,0.0,0.0,0.0,0.0,0.0,0.0,0.0,0.0,0.0,0.0,0.0,0.0,0.0,0.0,0.0,0.0,0.0,0.0,0.0,0.0,0.0,0.0,0.0,0.0,0.0,0.0,0.0,0.0,0.0,0.0,0.0,0.0,0.0,0.0,0.0,0.0,0.0,0.0,0.0,0.0,0.0,0.0,0.0,0.0,0.0,0.0,0.0,0.0,0.0,0.0,0.0
frame_00197.jpg,0.0,0.0,0.0,0.0,0.0,0.0,0.0,0.0,0.0,0.0,0.0,0.0,0.0,0.0,0.0,0.0,0.0,0.0,0.0,0.0,0.0,0.0,0.0,0.0,0.0,0.0,0.0,0.0,0.0,0.0,0.0,0.0,0.0,0.0,0.0,0.0,0.0,0.0,0.0,0.0,0.0,0.0,0.0,0.0,0.0,0.0,0.0,0.0,0.0,0.0,0.0,0.0,0.0,0.0,0.0,0.0,0.0,0.0,0.0,0.0,0.0,0.0,0.0,0.0,0.0,0.0,0.0,0.0,0.0,0.0,0.0,0.0,0.0,0.0,0.0,0.0,0.0,0.0,0.0,0.0,0.0,0.0,0.0,0.0,0.0,0.0,0.0,0.0,0.0,0.0,0.0,0.0,0.0,0.0,0.0,0.0,0.0,0.0,0.0
frame_00198.jpg,0.0,0.0,0.0,0.0,0.0,0.0,0.0,0.0,0.0,0.0,0.0,0.0,0.0,0.0,0.0,0.0,0.0,0.0,0.0,0.0,0.0,0.0,0.0,0.0,0.0,0.0,0.0,0.0,0.0,0.0,0.0,0.0,0.0,0.0,0.0,0.0,0.0,0.0,0.0,0.0,0.0,0.0,0.0,0.0,0.0,0.0,0.0,0.0,0.0,0.0,0.0,0.0,0.0,0.0,0.0,0.0,0.0,0.0,0.0,0.0,0.0,0.0,0.0,0.0,0.0,0.0,0.0,0.0,0.0,0.0,0.0,0.0,0.0,0.0,0.0,0.0,0.0,0.0,0.0,0.0,0.0,0.0,0.0,0.0,0.0,0.0,0.0,0.0,0.0,0.0,0.0,0.0,0.0,0.0,0.0,0.0,0.0,0.0,0.0
frame_00199.jpg,0.0,0.0,0.0,0.0,0.0,0.0,0.0,0.0,0.0,0.0,0.0,0.0,0.0,0.0,0.0,0.0,0.0,0.0,0.0,0.0,0.0,0.0,0.0,0.0,0.0,0.0,0.0,0.0,0.0,0.0,0.0,0.0,0.0,0.0,0.0,0.0,0.0,0.0,0.0,0.0,0.0,0.0,0.0,0.0,0.0,0.0,0.0,0.0,0.0,0.0,0.0,0.0,0.0,0.0,0.0,0.0,0.0,0.0,0.0,0.0,0.0,0.0,0.0,0.0,0.0,0.0,0.0,0.0,0.0,0.0,0.0,0.0,0.0,0.0,0.0,0.0,0.0,0.0,0.0,0.0,0.0,0.0,0.0,0.0,0.0,0.0,0.0,0.0,0.0,0.0,0.0,0.0,0.0,0.0,0.0,0.0,0.0,0.0,0.0
frame_00200.jpg,0.0,0.0,0.0,0.0,0.0,0.0,0.0,0.0,0.0,0.0,0.0,0.0,0.0,0.0,0.0,0.0,0.0,0.0,0.0,0.0,0.0,0.0,0.0,0.0,0.0,0.0,0.0,0.0,0.0,0.0,0.0,0.0,0.0,0.0,0.0,0.0,0.0,0.0,0.0,0.0,0.0,0.0,0.0,0.0,0.0,0.0,0.0,0.0,0.0,0.0,0.0,0.0,0.0,0.0,0.0,0.0,0.0,0.0,0.0,0.0,0.0,0.0,0.0,0.0,0.0,0.0,0.0,0.0,0.0,0.0,0.0,0.0,0.0,0.0,0.0,0.0,0.0,0.0,0.0,0.0,0.0,0.0,0.0,0.0,0.0,0.0,0.0,0.0,0.0,0.0,0.0,0.0,0.0,0.0,0.0,0.0,0.0,0.0,0.0
frame_00201.jpg,0.0,0.0,0.0,0.0,0.0,0.0,0.0,0.0,0.0,0.0,0.0,0.0,0.0,0.0,0.0,0.0,0.0,0.0,0.0,0.0,0.0,0.0,0.0,0.0,0.0,0.0,0.0,0.0,0.0,0.0,0.0,0.0,0.0,0.0,0.0,0.0,0.0,0.0,0.0,0.0,0.0,0.0,0.0,0.0,0.0,0.0,0.0,0.0,0.0,0.0,0.0,0.0,0.0,0.0,0.0,0.0,0.0,0.0,0.0,0.0,0.0,0.0,0.0,0.0,0.0,0.0,0.0,0.0,0.0,0.0,0.0,0.0,0.0,0.0,0.0,0.0,0.0,0.0,0.0,0.0,0.0,0.0,0.0,0.0,0.0,0.0,0.0,0.0,0.0,0.0,0.0,0.0,0.0,0.0,0.0,0.0,0.0,0.0,0.0
frame_00202.jpg,0.0,0.0,0.0,0.0,0.0,0.0,0.0,0.0,0.0,0.0,0.0,0.0,0.0,0.0,0.0,0.0,0.0,0.0,0.0,0.0,0.0,0.0,0.0,0.0,0.0,0.0,0.0,0.0,0.0,0.0,0.0,0.0,0.0,0.0,0.0,0.0,0.0,0.0,0.0,0.0,0.0,0.0,0.0,0.0,0.0,0.0,0.0,0.0,0.0,0.0,0.0,0.0,0.0,0.0,0.0,0.0,0.0,0.0,0.0,0.0,0.0,0.0,0.0,0.0,0.0,0.0,0.0,0.0,0.0,0.0,0.0,0.0,0.0,0.0,0.0,0.0,0.0,0.0,0.0,0.0,0.0,0.0,0.0,0.0,0.0,0.0,0.0,0.0,0.0,0.0,0.0,0.0,0.0,0.0,0.0,0.0,0.0,0.0,0.0
frame_00203.jpg,0.0,0.0,0.0,0.0,0.0,0.0,0.0,0.0,0.0,0.0,0.0,0.0,0.0,0.0,0.0,0.0,0.0,0.0,0.0,0.0,0.0,0.0,0.0,0.0,0.0,0.0,0.0,0.0,0.0,0.0,0.0,0.0,0.0,0.0,0.0,0.0,0.0,0.0,0.0,0.0,0.0,0.0,0.0,0.0,0.0,0.0,0.0,0.0,0.0,0.0,0.0,0.0,0.0,0.0,0.0,0.0,0.0,0.0,0.0,0.0,0.0,0.0,0.0,0.0,0.0,0.0,0.0,0.0,0.0,0.0,0.0,0.0,0.0,0.0,0.0,0.0,0.0,0.0,0.0,0.0,0.0,0.0,0.0,0.0,0.0,0.0,0.0,0.0,0.0,0.0,0.0,0.0,0.0,0.0,0.0,0.0,0.0,0.0,0.0
frame_00204.jpg,0.0,0.0,0.0,0.0,0.0,0.0,0.0,0.0,0.0,0.0,0.0,0.0,0.0,0.0,0.0,0.0,0.0,0.0,0.0,0.0,0.0,0.0,0.0,0.0,0.0,0.0,0.0,0.0,0.0,0.0,0.0,0.0,0.0,0.0,0.0,0.0,0.0,0.0,0.0,0.0,0.0,0.0,0.0,0.0,0.0,0.0,0.0,0.0,0.0,0.0,0.0,0.0,0.0,0.0,0.0,0.0,0.0,0.0,0.0,0.0,0.0,0.0,0.0,0.0,0.0,0.0,0.0,0.0,0.0,0.0,0.0,0.0,0.0,0.0,0.0,0.0,0.0,0.0,0.0,0.0,0.0,0.0,0.0,0.0,0.0,0.0,0.0,0.0,0.0,0.0,0.0,0.0,0.0,0.0,0.0,0.0,0.0,0.0,0.0
frame_00205.jpg,0.0,0.0,0.0,0.0,0.0,0.0,0.0,0.0,0.0,0.0,0.0,0.0,0.0,0.0,0.0,0.0,0.0,0.0,0.0,0.0,0.0,0.0,0.0,0.0,0.0,0.0,0.0,0.0,0.0,0.0,0.0,0.0,0.0,0.0,0.0,0.0,0.0,0.0,0.0,0.0,0.0,0.0,0.0,0.0,0.0,0.0,0.0,0.0,0.0,0.0,0.0,0.0,0.0,0.0,0.0,0.0,0.0,0.0,0.0,0.0,0.0,0.0,0.0,0.0,0.0,0.0,0.0,0.0,0.0,0.0,0.0,0.0,0.0,0.0,0.0,0.0,0.0,0.0,0.0,0.0,0.0,0.0,0.0,0.0,0.0,0.0,0.0,0.0,0.0,0.0,0.0,0.0,0.0,0.0,0.0,0.0,0.0,0.0,0.0
frame_00206.jpg,0.0,0.0,0.0,0.0,0.0,0.0,0.0,0.0,0.0,0.0,0.0,0.0,0.0,0.0,0.0,0.0,0.0,0.0,0.0,0.0,0.0,0.0,0.0,0.0,0.0,0.0,0.0,0.0,0.0,0.0,0.0,0.0,0.0,0.0,0.0,0.0,0.0,0.0,0.0,0.0,0.0,0.0,0.0,0.0,0.0,0.0,0.0,0.0,0.0,0.0,0.0,0.0,0.0,0.0,0.0,0.0,0.0,0.0,0.0,0.0,0.0,0.0,0.0,0.0,0.0,0.0,0.0,0.0,0.0,0.0,0.0,0.0,0.0,0.0,0.0,0.0,0.0,0.0,0.0,0.0,0.0,0.0,0.0,0.0,0.0,0.0,0.0,0.0,0.0,0.0,0.0,0.0,0.0,0.0,0.0,0.0,0.0,0.0,0.0
frame_00207.jpg,0.0,0.0,0.0,0.0,0.0,0.0,0.0,0.0,0.0,0.0,0.0,0.0,0.0,0.0,0.0,0.0,0.0,0.0,0.0,0.0,0.0,0.0,0.0,0.0,0.0,0.0,0.0,0.0,0.0,0.0,0.0,0.0,0.0,0.0,0.0,0.0,0.0,0.0,0.0,0.0,0.0,0.0,0.0,0.0,0.0,0.0,0.0,0.0,0.0,0.0,0.0,0.0,0.0,0.0,0.0,0.0,0.0,0.0,0.0,0.0,0.0,0.0,0.0,0.0,0.0,0.0,0.0,0.0,0.0,0.0,0.0,0.0,0.0,0.0,0.0,0.0,0.0,0.0,0.0,0.0,0.0,0.0,0.0,0.0,0.0,0.0,0.0,0.0,0.0,0.0,0.0,0.0,0.0,0.0,0.0,0.0,0.0,0.0,0.0
frame_00208.jpg,0.0,0.0,0.0,0.0,0.0,0.0,0.0,0.0,0.0,0.0,0.0,0.0,0.0,0.0,0.0,0.0,0.0,0.0,0.0,0.0,0.0,0.0,0.0,0.0,0.0,0.0,0.0,0.0,0.0,0.0,0.0,0.0,0.0,0.0,0.0,0.0,0.0,0.0,0.0,0.0,0.0,0.0,0.0,0.0,0.0,0.0,0.0,0.0,0.0,0.0,0.0,0.0,0.0,0.0,0.0,0.0,0.0,0.0,0.0,0.0,0.0,0.0,0.0,0.0,0.0,0.0,0.0,0.0,0.0,0.0,0.0,0.0,0.0,0.0,0.0,0.0,0.0,0.0,0.0,0.0,0.0,0.0,0.0,0.0,0.0,0.0,0.0,0.0,0.0,0.0,0.0,0.0,0.0,0.0,0.0,0.0,0.0,0.0,0.0
frame_00209.jpg,0.5138964653015137,0.44508031010627747,-0.35224199295043945,0.5180536508560181,0.43140649795532227,-0.3630578815937042,0.5211226940155029,0.42843368649482727,-0.3632906675338745,0.5242148041725159,0.42578327655792236,-0.36326083540916443,0.5098543763160706,0.43606793880462646,-0.3558846116065979,0.5076499581336975,0.4365408718585968,-0.35613372921943665,0.5053938627243042,0.4369261562824249,-0.3563534915447235,0.5361056923866272,0.4073907136917114,-0.3290441632270813,0.5074349045753479,0.4218640625476837,-0.29399266839027405,0.5232253074645996,0.43948546051979065,-0.32938000559806824,0.5154092907905579,0.4452005624771118,-0.32031774520874023,0.5771045088768005,0.41239434480667114,-0.25082650780677795,0.504020631313324,0.4224875569343567,-0.2126345932483673,0.577545702457428,0.48482516407966614,-0.25457027554512024,0.4871436059474945,0.4888014793395996,-0.28306514024734497,0.5561336278915405,0.4792220890522003,-0.287129670381546,0.5134479403495789,0.4826754331588745,-0.4203399121761322,0.5478692650794983,0.475129634141922,-0.30680420994758606,0.5210802555084229,0.48087501525878906,-0.4583743214607239,0.5515345335006714,0.4636482000350952,-0.3152717351913452,0.5230162739753723,0.4683554768562317,-0.45256298780441284,0.5530802011489868,0.46469441056251526,-0.2899549603462219,0.5221604108810425,0.46826690435409546,-0.4219527840614319,0.5617518424987793,0.5497788786888123,-0.019926883280277252,0.5238342881202698,0.5396632552146912,0.019762126728892326,0.5470552444458008,0.6066973209381104,0.006204099860042334,0.4921019971370697,0.5237815976142883,0.13401491940021515,0.5669699907302856,0.6796706914901733,0.16115586459636688,0.491722047328949,0.5693540573120117,0.2915211021900177,0.5731508135795593,0.6892450451850891,0.1743776947259903,0.4966731667518616,0.581630527973175,0.30611783266067505,0.5543907284736633,0.704207181930542,0.11825237423181534,0.4780896306037903,0.5765405297279358,0.2712940275669098
frame_00210.jpg,0.5150941014289856,0.4442061483860016,-0.497414767742157,0.5187663435935974,0.42981526255607605,-0.4950854778289795,0.521735429763794,0.4276038706302643,-0.4953366816043854,0.5247531533241272,0.42554035782814026,-0.4953400492668152,0.5104192495346069,0.4331090748310089,-0.49413615465164185,0.5079632997512817,0.43362781405448914,-0.49437418580055237,0.5055146813392639,0.43405184149742126,-0.49457359313964844,0.5343431234359741,0.4146815836429596,-0.40854787826538086,0.5056139230728149,0.42446085810661316,-0.40365809202194214,0.5233001112937927,0.4433911442756653,-0.45713669061660767,0.5152286887168884,0.4474734663963318,-0.45687371492385864,0.5662022829055786,0.4480270743370056,-0.2868247926235199,0.4894528388977051,0.4554597735404968,-0.3034321963787079,0.5772099494934082,0.5043708682060242,-0.28002360463142395,0.4595034122467041,0.5107921957969666,-0.3872202932834625,0.5568311810493469,0.4912360906600952,-0.3382095992565155,0.49896949529647827,0.49938899278640747,-0.5473592877388,0.5498393774032593,0.48947426676750183,-0.36205190420150757,0.512161135673523,0.495140939950943,-0.5946862697601318,0.5517295002937317,0.47911423444747925,-0.3723699748516083,0.5194326639175415,0.48927250504493713,-0.5910993814468384,0.5531812310218811,0.47959211468696594,-0.3420131802558899,0.5174747705459595,0.48907580971717834,-0.549916684627533,0.5496400594711304,0.5759896039962769,0.0012127072550356388,0.5106486082077026,0.5786435008049011,-0.0012956038117408752,0.5487208962440491,0.6842461228370667,0.01369834877550602,0.5158673524856567,0.6859397888183594,-0.017043814063072205,0.5638626217842102,0.7838262319564819,0.1940339207649231,0.5116585493087769,0.7712472677230835,0.15939286351203918,0.5566390156745911,0.8000555634498596,0.20542116463184357,0.5145529508590698,0.7849188446998596,0.1726393699645996,0.5787385702133179,0.8072880506515503,0.11320401728153229,0.5042750239372253,0.8048222661018372,0.0758720114827156
frame_00211.jpg,0.5265662670135498,0.4400430917739868,-0.4348577857017517,0.5296556949615479,0.4247246980667114,-0.43305301666259766,0.5326585173606873,0.4227239489555359,-0.4332955479621887,0.5357227921485901,0.4210326373577118,-0.43327444791793823,0.5203982591629028,0.42773208022117615,-0.4330623745918274,0.517148494720459,0.42819011211395264,-0.4332970976829529,0.5138746500015259,0.42853590846061707,-0.4334697723388672,0.5401228666305542,0.4136992394924164,-0.3794376254081726,0.5085052251815796,0.4216649830341339,-0.34833163022994995,0.5321236252784729,0.4421956241130829,-0.3947605490684509,0.5222347974777222,0.44571632146835327,-0.3954969346523285,0.5685926675796509,0.4387545883655548,-0.2363288849592209,0.48757725954055786,0.445965975522995,-0.2560625970363617,0.5853790044784546,0.5028075575828552,-0.25014811754226685,0.4580017030239105,0.5079839825630188,-0.3263471722602844,0.5635852813720703,0.5089707970619202,-0.34291785955429077,0.49675172567367554,0.5027097463607788,-0.5090688467025757,0.5566638112068176,0.5160118341445923,-0.37482115626335144,0.506290853023529,0.4996270537376404,-0.5575698018074036,0.55616694688797,0.5029397010803223,-0.38395360112190247,0.5145989060401917,0.49217575788497925,-0.5191335678100586,0.5574049353599548,0.5002813339233398,-0.347623348236084,0.5119804739952087,0.49012595415115356,-0.5431559681892395,0.5515859723091125,0.5729333758354187,0.004333996679633856,0.5098669528961182,0.5737408399581909,-0.004360949620604515,0.551426112651825,0.6889666318893433,0.022308100014925003,0.5201461315155029,0.6813376545906067,-0.01899642124772072,0.5616706609725952,0.7849002480506897,0.2011614590883255,0.5115615129470825,0.7780546545982361,0.16708604991436005,0.5548856854438782,0.8059320449829102,0.21258322894573212,0.5136018395423889,0.7920382618904114,0.1818009316921234,0.5816057920455933,0.8165226578712463,0.1147468090057373,0.5053339600563049,0.8173757791519165,0.09040462225675583
frame_00212.jpg,0.0,0.0,0.0,0.0,0.0,0.0,0.0,0.0,0.0,0.0,0.0,0.0,0.0,0.0,0.0,0.0,0.0,0.0,0.0,0.0,0.0,0.0,0.0,0.0,0.0,0.0,0.0,0.0,0.0,0.0,0.0,0.0,0.0,0.0,0.0,0.0,0.0,0.0,0.0,0.0,0.0,0.0,0.0,0.0,0.0,0.0,0.0,0.0,0.0,0.0,0.0,0.0,0.0,0.0,0.0,0.0,0.0,0.0,0.0,0.0,0.0,0.0,0.0,0.0,0.0,0.0,0.0,0.0,0.0,0.0,0.0,0.0,0.0,0.0,0.0,0.0,0.0,0.0,0.0,0.0,0.0,0.0,0.0,0.0,0.0,0.0,0.0,0.0,0.0,0.0,0.0,0.0,0.0,0.0,0.0,0.0,0.0,0.0,0.0
frame_00213.jpg,0.0,0.0,0.0,0.0,0.0,0.0,0.0,0.0,0.0,0.0,0.0,0.0,0.0,0.0,0.0,0.0,0.0,0.0,0.0,0.0,0.0,0.0,0.0,0.0,0.0,0.0,0.0,0.0,0.0,0.0,0.0,0.0,0.0,0.0,0.0,0.0,0.0,0.0,0.0,0.0,0.0,0.0,0.0,0.0,0.0,0.0,0.0,0.0,0.0,0.0,0.0,0.0,0.0,0.0,0.0,0.0,0.0,0.0,0.0,0.0,0.0,0.0,0.0,0.0,0.0,0.0,0.0,0.0,0.0,0.0,0.0,0.0,0.0,0.0,0.0,0.0,0.0,0.0,0.0,0.0,0.0,0.0,0.0,0.0,0.0,0.0,0.0,0.0,0.0,0.0,0.0,0.0,0.0,0.0,0.0,0.0,0.0,0.0,0.0
frame_00214.jpg,0.0,0.0,0.0,0.0,0.0,0.0,0.0,0.0,0.0,0.0,0.0,0.0,0.0,0.0,0.0,0.0,0.0,0.0,0.0,0.0,0.0,0.0,0.0,0.0,0.0,0.0,0.0,0.0,0.0,0.0,0.0,0.0,0.0,0.0,0.0,0.0,0.0,0.0,0.0,0.0,0.0,0.0,0.0,0.0,0.0,0.0,0.0,0.0,0.0,0.0,0.0,0.0,0.0,0.0,0.0,0.0,0.0,0.0,0.0,0.0,0.0,0.0,0.0,0.0,0.0,0.0,0.0,0.0,0.0,0.0,0.0,0.0,0.0,0.0,0.0,0.0,0.0,0.0,0.0,0.0,0.0,0.0,0.0,0.0,0.0,0.0,0.0,0.0,0.0,0.0,0.0,0.0,0.0,0.0,0.0,0.0,0.0,0.0,0.0
frame_00215.jpg,0.0,0.0,0.0,0.0,0.0,0.0,0.0,0.0,0.0,0.0,0.0,0.0,0.0,0.0,0.0,0.0,0.0,0.0,0.0,0.0,0.0,0.0,0.0,0.0,0.0,0.0,0.0,0.0,0.0,0.0,0.0,0.0,0.0,0.0,0.0,0.0,0.0,0.0,0.0,0.0,0.0,0.0,0.0,0.0,0.0,0.0,0.0,0.0,0.0,0.0,0.0,0.0,0.0,0.0,0.0,0.0,0.0,0.0,0.0,0.0,0.0,0.0,0.0,0.0,0.0,0.0,0.0,0.0,0.0,0.0,0.0,0.0,0.0,0.0,0.0,0.0,0.0,0.0,0.0,0.0,0.0,0.0,0.0,0.0,0.0,0.0,0.0,0.0,0.0,0.0,0.0,0.0,0.0,0.0,0.0,0.0,0.0,0.0,0.0
frame_00216.jpg,0.0,0.0,0.0,0.0,0.0,0.0,0.0,0.0,0.0,0.0,0.0,0.0,0.0,0.0,0.0,0.0,0.0,0.0,0.0,0.0,0.0,0.0,0.0,0.0,0.0,0.0,0.0,0.0,0.0,0.0,0.0,0.0,0.0,0.0,0.0,0.0,0.0,0.0,0.0,0.0,0.0,0.0,0.0,0.0,0.0,0.0,0.0,0.0,0.0,0.0,0.0,0.0,0.0,0.0,0.0,0.0,0.0,0.0,0.0,0.0,0.0,0.0,0.0,0.0,0.0,0.0,0.0,0.0,0.0,0.0,0.0,0.0,0.0,0.0,0.0,0.0,0.0,0.0,0.0,0.0,0.0,0.0,0.0,0.0,0.0,0.0,0.0,0.0,0.0,0.0,0.0,0.0,0.0,0.0,0.0,0.0,0.0,0.0,0.0
frame_00217.jpg,0.0,0.0,0.0,0.0,0.0,0.0,0.0,0.0,0.0,0.0,0.0,0.0,0.0,0.0,0.0,0.0,0.0,0.0,0.0,0.0,0.0,0.0,0.0,0.0,0.0,0.0,0.0,0.0,0.0,0.0,0.0,0.0,0.0,0.0,0.0,0.0,0.0,0.0,0.0,0.0,0.0,0.0,0.0,0.0,0.0,0.0,0.0,0.0,0.0,0.0,0.0,0.0,0.0,0.0,0.0,0.0,0.0,0.0,0.0,0.0,0.0,0.0,0.0,0.0,0.0,0.0,0.0,0.0,0.0,0.0,0.0,0.0,0.0,0.0,0.0,0.0,0.0,0.0,0.0,0.0,0.0,0.0,0.0,0.0,0.0,0.0,0.0,0.0,0.0,0.0,0.0,0.0,0.0,0.0,0.0,0.0,0.0,0.0,0.0
frame_00218.jpg,0.0,0.0,0.0,0.0,0.0,0.0,0.0,0.0,0.0,0.0,0.0,0.0,0.0,0.0,0.0,0.0,0.0,0.0,0.0,0.0,0.0,0.0,0.0,0.0,0.0,0.0,0.0,0.0,0.0,0.0,0.0,0.0,0.0,0.0,0.0,0.0,0.0,0.0,0.0,0.0,0.0,0.0,0.0,0.0,0.0,0.0,0.0,0.0,0.0,0.0,0.0,0.0,0.0,0.0,0.0,0.0,0.0,0.0,0.0,0.0,0.0,0.0,0.0,0.0,0.0,0.0,0.0,0.0,0.0,0.0,0.0,0.0,0.0,0.0,0.0,0.0,0.0,0.0,0.0,0.0,0.0,0.0,0.0,0.0,0.0,0.0,0.0,0.0,0.0,0.0,0.0,0.0,0.0,0.0,0.0,0.0,0.0,0.0,0.0
frame_00219.jpg,0.0,0.0,0.0,0.0,0.0,0.0,0.0,0.0,0.0,0.0,0.0,0.0,0.0,0.0,0.0,0.0,0.0,0.0,0.0,0.0,0.0,0.0,0.0,0.0,0.0,0.0,0.0,0.0,0.0,0.0,0.0,0.0,0.0,0.0,0.0,0.0,0.0,0.0,0.0,0.0,0.0,0.0,0.0,0.0,0.0,0.0,0.0,0.0,0.0,0.0,0.0,0.0,0.0,0.0,0.0,0.0,0.0,0.0,0.0,0.0,0.0,0.0,0.0,0.0,0.0,0.0,0.0,0.0,0.0,0.0,0.0,0.0,0.0,0.0,0.0,0.0,0.0,0.0,0.0,0.0,0.0,0.0,0.0,0.0,0.0,0.0,0.0,0.0,0.0,0.0,0.0,0.0,0.0,0.0,0.0,0.0,0.0,0.0,0.0
frame_00220.jpg,0.0,0.0,0.0,0.0,0.0,0.0,0.0,0.0,0.0,0.0,0.0,0.0,0.0,0.0,0.0,0.0,0.0,0.0,0.0,0.0,0.0,0.0,0.0,0.0,0.0,0.0,0.0,0.0,0.0,0.0,0.0,0.0,0.0,0.0,0.0,0.0,0.0,0.0,0.0,0.0,0.0,0.0,0.0,0.0,0.0,0.0,0.0,0.0,0.0,0.0,0.0,0.0,0.0,0.0,0.0,0.0,0.0,0.0,0.0,0.0,0.0,0.0,0.0,0.0,0.0,0.0,0.0,0.0,0.0,0.0,0.0,0.0,0.0,0.0,0.0,0.0,0.0,0.0,0.0,0.0,0.0,0.0,0.0,0.0,0.0,0.0,0.0,0.0,0.0,0.0,0.0,0.0,0.0,0.0,0.0,0.0,0.0,0.0,0.0
frame_00221.jpg,0.0,0.0,0.0,0.0,0.0,0.0,0.0,0.0,0.0,0.0,0.0,0.0,0.0,0.0,0.0,0.0,0.0,0.0,0.0,0.0,0.0,0.0,0.0,0.0,0.0,0.0,0.0,0.0,0.0,0.0,0.0,0.0,0.0,0.0,0.0,0.0,0.0,0.0,0.0,0.0,0.0,0.0,0.0,0.0,0.0,0.0,0.0,0.0,0.0,0.0,0.0,0.0,0.0,0.0,0.0,0.0,0.0,0.0,0.0,0.0,0.0,0.0,0.0,0.0,0.0,0.0,0.0,0.0,0.0,0.0,0.0,0.0,0.0,0.0,0.0,0.0,0.0,0.0,0.0,0.0,0.0,0.0,0.0,0.0,0.0,0.0,0.0,0.0,0.0,0.0,0.0,0.0,0.0,0.0,0.0,0.0,0.0,0.0,0.0
frame_00222.jpg,0.0,0.0,0.0,0.0,0.0,0.0,0.0,0.0,0.0,0.0,0.0,0.0,0.0,0.0,0.0,0.0,0.0,0.0,0.0,0.0,0.0,0.0,0.0,0.0,0.0,0.0,0.0,0.0,0.0,0.0,0.0,0.0,0.0,0.0,0.0,0.0,0.0,0.0,0.0,0.0,0.0,0.0,0.0,0.0,0.0,0.0,0.0,0.0,0.0,0.0,0.0,0.0,0.0,0.0,0.0,0.0,0.0,0.0,0.0,0.0,0.0,0.0,0.0,0.0,0.0,0.0,0.0,0.0,0.0,0.0,0.0,0.0,0.0,0.0,0.0,0.0,0.0,0.0,0.0,0.0,0.0,0.0,0.0,0.0,0.0,0.0,0.0,0.0,0.0,0.0,0.0,0.0,0.0,0.0,0.0,0.0,0.0,0.0,0.0
frame_00223.jpg,0.0,0.0,0.0,0.0,0.0,0.0,0.0,0.0,0.0,0.0,0.0,0.0,0.0,0.0,0.0,0.0,0.0,0.0,0.0,0.0,0.0,0.0,0.0,0.0,0.0,0.0,0.0,0.0,0.0,0.0,0.0,0.0,0.0,0.0,0.0,0.0,0.0,0.0,0.0,0.0,0.0,0.0,0.0,0.0,0.0,0.0,0.0,0.0,0.0,0.0,0.0,0.0,0.0,0.0,0.0,0.0,0.0,0.0,0.0,0.0,0.0,0.0,0.0,0.0,0.0,0.0,0.0,0.0,0.0,0.0,0.0,0.0,0.0,0.0,0.0,0.0,0.0,0.0,0.0,0.0,0.0,0.0,0.0,0.0,0.0,0.0,0.0,0.0,0.0,0.0,0.0,0.0,0.0,0.0,0.0,0.0,0.0,0.0,0.0
frame_00224.jpg,0.0,0.0,0.0,0.0,0.0,0.0,0.0,0.0,0.0,0.0,0.0,0.0,0.0,0.0,0.0,0.0,0.0,0.0,0.0,0.0,0.0,0.0,0.0,0.0,0.0,0.0,0.0,0.0,0.0,0.0,0.0,0.0,0.0,0.0,0.0,0.0,0.0,0.0,0.0,0.0,0.0,0.0,0.0,0.0,0.0,0.0,0.0,0.0,0.0,0.0,0.0,0.0,0.0,0.0,0.0,0.0,0.0,0.0,0.0,0.0,0.0,0.0,0.0,0.0,0.0,0.0,0.0,0.0,0.0,0.0,0.0,0.0,0.0,0.0,0.0,0.0,0.0,0.0,0.0,0.0,0.0,0.0,0.0,0.0,0.0,0.0,0.0,0.0,0.0,0.0,0.0,0.0,0.0,0.0,0.0,0.0,0.0,0.0,0.0
frame_00225.jpg,0.0,0.0,0.0,0.0,0.0,0.0,0.0,0.0,0.0,0.0,0.0,0.0,0.0,0.0,0.0,0.0,0.0,0.0,0.0,0.0,0.0,0.0,0.0,0.0,0.0,0.0,0.0,0.0,0.0,0.0,0.0,0.0,0.0,0.0,0.0,0.0,0.0,0.0,0.0,0.0,0.0,0.0,0.0,0.0,0.0,0.0,0.0,0.0,0.0,0.0,0.0,0.0,0.0,0.0,0.0,0.0,0.0,0.0,0.0,0.0,0.0,0.0,0.0,0.0,0.0,0.0,0.0,0.0,0.0,0.0,0.0,0.0,0.0,0.0,0.0,0.0,0.0,0.0,0.0,0.0,0.0,0.0,0.0,0.0,0.0,0.0,0.0,0.0,0.0,0.0,0.0,0.0,0.0,0.0,0.0,0.0,0.0,0.0,0.0
frame_00226.jpg,0.0,0.0,0.0,0.0,0.0,0.0,0.0,0.0,0.0,0.0,0.0,0.0,0.0,0.0,0.0,0.0,0.0,0.0,0.0,0.0,0.0,0.0,0.0,0.0,0.0,0.0,0.0,0.0,0.0,0.0,0.0,0.0,0.0,0.0,0.0,0.0,0.0,0.0,0.0,0.0,0.0,0.0,0.0,0.0,0.0,0.0,0.0,0.0,0.0,0.0,0.0,0.0,0.0,0.0,0.0,0.0,0.0,0.0,0.0,0.0,0.0,0.0,0.0,0.0,0.0,0.0,0.0,0.0,0.0,0.0,0.0,0.0,0.0,0.0,0.0,0.0,0.0,0.0,0.0,0.0,0.0,0.0,0.0,0.0,0.0,0.0,0.0,0.0,0.0,0.0,0.0,0.0,0.0,0.0,0.0,0.0,0.0,0.0,0.0
frame_00227.jpg,0.0,0.0,0.0,0.0,0.0,0.0,0.0,0.0,0.0,0.0,0.0,0.0,0.0,0.0,0.0,0.0,0.0,0.0,0.0,0.0,0.0,0.0,0.0,0.0,0.0,0.0,0.0,0.0,0.0,0.0,0.0,0.0,0.0,0.0,0.0,0.0,0.0,0.0,0.0,0.0,0.0,0.0,0.0,0.0,0.0,0.0,0.0,0.0,0.0,0.0,0.0,0.0,0.0,0.0,0.0,0.0,0.0,0.0,0.0,0.0,0.0,0.0,0.0,0.0,0.0,0.0,0.0,0.0,0.0,0.0,0.0,0.0,0.0,0.0,0.0,0.0,0.0,0.0,0.0,0.0,0.0,0.0,0.0,0.0,0.0,0.0,0.0,0.0,0.0,0.0,0.0,0.0,0.0,0.0,0.0,0.0,0.0,0.0,0.0
frame_00228.jpg,0.0,0.0,0.0,0.0,0.0,0.0,0.0,0.0,0.0,0.0,0.0,0.0,0.0,0.0,0.0,0.0,0.0,0.0,0.0,0.0,0.0,0.0,0.0,0.0,0.0,0.0,0.0,0.0,0.0,0.0,0.0,0.0,0.0,0.0,0.0,0.0,0.0,0.0,0.0,0.0,0.0,0.0,0.0,0.0,0.0,0.0,0.0,0.0,0.0,0.0,0.0,0.0,0.0,0.0,0.0,0.0,0.0,0.0,0.0,0.0,0.0,0.0,0.0,0.0,0.0,0.0,0.0,0.0,0.0,0.0,0.0,0.0,0.0,0.0,0.0,0.0,0.0,0.0,0.0,0.0,0.0,0.0,0.0,0.0,0.0,0.0,0.0,0.0,0.0,0.0,0.0,0.0,0.0,0.0,0.0,0.0,0.0,0.0,0.0
frame_00229.jpg,0.0,0.0,0.0,0.0,0.0,0.0,0.0,0.0,0.0,0.0,0.0,0.0,0.0,0.0,0.0,0.0,0.0,0.0,0.0,0.0,0.0,0.0,0.0,0.0,0.0,0.0,0.0,0.0,0.0,0.0,0.0,0.0,0.0,0.0,0.0,0.0,0.0,0.0,0.0,0.0,0.0,0.0,0.0,0.0,0.0,0.0,0.0,0.0,0.0,0.0,0.0,0.0,0.0,0.0,0.0,0.0,0.0,0.0,0.0,0.0,0.0,0.0,0.0,0.0,0.0,0.0,0.0,0.0,0.0,0.0,0.0,0.0,0.0,0.0,0.0,0.0,0.0,0.0,0.0,0.0,0.0,0.0,0.0,0.0,0.0,0.0,0.0,0.0,0.0,0.0,0.0,0.0,0.0,0.0,0.0,0.0,0.0,0.0,0.0
frame_00230.jpg,0.0,0.0,0.0,0.0,0.0,0.0,0.0,0.0,0.0,0.0,0.0,0.0,0.0,0.0,0.0,0.0,0.0,0.0,0.0,0.0,0.0,0.0,0.0,0.0,0.0,0.0,0.0,0.0,0.0,0.0,0.0,0.0,0.0,0.0,0.0,0.0,0.0,0.0,0.0,0.0,0.0,0.0,0.0,0.0,0.0,0.0,0.0,0.0,0.0,0.0,0.0,0.0,0.0,0.0,0.0,0.0,0.0,0.0,0.0,0.0,0.0,0.0,0.0,0.0,0.0,0.0,0.0,0.0,0.0,0.0,0.0,0.0,0.0,0.0,0.0,0.0,0.0,0.0,0.0,0.0,0.0,0.0,0.0,0.0,0.0,0.0,0.0,0.0,0.0,0.0,0.0,0.0,0.0,0.0,0.0,0.0,0.0,0.0,0.0
frame_00231.jpg,0.0,0.0,0.0,0.0,0.0,0.0,0.0,0.0,0.0,0.0,0.0,0.0,0.0,0.0,0.0,0.0,0.0,0.0,0.0,0.0,0.0,0.0,0.0,0.0,0.0,0.0,0.0,0.0,0.0,0.0,0.0,0.0,0.0,0.0,0.0,0.0,0.0,0.0,0.0,0.0,0.0,0.0,0.0,0.0,0.0,0.0,0.0,0.0,0.0,0.0,0.0,0.0,0.0,0.0,0.0,0.0,0.0,0.0,0.0,0.0,0.0,0.0,0.0,0.0,0.0,0.0,0.0,0.0,0.0,0.0,0.0,0.0,0.0,0.0,0.0,0.0,0.0,0.0,0.0,0.0,0.0,0.0,0.0,0.0,0.0,0.0,0.0,0.0,0.0,0.0,0.0,0.0,0.0,0.0,0.0,0.0,0.0,0.0,0.0
frame_00232.jpg,0.0,0.0,0.0,0.0,0.0,0.0,0.0,0.0,0.0,0.0,0.0,0.0,0.0,0.0,0.0,0.0,0.0,0.0,0.0,0.0,0.0,0.0,0.0,0.0,0.0,0.0,0.0,0.0,0.0,0.0,0.0,0.0,0.0,0.0,0.0,0.0,0.0,0.0,0.0,0.0,0.0,0.0,0.0,0.0,0.0,0.0,0.0,0.0,0.0,0.0,0.0,0.0,0.0,0.0,0.0,0.0,0.0,0.0,0.0,0.0,0.0,0.0,0.0,0.0,0.0,0.0,0.0,0.0,0.0,0.0,0.0,0.0,0.0,0.0,0.0,0.0,0.0,0.0,0.0,0.0,0.0,0.0,0.0,0.0,0.0,0.0,0.0,0.0,0.0,0.0,0.0,0.0,0.0,0.0,0.0,0.0,0.0,0.0,0.0
frame_00233.jpg,0.0,0.0,0.0,0.0,0.0,0.0,0.0,0.0,0.0,0.0,0.0,0.0,0.0,0.0,0.0,0.0,0.0,0.0,0.0,0.0,0.0,0.0,0.0,0.0,0.0,0.0,0.0,0.0,0.0,0.0,0.0,0.0,0.0,0.0,0.0,0.0,0.0,0.0,0.0,0.0,0.0,0.0,0.0,0.0,0.0,0.0,0.0,0.0,0.0,0.0,0.0,0.0,0.0,0.0,0.0,0.0,0.0,0.0,0.0,0.0,0.0,0.0,0.0,0.0,0.0,0.0,0.0,0.0,0.0,0.0,0.0,0.0,0.0,0.0,0.0,0.0,0.0,0.0,0.0,0.0,0.0,0.0,0.0,0.0,0.0,0.0,0.0,0.0,0.0,0.0,0.0,0.0,0.0,0.0,0.0,0.0,0.0,0.0,0.0
frame_00234.jpg,0.0,0.0,0.0,0.0,0.0,0.0,0.0,0.0,0.0,0.0,0.0,0.0,0.0,0.0,0.0,0.0,0.0,0.0,0.0,0.0,0.0,0.0,0.0,0.0,0.0,0.0,0.0,0.0,0.0,0.0,0.0,0.0,0.0,0.0,0.0,0.0,0.0,0.0,0.0,0.0,0.0,0.0,0.0,0.0,0.0,0.0,0.0,0.0,0.0,0.0,0.0,0.0,0.0,0.0,0.0,0.0,0.0,0.0,0.0,0.0,0.0,0.0,0.0,0.0,0.0,0.0,0.0,0.0,0.0,0.0,0.0,0.0,0.0,0.0,0.0,0.0,0.0,0.0,0.0,0.0,0.0,0.0,0.0,0.0,0.0,0.0,0.0,0.0,0.0,0.0,0.0,0.0,0.0,0.0,0.0,0.0,0.0,0.0,0.0
frame_00235.jpg,0.0,0.0,0.0,0.0,0.0,0.0,0.0,0.0,0.0,0.0,0.0,0.0,0.0,0.0,0.0,0.0,0.0,0.0,0.0,0.0,0.0,0.0,0.0,0.0,0.0,0.0,0.0,0.0,0.0,0.0,0.0,0.0,0.0,0.0,0.0,0.0,0.0,0.0,0.0,0.0,0.0,0.0,0.0,0.0,0.0,0.0,0.0,0.0,0.0,0.0,0.0,0.0,0.0,0.0,0.0,0.0,0.0,0.0,0.0,0.0,0.0,0.0,0.0,0.0,0.0,0.0,0.0,0.0,0.0,0.0,0.0,0.0,0.0,0.0,0.0,0.0,0.0,0.0,0.0,0.0,0.0,0.0,0.0,0.0,0.0,0.0,0.0,0.0,0.0,0.0,0.0,0.0,0.0,0.0,0.0,0.0,0.0,0.0,0.0
frame_00236.jpg,0.0,0.0,0.0,0.0,0.0,0.0,0.0,0.0,0.0,0.0,0.0,0.0,0.0,0.0,0.0,0.0,0.0,0.0,0.0,0.0,0.0,0.0,0.0,0.0,0.0,0.0,0.0,0.0,0.0,0.0,0.0,0.0,0.0,0.0,0.0,0.0,0.0,0.0,0.0,0.0,0.0,0.0,0.0,0.0,0.0,0.0,0.0,0.0,0.0,0.0,0.0,0.0,0.0,0.0,0.0,0.0,0.0,0.0,0.0,0.0,0.0,0.0,0.0,0.0,0.0,0.0,0.0,0.0,0.0,0.0,0.0,0.0,0.0,0.0,0.0,0.0,0.0,0.0,0.0,0.0,0.0,0.0,0.0,0.0,0.0,0.0,0.0,0.0,0.0,0.0,0.0,0.0,0.0,0.0,0.0,0.0,0.0,0.0,0.0
frame_00237.jpg,0.5350754857063293,0.46004384756088257,-0.6569828987121582,0.5373895168304443,0.4506538510322571,-0.6731410026550293,0.5396493077278137,0.4483030438423157,-0.6735740303993225,0.541965663433075,0.4465146064758301,-0.6735667586326599,0.5288861989974976,0.45278266072273254,-0.6753889322280884,0.5261554718017578,0.45274609327316284,-0.6757882237434387,0.5233765840530396,0.45255833864212036,-0.6760881543159485,0.5462898015975952,0.42760807275772095,-0.6211297512054443,0.5165289640426636,0.4339805245399475,-0.6324591040611267,0.5390999913215637,0.452878475189209,-0.6214321255683899,0.5318543314933777,0.4567984938621521,-0.6258395910263062,0.5906174778938293,0.43420228362083435,-0.4654240608215332,0.4840218126773834,0.42984703183174133,-0.5052266716957092,0.5761764049530029,0.530472993850708,-0.30795544385910034,0.44412916898727417,0.5267020463943481,-0.5637512803077698,0.547240138053894,0.5884952545166016,-0.23734566569328308,0.495967298746109,0.5122272968292236,-0.7408980131149292,0.541721761226654,0.6060013175010681,-0.2505274713039398,0.513782262802124,0.5103763937950134,-0.800080418586731,0.5401039123535156,0.5971062779426575,-0.2738536596298218,0.5159015655517578,0.4942338168621063,-0.7997011542320251,0.5413534045219421,0.587384819984436,-0.24269428849220276,0.5116345882415771,0.4930190443992615,-0.7443405389785767,0.562046229839325,0.5466883182525635,0.014730194583535194,0.501460611820221,0.5332407355308533,-0.014707863330841064,0.5651971697807312,0.7132202386856079,0.04863409325480461,0.48811784386634827,0.637988805770874,0.004504711367189884,0.5293290615081787,0.7519216537475586,0.4893607497215271,0.4778273105621338,0.7093924283981323,0.41840261220932007,0.5201170444488525,0.7494859099388123,0.5324100255966187,0.4794180393218994,0.7137788534164429,0.4613950848579407,0.537669837474823,0.8033164739608765,0.4974368214607239,0.4728730618953705,0.7644098401069641,0.4149537682533264
frame_00238.jpg,0.5449748635292053,0.48091331124305725,-0.7804929614067078,0.5520553588867188,0.4718458354473114,-0.7905170917510986,0.5541791915893555,0.47040048241615295,-0.7909642457962036,0.5634230375289917,0.4763621687889099,-0.7909681797027588,0.5437448620796204,0.47127005457878113,-0.798932671546936,0.5413760542869568,0.4701758325099945,-0.7992997169494629,0.536677360534668,0.46765634417533875,-0.799557089805603,0.5673255324363708,0.4535776674747467,-0.6979883909225464,0.5282127261161804,0.44063010811805725,-0.7372251749038696,0.5464719533920288,0.47111451625823975,-0.7277653217315674,0.5381224751472473,0.4707545042037964,-0.74052494764328,0.590718150138855,0.4378489553928375,-0.4861834943294525,0.4842858910560608,0.4143282473087311,-0.5483019948005676,0.5766854286193848,0.5268875360488892,-0.29097849130630493,0.44673681259155273,0.5222726464271545,-0.5616790056228638,0.5601388216018677,0.5775578022003174,-0.18466438353061676,0.49741944670677185,0.5125800967216492,-0.6853806376457214,0.5584462881088257,0.591630220413208,-0.1859670877456665,0.5143455266952515,0.5111180543899536,-0.7318485379219055,0.5592566728591919,0.5832948684692383,-0.21926775574684143,0.5170899629592896,0.4954197108745575,-0.7390401363372803,0.5584574937820435,0.5748912692070007,-0.1928655505180359,0.5131679773330688,0.4953404366970062,-0.689517617225647,0.5609385371208191,0.5027942657470703,0.014761698432266712,0.5004100799560547,0.4913712441921234,-0.014740226790308952,0.557599663734436,0.6527417302131653,-0.077410988509655,0.49590712785720825,0.6357908248901367,-0.13222655653953552,0.529759407043457,0.7734459638595581,0.07326454669237137,0.48330098390579224,0.7863589525222778,0.03717038780450821,0.5239846110343933,0.803062379360199,0.07855832576751709,0.4837185740470886,0.8121849298477173,0.04742647334933281,0.5379721522331238,0.819994330406189,-0.057464249432086945,0.4761231541633606,0.822744607925415,-0.0935630053281784
frame_00239.jpg,0.5431396961212158,0.4481375813484192,-0.722058892250061,0.5497122406959534,0.43759143352508545,-0.7346618175506592,0.5521475076675415,0.43682941794395447,-0.7350942492485046,0.5576273798942566,0.43770959973335266,-0.7350804209709167,0.5411843061447144,0.43607577681541443,-0.7382325530052185,0.5387231111526489,0.4351651966571808,-0.7386215925216675,0.5350977778434753,0.43388763070106506,-0.7389081716537476,0.56685870885849,0.4256446659564972,-0.6649247407913208,0.5266456604003906,0.41789835691452026,-0.6726281046867371,0.5463992357254028,0.44715842604637146,-0.6798464059829712,0.5378729104995728,0.4469475746154785,-0.6852105855941772,0.588518500328064,0.44051286578178406,-0.4952128827571869,0.4892824590206146,0.41047900915145874,-0.49276405572891235,0.559758722782135,0.5405504703521729,-0.44672632217407227,0.4559829831123352,0.504250168800354,-0.49097856879234314,0.5397725701332092,0.5913404226303101,-0.5132318139076233,0.4882749021053314,0.528602659702301,-0.6188157796859741,0.5370141863822937,0.6071665287017822,-0.5521470308303833,0.49381667375564575,0.5424145460128784,-0.6684912443161011,0.5362271070480347,0.5955053567886353,-0.5782217383384705,0.5027740001678467,0.5297974944114685,-0.6863157153129578,0.5355866551399231,0.5867059826850891,-0.5234550833702087,0.5026577711105347,0.5222923755645752,-0.6289169192314148,0.5576705932617188,0.5140858888626099,0.0015627254033461213,0.502700924873352,0.5009931921958923,-0.001575147151015699,0.5467814207077026,0.66334068775177,-0.024604689329862595,0.4955788552761078,0.6319586634635925,-0.1306021362543106,0.5290600061416626,0.7825242280960083,0.17902275919914246,0.4925081729888916,0.7562578916549683,0.21977373957633972,0.5232251882553101,0.8026655316352844,0.19001586735248566,0.49832940101623535,0.7714053392410278,0.24057535827159882,0.5337938666343689,0.8294256925582886,0.0549786314368248,0.4831879138946533,0.8072534203529358,0.12318767607212067
